        0.0000   1.167166   0.385285   1.552451 
      100.0000  -0.133432   0.383322   0.249890 
      200.0000  -0.244701   0.387045   0.142345 
      300.0000  -0.335968   0.371273   0.035305 
      400.0000  -0.378629   0.381700   0.003072 
      500.0000  -0.406087   0.380216  -0.025871 
      600.0000  -0.427025   0.382466  -0.044559 
      700.0000  -0.442233   0.382458  -0.059775 
      800.0000  -0.467129   0.382148  -0.084982 
      900.0000  -0.474737   0.391209  -0.083528 
     1000.0000  -0.490125   0.379338  -0.110786 
     1100.0000  -0.503989   0.386990  -0.116999 
     1200.0000  -0.521336   0.388577  -0.132759 
     1300.0000  -0.523049   0.393166  -0.129884 
     1400.0000  -0.549829   0.386394  -0.163436 
     1500.0000  -0.563888   0.375843  -0.188045 
     1600.0000  -0.565053   0.381874  -0.183179 
     1700.0000  -0.561189   0.377533  -0.183656 
     1800.0000  -0.554714   0.390234  -0.164480 
     1900.0000  -0.556794   0.383156  -0.173638 
     2000.0000  -0.556474   0.384949  -0.171525 
     2100.0000  -0.548642   0.387277  -0.161364 
     2200.0000  -0.555434   0.389117  -0.166317 
     2300.0000  -0.560963   0.397192  -0.163771 
     2400.0000  -0.578047   0.383109  -0.194938 
     2500.0000  -0.559313   0.375138  -0.184175 
     2600.0000  -0.552894   0.380970  -0.171925 
     2700.0000  -0.542652   0.377863  -0.164789 
     2800.0000  -0.557147   0.390331  -0.166815 
     2900.0000  -0.571784   0.375651  -0.196133 
     3000.0000  -0.577608   0.383723  -0.193885 
     3100.0000  -0.581598   0.384761  -0.196838 
     3200.0000  -0.585997   0.384542  -0.201455 
     3300.0000  -0.573176   0.382306  -0.190870 
     3400.0000  -0.584811   0.376512  -0.208299 
     3500.0000  -0.586467   0.385761  -0.200707 
     3600.0000  -0.593348   0.382658  -0.210690 
     3700.0000  -0.581077   0.377540  -0.203537 
     3800.0000  -0.583102   0.380274  -0.202827 
     3900.0000  -0.572160   0.386737  -0.185423 
     4000.0000  -0.549356   0.386250  -0.163107 
     4100.0000  -0.552176   0.387626  -0.164550 
     4200.0000  -0.567022   0.381397  -0.185625 
     4300.0000  -0.580099   0.379831  -0.200269 
     4400.0000  -0.594795   0.376391  -0.218404 
     4500.0000  -0.575211   0.380840  -0.194371 
     4600.0000  -0.579859   0.385048  -0.194811 
     4700.0000  -0.596668   0.382604  -0.214063 
     4800.0000  -0.591552   0.385137  -0.206415 
     4900.0000  -0.575222   0.386748  -0.188473 
     5000.0000  -0.569399   0.385242  -0.184157 
     5100.0000  -0.576843   0.390330  -0.186513 
     5200.0000  -0.584290   0.381704  -0.202586 
     5300.0000  -0.578444   0.380332  -0.198111 
     5400.0000  -0.596463   0.382764  -0.213699 
     5500.0000  -0.607980   0.373616  -0.234364 
     5600.0000  -0.605934   0.384935  -0.220999 
     5700.0000  -0.594627   0.382526  -0.212101 
     5800.0000  -0.577540   0.383321  -0.194219 
     5900.0000  -0.582050   0.382178  -0.199872 
     6000.0000  -0.579684   0.393769  -0.185916 
     6100.0000  -0.580920   0.387692  -0.193228 
     6200.0000  -0.615116   0.381776  -0.233340 
     6300.0000  -0.612807   0.380055  -0.232752 
     6400.0000  -0.610555   0.376331  -0.234224 
     6500.0000  -0.595178   0.382355  -0.212823 
     6600.0000  -0.589969   0.383195  -0.206774 
     6700.0000  -0.574644   0.390165  -0.184480 
     6800.0000  -0.586908   0.385085  -0.201823 
     6900.0000  -0.568889   0.380471  -0.188418 
     7000.0000  -0.592026   0.387557  -0.204469 
     7100.0000  -0.583159   0.383215  -0.199944 
     7200.0000  -0.586895   0.389339  -0.197556 
     7300.0000  -0.579796   0.389653  -0.190143 
     7400.0000  -0.587111   0.380235  -0.206876 
     7500.0000  -0.591077   0.388031  -0.203047 
     7600.0000  -0.561031   0.385115  -0.175916 
     7700.0000  -0.577890   0.375670  -0.202220 
     7800.0000  -0.572563   0.388829  -0.183734 
     7900.0000  -0.564849   0.377369  -0.187480 
     8000.0000  -0.575420   0.385679  -0.189741 
     8100.0000  -0.580629   0.393490  -0.187138 
     8200.0000  -0.600572   0.388071  -0.212501 
     8300.0000  -0.586078   0.377242  -0.208836 
     8400.0000  -0.588647   0.382888  -0.205759 
     8500.0000  -0.587809   0.388413  -0.199396 
     8600.0000  -0.584121   0.381354  -0.202766 
     8700.0000  -0.562601   0.376868  -0.185733 
     8800.0000  -0.559586   0.376815  -0.182772 
     8900.0000  -0.572499   0.387655  -0.184844 
     9000.0000  -0.591617   0.388572  -0.203044 
     9100.0000  -0.602309   0.375942  -0.226367 
     9200.0000  -0.608796   0.388374  -0.220423 
     9300.0000  -0.592601   0.379066  -0.213535 
     9400.0000  -0.613369   0.386182  -0.227186 
     9500.0000  -0.600234   0.382355  -0.217879 
     9600.0000  -0.600376   0.381217  -0.219159 
     9700.0000  -0.593945   0.373999  -0.219945 
     9800.0000  -0.583596   0.397487  -0.186109 
     9900.0000  -0.573034   0.386655  -0.186379 
    10000.0000  -0.581422   0.380726  -0.200697 
    10100.0000  -0.594594   0.391107  -0.203487 
    10200.0000  -0.590056   0.381317  -0.208739 
    10300.0000  -0.580736   0.394582  -0.186154 
    10400.0000  -0.585308   0.389374  -0.195934 
    10500.0000  -0.589390   0.389588  -0.199802 
    10600.0000  -0.586797   0.375667  -0.211130 
    10700.0000  -0.595491   0.373388  -0.222103 
    10800.0000  -0.596607   0.379703  -0.216904 
    10900.0000  -0.597791   0.385874  -0.211916 
    11000.0000  -0.594199   0.385453  -0.208746 
    11100.0000  -0.605743   0.383534  -0.222208 
    11200.0000  -0.620780   0.381363  -0.239417 
    11300.0000  -0.603612   0.368528  -0.235084 
    11400.0000  -0.600447   0.389044  -0.211403 
    11500.0000  -0.586507   0.382356  -0.204151 
    11600.0000  -0.619070   0.378025  -0.241044 
    11700.0000  -0.616079   0.383962  -0.232117 
    11800.0000  -0.607197   0.391604  -0.215593 
    11900.0000  -0.588037   0.385040  -0.202997 
    12000.0000  -0.593625   0.384194  -0.209431 
    12100.0000  -0.590069   0.378520  -0.211549 
    12200.0000  -0.591997   0.389771  -0.202226 
    12300.0000  -0.584166   0.378357  -0.205809 
    12400.0000  -0.585388   0.390186  -0.195202 
    12500.0000  -0.603559   0.386786  -0.216772 
    12600.0000  -0.615188   0.373185  -0.242003 
    12700.0000  -0.605642   0.381862  -0.223780 
    12800.0000  -0.589957   0.395201  -0.194756 
    12900.0000  -0.610063   0.387959  -0.222104 
    13000.0000  -0.603142   0.383588  -0.219554 
    13100.0000  -0.607517   0.384680  -0.222837 
    13200.0000  -0.591922   0.391571  -0.200351 
    13300.0000  -0.580628   0.384981  -0.195647 
    13400.0000  -0.570823   0.375627  -0.195195 
    13500.0000  -0.573877   0.376825  -0.197052 
    13600.0000  -0.575420   0.382647  -0.192773 
    13700.0000  -0.592689   0.384693  -0.207996 
    13800.0000  -0.581266   0.375307  -0.205959 
    13900.0000  -0.573849   0.386349  -0.187500 
    14000.0000  -0.558986   0.388619  -0.170366 
    14100.0000  -0.571561   0.389554  -0.182008 
    14200.0000  -0.566860   0.383418  -0.183442 
    14300.0000  -0.581491   0.388289  -0.193202 
    14400.0000  -0.571733   0.385910  -0.185823 
    14500.0000  -0.588801   0.391192  -0.197609 
    14600.0000  -0.591980   0.387529  -0.204451 
    14700.0000  -0.596937   0.389817  -0.207120 
    14800.0000  -0.600386   0.379485  -0.220901 
    14900.0000  -0.604880   0.387779  -0.217101 
    15000.0000  -0.612465   0.379755  -0.232710 
    15100.0000  -0.603672   0.392975  -0.210697 
    15200.0000  -0.608811   0.380516  -0.228295 
    15300.0000  -0.604379   0.391940  -0.212439 
    15400.0000  -0.606521   0.382776  -0.223745 
    15500.0000  -0.608541   0.384020  -0.224520 
    15600.0000  -0.598365   0.388414  -0.209951 
    15700.0000  -0.590252   0.381958  -0.208294 
    15800.0000  -0.582909   0.383073  -0.199836 
    15900.0000  -0.580123   0.383554  -0.196569 
    16000.0000  -0.578178   0.396570  -0.181608 
    16100.0000  -0.586121   0.385733  -0.200387 
    16200.0000  -0.557413   0.383885  -0.173528 
    16300.0000  -0.570111   0.380699  -0.189412 
    16400.0000  -0.581272   0.386489  -0.194783 
    16500.0000  -0.590867   0.390699  -0.200168 
    16600.0000  -0.584807   0.385187  -0.199620 
    16700.0000  -0.590497   0.387592  -0.202905 
    16800.0000  -0.595269   0.391092  -0.204177 
    16900.0000  -0.594503   0.385440  -0.209063 
    17000.0000  -0.583058   0.379636  -0.203422 
    17100.0000  -0.584414   0.386990  -0.197424 
    17200.0000  -0.575568   0.370268  -0.205300 
    17300.0000  -0.572033   0.385906  -0.186128 
    17400.0000  -0.576868   0.381455  -0.195414 
    17500.0000  -0.554977   0.376859  -0.178118 
    17600.0000  -0.568171   0.379705  -0.188466 
    17700.0000  -0.573181   0.380619  -0.192562 
    17800.0000  -0.578347   0.377202  -0.201145 
    17900.0000  -0.594038   0.394338  -0.199700 
    18000.0000  -0.600171   0.390715  -0.209456 
    18100.0000  -0.608999   0.375752  -0.233247 
    18200.0000  -0.607992   0.371498  -0.236494 
    18300.0000  -0.605965   0.385959  -0.220006 
    18400.0000  -0.610379   0.388431  -0.221949 
    18500.0000  -0.613195   0.383862  -0.229333 
    18600.0000  -0.604316   0.380560  -0.223756 
    18700.0000  -0.600647   0.382819  -0.217828 
    18800.0000  -0.599520   0.385250  -0.214270 
    18900.0000  -0.601535   0.391136  -0.210398 
    19000.0000  -0.589867   0.386466  -0.203401 
    19100.0000  -0.595154   0.385469  -0.209685 
    19200.0000  -0.601535   0.383059  -0.218476 
    19300.0000  -0.590126   0.377448  -0.212678 
    19400.0000  -0.582098   0.385187  -0.196911 
    19500.0000  -0.596128   0.388653  -0.207475 
    19600.0000  -0.597045   0.381247  -0.215798 
    19700.0000  -0.581385   0.387147  -0.194238 
    19800.0000  -0.583192   0.375981  -0.207211 
    19900.0000  -0.591247   0.384014  -0.207233 
    20000.0000  -0.587469   0.388469  -0.199000 
    20100.0000  -0.592854   0.384857  -0.207997 
    20200.0000  -0.596227   0.383600  -0.212627 
    20300.0000  -0.596251   0.386651  -0.209601 
    20400.0000  -0.598383   0.387529  -0.210853 
    20500.0000  -0.586284   0.390991  -0.195292 
    20600.0000  -0.581972   0.385657  -0.196315 
    20700.0000  -0.582633   0.378128  -0.204505 
    20800.0000  -0.588472   0.387481  -0.200992 
    20900.0000  -0.598102   0.391588  -0.206514 
    21000.0000  -0.587220   0.382430  -0.204790 
    21100.0000  -0.597324   0.384643  -0.212681 
    21200.0000  -0.588441   0.378056  -0.210385 
    21300.0000  -0.575072   0.384797  -0.190274 
    21400.0000  -0.584422   0.379308  -0.205114 
    21500.0000  -0.584691   0.377555  -0.207136 
    21600.0000  -0.561821   0.386795  -0.175026 
    21700.0000  -0.573991   0.390026  -0.183964 
    21800.0000  -0.588168   0.386131  -0.202037 
    21900.0000  -0.597328   0.372995  -0.224333 
    22000.0000  -0.604376   0.384976  -0.219400 
    22100.0000  -0.596216   0.385907  -0.210309 
    22200.0000  -0.604870   0.389685  -0.215186 
    22300.0000  -0.591211   0.382731  -0.208480 
    22400.0000  -0.594653   0.381051  -0.213602 
    22500.0000  -0.605289   0.381242  -0.224046 
    22600.0000  -0.606902   0.388407  -0.218495 
    22700.0000  -0.617317   0.387527  -0.229790 
    22800.0000  -0.620225   0.384847  -0.235378 
    22900.0000  -0.625819   0.378707  -0.247113 
    23000.0000  -0.609453   0.377276  -0.232176 
    23100.0000  -0.612183   0.388360  -0.223823 
    23200.0000  -0.616284   0.392162  -0.224123 
    23300.0000  -0.607542   0.389759  -0.217783 
    23400.0000  -0.611490   0.379215  -0.232275 
    23500.0000  -0.612311   0.374102  -0.238209 
    23600.0000  -0.603223   0.385795  -0.217428 
    23700.0000  -0.592393   0.379816  -0.212577 
    23800.0000  -0.587178   0.391744  -0.195434 
    23900.0000  -0.596444   0.385108  -0.211336 
    24000.0000  -0.597710   0.384680  -0.213029 
    24100.0000  -0.594682   0.385797  -0.208885 
    24200.0000  -0.607093   0.379523  -0.227569 
    24300.0000  -0.618525   0.378585  -0.239940 
    24400.0000  -0.612528   0.384629  -0.227899 
    24500.0000  -0.594488   0.380724  -0.213764 
    24600.0000  -0.594506   0.389397  -0.205109 
    24700.0000  -0.610758   0.385844  -0.224914 
    24800.0000  -0.607268   0.374083  -0.233185 
    24900.0000  -0.613450   0.377038  -0.236412 
    25000.0000  -0.599722   0.388095  -0.211627 
    25100.0000  -0.610434   0.389274  -0.221160 
    25200.0000  -0.607287   0.388717  -0.218570 
    25300.0000  -0.613653   0.384941  -0.228712 
    25400.0000  -0.614275   0.375102  -0.239174 
    25500.0000  -0.620787   0.387581  -0.233206 
    25600.0000  -0.608810   0.381930  -0.226880 
    25700.0000  -0.620594   0.389068  -0.231526 
    25800.0000  -0.619848   0.381118  -0.238730 
    25900.0000  -0.616940   0.384952  -0.231989 
    26000.0000  -0.623814   0.385039  -0.238775 
    26100.0000  -0.618567   0.384689  -0.233878 
    26200.0000  -0.619034   0.375878  -0.243156 
    26300.0000  -0.619355   0.384693  -0.234662 
    26400.0000  -0.614795   0.376700  -0.238095 
    26500.0000  -0.608940   0.381640  -0.227299 
    26600.0000  -0.595700   0.382192  -0.213508 
    26700.0000  -0.583333   0.389420  -0.193913 
    26800.0000  -0.592730   0.380372  -0.212358 
    26900.0000  -0.603889   0.385955  -0.217934 
    27000.0000  -0.604093   0.389337  -0.214756 
    27100.0000  -0.586899   0.378454  -0.208446 
    27200.0000  -0.581612   0.387026  -0.194586 
    27300.0000  -0.580438   0.391118  -0.189320 
    27400.0000  -0.588020   0.382826  -0.205194 
    27500.0000  -0.577075   0.390364  -0.186711 
    27600.0000  -0.578578   0.376004  -0.202574 
    27700.0000  -0.571894   0.374295  -0.197599 
    27800.0000  -0.580708   0.391191  -0.189517 
    27900.0000  -0.581465   0.380798  -0.200666 
    28000.0000  -0.572538   0.375576  -0.196962 
    28100.0000  -0.568934   0.386848  -0.182087 
    28200.0000  -0.573597   0.384229  -0.189368 
    28300.0000  -0.564753   0.381278  -0.183475 
    28400.0000  -0.574556   0.380654  -0.193902 
    28500.0000  -0.570590   0.389855  -0.180734 
    28600.0000  -0.580169   0.385312  -0.194857 
    28700.0000  -0.591335   0.380224  -0.211111 
    28800.0000  -0.596449   0.385286  -0.211163 
    28900.0000  -0.600932   0.389341  -0.211590 
    29000.0000  -0.584365   0.382543  -0.201822 
    29100.0000  -0.584733   0.388765  -0.195968 
    29200.0000  -0.588331   0.379091  -0.209240 
    29300.0000  -0.567393   0.381141  -0.186253 
    29400.0000  -0.581908   0.390604  -0.191304 
    29500.0000  -0.565501   0.382021  -0.183480 
    29600.0000  -0.561951   0.387652  -0.174299 
    29700.0000  -0.564165   0.380484  -0.183682 
    29800.0000  -0.573119   0.376821  -0.196298 
    29900.0000  -0.581945   0.385176  -0.196769 
    30000.0000  -0.578928   0.379498  -0.199430 
    30100.0000  -0.569767   0.386998  -0.182770 
    30200.0000  -0.573407   0.386242  -0.187165 
    30300.0000  -0.583415   0.383399  -0.200016 
    30400.0000  -0.594176   0.380991  -0.213186 
    30500.0000  -0.588329   0.386982  -0.201347 
    30600.0000  -0.630530   0.384661  -0.245868 
    30700.0000  -0.631946   0.382680  -0.249266 
    30800.0000  -0.604890   0.387604  -0.217287 
    30900.0000  -0.597467   0.394413  -0.203055 
    31000.0000  -0.606929   0.381257  -0.225672 
    31100.0000  -0.618059   0.375304  -0.242755 
    31200.0000  -0.610786   0.380875  -0.229911 
    31300.0000  -0.610748   0.391160  -0.219588 
    31400.0000  -0.626149   0.388357  -0.237793 
    31500.0000  -0.615102   0.382295  -0.232807 
    31600.0000  -0.606463   0.392178  -0.214285 
    31700.0000  -0.597153   0.384827  -0.212327 
    31800.0000  -0.598595   0.387713  -0.210882 
    31900.0000  -0.591459   0.384371  -0.207087 
    32000.0000  -0.604661   0.375088  -0.229573 
    32100.0000  -0.593667   0.379176  -0.214491 
    32200.0000  -0.604491   0.380573  -0.223919 
    32300.0000  -0.580738   0.385219  -0.195520 
    32400.0000  -0.592945   0.376271  -0.216673 
    32500.0000  -0.592497   0.386551  -0.205946 
    32600.0000  -0.608405   0.378852  -0.229554 
    32700.0000  -0.617766   0.383176  -0.234590 
    32800.0000  -0.627400   0.384499  -0.242902 
    32900.0000  -0.614010   0.375547  -0.238463 
    33000.0000  -0.616571   0.382152  -0.234419 
    33100.0000  -0.624476   0.387701  -0.236775 
    33200.0000  -0.609107   0.383891  -0.225216 
    33300.0000  -0.613111   0.374609  -0.238502 
    33400.0000  -0.616679   0.386682  -0.229997 
    33500.0000  -0.615390   0.388694  -0.226697 
    33600.0000  -0.614367   0.376048  -0.238319 
    33700.0000  -0.615812   0.383763  -0.232049 
    33800.0000  -0.607109   0.380872  -0.226237 
    33900.0000  -0.608436   0.390444  -0.217991 
    34000.0000  -0.609805   0.387394  -0.222411 
    34100.0000  -0.621127   0.383622  -0.237505 
    34200.0000  -0.609590   0.377518  -0.232072 
    34300.0000  -0.591641   0.377871  -0.213771 
    34400.0000  -0.601321   0.382940  -0.218382 
    34500.0000  -0.585056   0.382917  -0.202139 
    34600.0000  -0.601534   0.382841  -0.218693 
    34700.0000  -0.601485   0.387581  -0.213904 
    34800.0000  -0.598838   0.390292  -0.208546 
    34900.0000  -0.610537   0.389009  -0.221528 
    35000.0000  -0.601317   0.382665  -0.218652 
    35100.0000  -0.613794   0.378225  -0.235569 
    35200.0000  -0.602801   0.395179  -0.207622 
    35300.0000  -0.600389   0.381676  -0.218712 
    35400.0000  -0.598186   0.384549  -0.213636 
    35500.0000  -0.594815   0.380630  -0.214185 
    35600.0000  -0.580283   0.380540  -0.199743 
    35700.0000  -0.584672   0.387324  -0.197348 
    35800.0000  -0.585811   0.379522  -0.206289 
    35900.0000  -0.580981   0.385987  -0.194994 
    36000.0000  -0.583202   0.386711  -0.196491 
    36100.0000  -0.585951   0.390331  -0.195620 
    36200.0000  -0.580051   0.383217  -0.196834 
    36300.0000  -0.574264   0.386062  -0.188202 
    36400.0000  -0.601813   0.380805  -0.221008 
    36500.0000  -0.617925   0.387092  -0.230833 
    36600.0000  -0.605105   0.385871  -0.219234 
    36700.0000  -0.597357   0.379952  -0.217405 
    36800.0000  -0.618659   0.376358  -0.242301 
    36900.0000  -0.624746   0.390549  -0.234197 
    37000.0000  -0.628451   0.390927  -0.237525 
    37100.0000  -0.636618   0.383740  -0.252878 
    37200.0000  -0.657737   0.386758  -0.270979 
    37300.0000  -0.638745   0.387311  -0.251434 
    37400.0000  -0.624374   0.377864  -0.246510 
    37500.0000  -0.635361   0.383748  -0.251613 
    37600.0000  -0.617365   0.385737  -0.231628 
    37700.0000  -0.609493   0.377976  -0.231517 
    37800.0000  -0.606436   0.391089  -0.215348 
    37900.0000  -0.601032   0.379037  -0.221995 
    38000.0000  -0.606920   0.377860  -0.229060 
    38100.0000  -0.596507   0.374518  -0.221989 
    38200.0000  -0.608467   0.387928  -0.220539 
    38300.0000  -0.628537   0.381172  -0.247366 
    38400.0000  -0.631169   0.382452  -0.248717 
    38500.0000  -0.633314   0.383215  -0.250098 
    38600.0000  -0.634957   0.382691  -0.252266 
    38700.0000  -0.629950   0.379197  -0.250753 
    38800.0000  -0.632949   0.385093  -0.247856 
    38900.0000  -0.619467   0.375427  -0.244039 
    39000.0000  -0.614138   0.381009  -0.233129 
    39100.0000  -0.615277   0.378086  -0.237191 
    39200.0000  -0.603580   0.386435  -0.217145 
    39300.0000  -0.599226   0.393591  -0.205635 
    39400.0000  -0.579478   0.390726  -0.188751 
    39500.0000  -0.588512   0.376709  -0.211804 
    39600.0000  -0.597602   0.382596  -0.215006 
    39700.0000  -0.608549   0.381365  -0.227184 
    39800.0000  -0.609098   0.387454  -0.221644 
    39900.0000  -0.607190   0.390343  -0.216847 
    40000.0000  -0.601332   0.388814  -0.212518 
    40100.0000  -0.596233   0.381502  -0.214731 
    40200.0000  -0.606201   0.387657  -0.218544 
    40300.0000  -0.627083   0.371948  -0.255135 
    40400.0000  -0.625863   0.383342  -0.242522 
    40500.0000  -0.623526   0.385714  -0.237812 
    40600.0000  -0.618763   0.391684  -0.227079 
    40700.0000  -0.612618   0.383568  -0.229050 
    40800.0000  -0.603777   0.383385  -0.220391 
    40900.0000  -0.609283   0.386814  -0.222469 
    41000.0000  -0.603050   0.383931  -0.219118 
    41100.0000  -0.602541   0.378257  -0.224284 
    41200.0000  -0.599558   0.379259  -0.220299 
    41300.0000  -0.581824   0.372325  -0.209499 
    41400.0000  -0.592126   0.382416  -0.209710 
    41500.0000  -0.610566   0.379817  -0.230749 
    41600.0000  -0.623734   0.375504  -0.248230 
    41700.0000  -0.605536   0.384848  -0.220689 
    41800.0000  -0.604652   0.385348  -0.219304 
    41900.0000  -0.601651   0.394329  -0.207322 
    42000.0000  -0.625004   0.384393  -0.240610 
    42100.0000  -0.611318   0.386054  -0.225263 
    42200.0000  -0.614181   0.386506  -0.227676 
    42300.0000  -0.601243   0.378754  -0.222489 
    42400.0000  -0.617590   0.393727  -0.223862 
    42500.0000  -0.613460   0.376290  -0.237170 
    42600.0000  -0.601056   0.386661  -0.214396 
    42700.0000  -0.613969   0.387244  -0.226725 
    42800.0000  -0.629412   0.382712  -0.246700 
    42900.0000  -0.625075   0.388482  -0.236594 
    43000.0000  -0.626744   0.379538  -0.247205 
    43100.0000  -0.623380   0.379293  -0.244087 
    43200.0000  -0.604795   0.391252  -0.213544 
    43300.0000  -0.606161   0.390620  -0.215541 
    43400.0000  -0.588941   0.382135  -0.206806 
    43500.0000  -0.608935   0.377399  -0.231536 
    43600.0000  -0.613858   0.383838  -0.230020 
    43700.0000  -0.597094   0.381229  -0.215864 
    43800.0000  -0.583636   0.376540  -0.207096 
    43900.0000  -0.592640   0.386756  -0.205884 
    44000.0000  -0.597852   0.388756  -0.209096 
    44100.0000  -0.587515   0.381951  -0.205564 
    44200.0000  -0.572531   0.387014  -0.185517 
    44300.0000  -0.574899   0.382153  -0.192746 
    44400.0000  -0.558673   0.396672  -0.162001 
    44500.0000  -0.570646   0.390485  -0.180161 
    44600.0000  -0.571299   0.392733  -0.178566 
    44700.0000  -0.571117   0.390602  -0.180516 
    44800.0000  -0.576193   0.379658  -0.196535 
    44900.0000  -0.584089   0.385801  -0.198288 
    45000.0000  -0.573421   0.385896  -0.187525 
    45100.0000  -0.557192   0.387473  -0.169719 
    45200.0000  -0.564466   0.380460  -0.184006 
    45300.0000  -0.595095   0.386297  -0.208797 
    45400.0000  -0.591421   0.386207  -0.205214 
    45500.0000  -0.597970   0.385807  -0.212164 
    45600.0000  -0.615905   0.381595  -0.234310 
    45700.0000  -0.626094   0.384285  -0.241809 
    45800.0000  -0.618790   0.389683  -0.229108 
    45900.0000  -0.611398   0.384527  -0.226871 
    46000.0000  -0.613186   0.379711  -0.233475 
    46100.0000  -0.601126   0.389512  -0.211613 
    46200.0000  -0.602798   0.383882  -0.218916 
    46300.0000  -0.596156   0.379254  -0.216902 
    46400.0000  -0.592293   0.385145  -0.207148 
    46500.0000  -0.588347   0.384607  -0.203740 
    46600.0000  -0.602413   0.379949  -0.222464 
    46700.0000  -0.604062   0.386229  -0.217833 
    46800.0000  -0.619247   0.379334  -0.239913 
    46900.0000  -0.604842   0.382507  -0.222335 
    47000.0000  -0.593076   0.379172  -0.213903 
    47100.0000  -0.596539   0.395546  -0.200994 
    47200.0000  -0.605051   0.387664  -0.217388 
    47300.0000  -0.594938   0.384350  -0.210588 
    47400.0000  -0.613183   0.385978  -0.227204 
    47500.0000  -0.608985   0.384645  -0.224340 
    47600.0000  -0.613200   0.383329  -0.229871 
    47700.0000  -0.611730   0.386818  -0.224912 
    47800.0000  -0.615185   0.377067  -0.238118 
    47900.0000  -0.626959   0.382689  -0.244270 
    48000.0000  -0.623417   0.378984  -0.244434 
    48100.0000  -0.627447   0.378165  -0.249282 
    48200.0000  -0.623022   0.380674  -0.242348 
    48300.0000  -0.628726   0.382476  -0.246250 
    48400.0000  -0.642120   0.379774  -0.262346 
    48500.0000  -0.638979   0.379056  -0.259923 
    48600.0000  -0.606765   0.382181  -0.224584 
    48700.0000  -0.603234   0.385044  -0.218190 
    48800.0000  -0.598201   0.382775  -0.215426 
    48900.0000  -0.599043   0.385731  -0.213312 
    49000.0000  -0.586148   0.387065  -0.199083 
    49100.0000  -0.601546   0.380779  -0.220766 
    49200.0000  -0.589313   0.386169  -0.203145 
    49300.0000  -0.597698   0.389827  -0.207870 
    49400.0000  -0.602621   0.386501  -0.216120 
    49500.0000  -0.594285   0.390515  -0.203770 
    49600.0000  -0.585270   0.386601  -0.198669 
    49700.0000  -0.585786   0.381664  -0.204122 
    49800.0000  -0.591747   0.390351  -0.201396 
    49900.0000  -0.603494   0.385703  -0.217791 
    50000.0000  -0.596011   0.381526  -0.214486 
    50100.0000  -0.611332   0.381986  -0.229346 
    50200.0000  -0.600103   0.383004  -0.217100 
    50300.0000  -0.614094   0.383598  -0.230496 
    50400.0000  -0.610772   0.385854  -0.224918 
    50500.0000  -0.606717   0.377502  -0.229215 
    50600.0000  -0.613001   0.375976  -0.237024 
    50700.0000  -0.615625   0.378617  -0.237008 
    50800.0000  -0.618330   0.384527  -0.233803 
    50900.0000  -0.615714   0.385034  -0.230680 
    51000.0000  -0.605096   0.370164  -0.234932 
    51100.0000  -0.622424   0.386135  -0.236289 
    51200.0000  -0.618610   0.380573  -0.238037 
    51300.0000  -0.601785   0.379756  -0.222029 
    51400.0000  -0.585835   0.384223  -0.201613 
    51500.0000  -0.579488   0.379406  -0.200082 
    51600.0000  -0.595731   0.380465  -0.215266 
    51700.0000  -0.606284   0.383070  -0.223215 
    51800.0000  -0.603565   0.381423  -0.222142 
    51900.0000  -0.617141   0.382795  -0.234346 
    52000.0000  -0.601272   0.381664  -0.219608 
    52100.0000  -0.591361   0.378993  -0.212368 
    52200.0000  -0.588509   0.387820  -0.200689 
    52300.0000  -0.582985   0.392771  -0.190214 
    52400.0000  -0.585637   0.387662  -0.197975 
    52500.0000  -0.596851   0.379032  -0.217819 
    52600.0000  -0.583364   0.384984  -0.198380 
    52700.0000  -0.567489   0.379137  -0.188353 
    52800.0000  -0.576808   0.383402  -0.193407 
    52900.0000  -0.597567   0.384947  -0.212620 
    53000.0000  -0.580343   0.393312  -0.187031 
    53100.0000  -0.568736   0.385948  -0.182788 
    53200.0000  -0.569884   0.382037  -0.187846 
    53300.0000  -0.581109   0.384331  -0.196779 
    53400.0000  -0.595187   0.387995  -0.207192 
    53500.0000  -0.575282   0.384011  -0.191270 
    53600.0000  -0.595488   0.378432  -0.217056 
    53700.0000  -0.590858   0.381787  -0.209071 
    53800.0000  -0.602028   0.383951  -0.218077 
    53900.0000  -0.600947   0.380183  -0.220764 
    54000.0000  -0.587842   0.393042  -0.194801 
    54100.0000  -0.590043   0.379839  -0.210203 
    54200.0000  -0.593078   0.384067  -0.209011 
    54300.0000  -0.596916   0.385805  -0.211112 
    54400.0000  -0.587244   0.391528  -0.195716 
    54500.0000  -0.574974   0.382879  -0.192095 
    54600.0000  -0.571065   0.388133  -0.182931 
    54700.0000  -0.571309   0.385923  -0.185386 
    54800.0000  -0.580852   0.384367  -0.196486 
    54900.0000  -0.585427   0.383836  -0.201591 
    55000.0000  -0.589554   0.392696  -0.196858 
    55100.0000  -0.575272   0.390796  -0.184476 
    55200.0000  -0.577502   0.383068  -0.194434 
    55300.0000  -0.590590   0.379263  -0.211327 
    55400.0000  -0.586242   0.383641  -0.202601 
    55500.0000  -0.587559   0.382201  -0.205358 
    55600.0000  -0.598788   0.388498  -0.210290 
    55700.0000  -0.602442   0.382086  -0.220356 
    55800.0000  -0.606802   0.386852  -0.219950 
    55900.0000  -0.599608   0.382404  -0.217203 
    56000.0000  -0.612105   0.388812  -0.223293 
    56100.0000  -0.578622   0.380168  -0.198454 
    56200.0000  -0.584990   0.391473  -0.193517 
    56300.0000  -0.587996   0.382601  -0.205395 
    56400.0000  -0.598242   0.374639  -0.223604 
    56500.0000  -0.624531   0.381709  -0.242823 
    56600.0000  -0.621680   0.384059  -0.237621 
    56700.0000  -0.612624   0.373823  -0.238801 
    56800.0000  -0.634520   0.377076  -0.257445 
    56900.0000  -0.619235   0.388894  -0.230340 
    57000.0000  -0.605835   0.381374  -0.224461 
    57100.0000  -0.604589   0.378580  -0.226009 
    57200.0000  -0.596198   0.380529  -0.215670 
    57300.0000  -0.584281   0.379609  -0.204671 
    57400.0000  -0.604896   0.381392  -0.223505 
    57500.0000  -0.605720   0.382632  -0.223088 
    57600.0000  -0.611265   0.389598  -0.221667 
    57700.0000  -0.597199   0.381201  -0.215998 
    57800.0000  -0.583206   0.380888  -0.202318 
    57900.0000  -0.589100   0.380773  -0.208327 
    58000.0000  -0.598873   0.387907  -0.210966 
    58100.0000  -0.603645   0.385943  -0.217702 
    58200.0000  -0.606897   0.385984  -0.220914 
    58300.0000  -0.608411   0.381478  -0.226933 
    58400.0000  -0.582988   0.392044  -0.190944 
    58500.0000  -0.600662   0.383639  -0.217023 
    58600.0000  -0.596331   0.373413  -0.222919 
    58700.0000  -0.595689   0.382884  -0.212805 
    58800.0000  -0.585857   0.379116  -0.206741 
    58900.0000  -0.584996   0.386935  -0.198062 
    59000.0000  -0.575455   0.390236  -0.185219 
    59100.0000  -0.586815   0.382742  -0.204073 
    59200.0000  -0.557239   0.374960  -0.182279 
    59300.0000  -0.586081   0.377598  -0.208483 
    59400.0000  -0.598141   0.385548  -0.212594 
    59500.0000  -0.591522   0.383402  -0.208120 
    59600.0000  -0.601405   0.376583  -0.224822 
    59700.0000  -0.615551   0.382306  -0.233245 
    59800.0000  -0.618131   0.387271  -0.230860 
    59900.0000  -0.600670   0.374345  -0.226325 
    60000.0000  -0.612733   0.390244  -0.222490 
    60100.0000  -0.605528   0.378434  -0.227094 
    60200.0000  -0.614402   0.377695  -0.236707 
    60300.0000  -0.605561   0.389306  -0.216255 
    60400.0000  -0.618834   0.376166  -0.242669 
    60500.0000  -0.605951   0.371709  -0.234242 
    60600.0000  -0.596427   0.380442  -0.215985 
    60700.0000  -0.587917   0.380643  -0.207275 
    60800.0000  -0.596645   0.386949  -0.209695 
    60900.0000  -0.603892   0.386935  -0.216957 
    61000.0000  -0.609012   0.389036  -0.219976 
    61100.0000  -0.606677   0.375893  -0.230784 
    61200.0000  -0.587608   0.389968  -0.197640 
    61300.0000  -0.586244   0.379056  -0.207188 
    61400.0000  -0.585891   0.386086  -0.199805 
    61500.0000  -0.585272   0.377153  -0.208119 
    61600.0000  -0.589786   0.378527  -0.211259 
    61700.0000  -0.582457   0.389547  -0.192910 
    61800.0000  -0.567025   0.385746  -0.181278 
    61900.0000  -0.558435   0.382760  -0.175676 
    62000.0000  -0.559837   0.395725  -0.164112 
    62100.0000  -0.580670   0.397496  -0.183173 
    62200.0000  -0.580176   0.385691  -0.194486 
    62300.0000  -0.577336   0.383472  -0.193864 
    62400.0000  -0.571692   0.377096  -0.194596 
    62500.0000  -0.579208   0.393759  -0.185449 
    62600.0000  -0.571332   0.392905  -0.178427 
    62700.0000  -0.578399   0.383882  -0.194517 
    62800.0000  -0.564013   0.383113  -0.180900 
    62900.0000  -0.549956   0.376382  -0.173574 
    63000.0000  -0.565712   0.390763  -0.174949 
    63100.0000  -0.574102   0.390964  -0.183138 
    63200.0000  -0.573428   0.384958  -0.188469 
    63300.0000  -0.581890   0.388321  -0.193569 
    63400.0000  -0.593928   0.378943  -0.214986 
    63500.0000  -0.589028   0.381177  -0.207852 
    63600.0000  -0.590208   0.374950  -0.215259 
    63700.0000  -0.587393   0.382212  -0.205181 
    63800.0000  -0.609789   0.387421  -0.222368 
    63900.0000  -0.607885   0.385692  -0.222193 
    64000.0000  -0.623820   0.374305  -0.249515 
    64100.0000  -0.604230   0.370944  -0.233285 
    64200.0000  -0.588132   0.383140  -0.204992 
    64300.0000  -0.604082   0.390537  -0.213544 
    64400.0000  -0.596242   0.385990  -0.210253 
    64500.0000  -0.581354   0.378905  -0.202450 
    64600.0000  -0.569533   0.372300  -0.197233 
    64700.0000  -0.550415   0.378082  -0.172333 
    64800.0000  -0.572895   0.388819  -0.184076 
    64900.0000  -0.596406   0.387492  -0.208914 
    65000.0000  -0.572101   0.378276  -0.193825 
    65100.0000  -0.576736   0.383442  -0.193294 
    65200.0000  -0.580909   0.388415  -0.192493 
    65300.0000  -0.587231   0.379902  -0.207330 
    65400.0000  -0.574844   0.377683  -0.197160 
    65500.0000  -0.568936   0.382588  -0.186348 
    65600.0000  -0.561765   0.386346  -0.175418 
    65700.0000  -0.562513   0.393498  -0.169015 
    65800.0000  -0.579342   0.383517  -0.195824 
    65900.0000  -0.576922   0.391963  -0.184959 
    66000.0000  -0.585102   0.386089  -0.199013 
    66100.0000  -0.584779   0.387678  -0.197101 
    66200.0000  -0.608038   0.378554  -0.229484 
    66300.0000  -0.607814   0.384258  -0.223556 
    66400.0000  -0.612211   0.383619  -0.228592 
    66500.0000  -0.607460   0.389955  -0.217506 
    66600.0000  -0.617516   0.387350  -0.230166 
    66700.0000  -0.609548   0.391545  -0.218003 
    66800.0000  -0.596938   0.384340  -0.212598 
    66900.0000  -0.610467   0.391401  -0.219066 
    67000.0000  -0.592809   0.379959  -0.212851 
    67100.0000  -0.592303   0.379953  -0.212350 
    67200.0000  -0.589415   0.386508  -0.202908 
    67300.0000  -0.582681   0.382653  -0.200029 
    67400.0000  -0.581987   0.381596  -0.200391 
    67500.0000  -0.575232   0.378414  -0.196818 
    67600.0000  -0.590273   0.386530  -0.203743 
    67700.0000  -0.584092   0.379016  -0.205076 
    67800.0000  -0.591805   0.384189  -0.207616 
    67900.0000  -0.585466   0.372451  -0.213015 
    68000.0000  -0.572451   0.388903  -0.183547 
    68100.0000  -0.574560   0.379258  -0.195302 
    68200.0000  -0.579678   0.377793  -0.201885 
    68300.0000  -0.592399   0.383247  -0.209152 
    68400.0000  -0.592409   0.383445  -0.208964 
    68500.0000  -0.585192   0.382322  -0.202870 
    68600.0000  -0.584937   0.379708  -0.205229 
    68700.0000  -0.587583   0.380153  -0.207430 
    68800.0000  -0.573985   0.384591  -0.189393 
    68900.0000  -0.577169   0.388764  -0.188406 
    69000.0000  -0.575363   0.382759  -0.192604 
    69100.0000  -0.568743   0.384997  -0.183745 
    69200.0000  -0.569167   0.378971  -0.190195 
    69300.0000  -0.587893   0.391154  -0.196739 
    69400.0000  -0.585507   0.384146  -0.201362 
    69500.0000  -0.582815   0.379812  -0.203003 
    69600.0000  -0.555265   0.384160  -0.171105 
    69700.0000  -0.561538   0.385632  -0.175906 
    69800.0000  -0.567038   0.381914  -0.185124 
    69900.0000  -0.572625   0.385526  -0.187098 
    70000.0000  -0.546305   0.379596  -0.166709 
    70100.0000  -0.563105   0.381162  -0.181943 
    70200.0000  -0.566830   0.382487  -0.184343 
    70300.0000  -0.555014   0.393394  -0.161620 
    70400.0000  -0.570767   0.386902  -0.183865 
    70500.0000  -0.563988   0.385393  -0.178595 
    70600.0000  -0.565364   0.389041  -0.176323 
    70700.0000  -0.552131   0.383759  -0.168371 
    70800.0000  -0.559277   0.385489  -0.173787 
    70900.0000  -0.559154   0.382277  -0.176877 
    71000.0000  -0.543331   0.385236  -0.158095 
    71100.0000  -0.555407   0.389646  -0.165761 
    71200.0000  -0.559352   0.378820  -0.180532 
    71300.0000  -0.572208   0.380141  -0.192066 
    71400.0000  -0.561272   0.382069  -0.179202 
    71500.0000  -0.561671   0.379922  -0.181749 
    71600.0000  -0.544584   0.383015  -0.161569 
    71700.0000  -0.545894   0.379415  -0.166479 
    71800.0000  -0.550387   0.391511  -0.158876 
    71900.0000  -0.560936   0.395487  -0.165449 
    72000.0000  -0.549350   0.377708  -0.171642 
    72100.0000  -0.549064   0.387512  -0.161552 
    72200.0000  -0.564483   0.379391  -0.185092 
    72300.0000  -0.583052   0.387043  -0.196009 
    72400.0000  -0.578076   0.383511  -0.194565 
    72500.0000  -0.584747   0.377456  -0.207291 
    72600.0000  -0.577315   0.389293  -0.188022 
    72700.0000  -0.571092   0.379980  -0.191112 
    72800.0000  -0.578231   0.379616  -0.198616 
    72900.0000  -0.573395   0.378422  -0.194973 
    73000.0000  -0.578476   0.389829  -0.188647 
    73100.0000  -0.570955   0.386129  -0.184826 
    73200.0000  -0.585238   0.384159  -0.201079 
    73300.0000  -0.607352   0.388351  -0.219001 
    73400.0000  -0.607369   0.393380  -0.213988 
    73500.0000  -0.613299   0.377122  -0.236177 
    73600.0000  -0.607695   0.377985  -0.229710 
    73700.0000  -0.596562   0.383893  -0.212669 
    73800.0000  -0.614355   0.386297  -0.228058 
    73900.0000  -0.622201   0.385676  -0.236525 
    74000.0000  -0.606311   0.387996  -0.218315 
    74100.0000  -0.597924   0.381467  -0.216457 
    74200.0000  -0.581214   0.392284  -0.188931 
    74300.0000  -0.578221   0.391581  -0.186640 
    74400.0000  -0.581789   0.389017  -0.192772 
    74500.0000  -0.583382   0.384611  -0.198771 
    74600.0000  -0.584857   0.385446  -0.199411 
    74700.0000  -0.588518   0.378579  -0.209939 
    74800.0000  -0.575539   0.385916  -0.189623 
    74900.0000  -0.572737   0.382467  -0.190270 
    75000.0000  -0.568938   0.388204  -0.180735 
    75100.0000  -0.564637   0.382006  -0.182631 
    75200.0000  -0.567081   0.394692  -0.172390 
    75300.0000  -0.556358   0.388830  -0.167528 
    75400.0000  -0.573844   0.392267  -0.181577 
    75500.0000  -0.571609   0.383880  -0.187729 
    75600.0000  -0.561257   0.376366  -0.184891 
    75700.0000  -0.569465   0.386105  -0.183360 
    75800.0000  -0.564778   0.382037  -0.182741 
    75900.0000  -0.559973   0.385768  -0.174204 
    76000.0000  -0.568797   0.380197  -0.188599 
    76100.0000  -0.579383   0.382091  -0.197293 
    76200.0000  -0.582750   0.379022  -0.203727 
    76300.0000  -0.599705   0.374187  -0.225517 
    76400.0000  -0.593388   0.381429  -0.211960 
    76500.0000  -0.598079   0.387207  -0.210872 
    76600.0000  -0.590358   0.388489  -0.201868 
    76700.0000  -0.607520   0.378798  -0.228722 
    76800.0000  -0.625082   0.391801  -0.233281 
    76900.0000  -0.613774   0.376318  -0.237457 
    77000.0000  -0.618363   0.383895  -0.234468 
    77100.0000  -0.632858   0.377551  -0.255306 
    77200.0000  -0.630619   0.380061  -0.250559 
    77300.0000  -0.615440   0.392859  -0.222581 
    77400.0000  -0.617247   0.387067  -0.230180 
    77500.0000  -0.616179   0.387052  -0.229128 
    77600.0000  -0.611697   0.385589  -0.226107 
    77700.0000  -0.617301   0.379422  -0.237879 
    77800.0000  -0.600998   0.389041  -0.211957 
    77900.0000  -0.605878   0.383515  -0.222363 
    78000.0000  -0.597592   0.384240  -0.213352 
    78100.0000  -0.588839   0.386739  -0.202100 
    78200.0000  -0.580414   0.384783  -0.195631 
    78300.0000  -0.582689   0.384137  -0.198552 
    78400.0000  -0.589351   0.373979  -0.215373 
    78500.0000  -0.593386   0.379473  -0.213913 
    78600.0000  -0.607842   0.392350  -0.215493 
    78700.0000  -0.616093   0.390395  -0.225699 
    78800.0000  -0.609190   0.388477  -0.220713 
    78900.0000  -0.586824   0.387151  -0.199673 
    79000.0000  -0.585944   0.383869  -0.202075 
    79100.0000  -0.584394   0.381706  -0.202688 
    79200.0000  -0.587372   0.380706  -0.206665 
    79300.0000  -0.583839   0.386056  -0.197784 
    79400.0000  -0.582262   0.381227  -0.201035 
    79500.0000  -0.607413   0.384194  -0.223219 
    79600.0000  -0.590997   0.380890  -0.210106 
    79700.0000  -0.596661   0.383066  -0.213595 
    79800.0000  -0.568069   0.371755  -0.196314 
    79900.0000  -0.573345   0.377651  -0.195694 
    80000.0000  -0.591115   0.388043  -0.203073 
    80100.0000  -0.587970   0.386700  -0.201270 
    80200.0000  -0.594768   0.380057  -0.214711 
    80300.0000  -0.596905   0.385504  -0.211401 
    80400.0000  -0.598729   0.384232  -0.214496 
    80500.0000  -0.596052   0.381054  -0.214998 
    80600.0000  -0.586591   0.383006  -0.203585 
    80700.0000  -0.592659   0.378370  -0.214290 
    80800.0000  -0.587645   0.390261  -0.197384 
    80900.0000  -0.595011   0.383956  -0.211055 
    81000.0000  -0.605134   0.380209  -0.224924 
    81100.0000  -0.602260   0.391829  -0.210431 
    81200.0000  -0.595353   0.375282  -0.220071 
    81300.0000  -0.616875   0.380608  -0.236268 
    81400.0000  -0.616873   0.390005  -0.226868 
    81500.0000  -0.622124   0.383614  -0.238510 
    81600.0000  -0.615830   0.385547  -0.230283 
    81700.0000  -0.598854   0.383612  -0.215242 
    81800.0000  -0.597094   0.382156  -0.214938 
    81900.0000  -0.584922   0.380188  -0.204734 
    82000.0000  -0.582883   0.381177  -0.201706 
    82100.0000  -0.585559   0.385094  -0.200464 
    82200.0000  -0.581460   0.380532  -0.200928 
    82300.0000  -0.574177   0.375519  -0.198659 
    82400.0000  -0.577508   0.388844  -0.188664 
    82500.0000  -0.584570   0.384209  -0.200361 
    82600.0000  -0.579460   0.389621  -0.189839 
    82700.0000  -0.578236   0.387776  -0.190460 
    82800.0000  -0.567186   0.379364  -0.187822 
    82900.0000  -0.566222   0.388818  -0.177404 
    83000.0000  -0.556233   0.381434  -0.174799 
    83100.0000  -0.545980   0.381875  -0.164105 
    83200.0000  -0.562492   0.394702  -0.167790 
    83300.0000  -0.564778   0.382022  -0.182756 
    83400.0000  -0.567584   0.383618  -0.183966 
    83500.0000  -0.572054   0.385072  -0.186981 
    83600.0000  -0.571494   0.383166  -0.188329 
    83700.0000  -0.564618   0.387746  -0.176872 
    83800.0000  -0.592980   0.384913  -0.208067 
    83900.0000  -0.590986   0.381238  -0.209748 
    84000.0000  -0.588859   0.387198  -0.201661 
    84100.0000  -0.591358   0.381812  -0.209545 
    84200.0000  -0.594509   0.381165  -0.213344 
    84300.0000  -0.569925   0.382648  -0.187277 
    84400.0000  -0.583907   0.383695  -0.200212 
    84500.0000  -0.580015   0.375912  -0.204103 
    84600.0000  -0.595028   0.385646  -0.209382 
    84700.0000  -0.590924   0.381473  -0.209451 
    84800.0000  -0.582831   0.387272  -0.195559 
    84900.0000  -0.603260   0.383978  -0.219283 
    85000.0000  -0.590716   0.388090  -0.202626 
    85100.0000  -0.595906   0.396920  -0.198987 
    85200.0000  -0.612834   0.384554  -0.228281 
    85300.0000  -0.594652   0.386033  -0.208619 
    85400.0000  -0.591313   0.386003  -0.205310 
    85500.0000  -0.580692   0.389627  -0.191064 
    85600.0000  -0.581809   0.389414  -0.192394 
    85700.0000  -0.588725   0.387594  -0.201132 
    85800.0000  -0.577485   0.382554  -0.194931 
    85900.0000  -0.574471   0.385145  -0.189326 
    86000.0000  -0.570200   0.385359  -0.184841 
    86100.0000  -0.593623   0.384958  -0.208665 
    86200.0000  -0.581748   0.384929  -0.196819 
    86300.0000  -0.583572   0.383785  -0.199787 
    86400.0000  -0.605721   0.381574  -0.224148 
    86500.0000  -0.616149   0.385947  -0.230202 
    86600.0000  -0.610132   0.386726  -0.223407 
    86700.0000  -0.599300   0.380476  -0.218824 
    86800.0000  -0.595895   0.382237  -0.213658 
    86900.0000  -0.610319   0.379547  -0.230773 
    87000.0000  -0.613170   0.389669  -0.223502 
    87100.0000  -0.603169   0.378085  -0.225085 
    87200.0000  -0.598986   0.389941  -0.209045 
    87300.0000  -0.610145   0.379207  -0.230938 
    87400.0000  -0.606094   0.389821  -0.216273 
    87500.0000  -0.596665   0.388397  -0.208269 
    87600.0000  -0.606872   0.379083  -0.227789 
    87700.0000  -0.581864   0.385343  -0.196521 
    87800.0000  -0.596114   0.377866  -0.218247 
    87900.0000  -0.598674   0.380834  -0.217839 
    88000.0000  -0.571315   0.384462  -0.186852 
    88100.0000  -0.573522   0.394953  -0.178569 
    88200.0000  -0.574341   0.387563  -0.186779 
    88300.0000  -0.564796   0.386512  -0.178285 
    88400.0000  -0.586613   0.383749  -0.202864 
    88500.0000  -0.591102   0.386319  -0.204783 
    88600.0000  -0.598707   0.387492  -0.211215 
    88700.0000  -0.587004   0.380251  -0.206753 
    88800.0000  -0.591715   0.380483  -0.211232 
    88900.0000  -0.579014   0.396435  -0.182579 
    89000.0000  -0.592037   0.382496  -0.209541 
    89100.0000  -0.614328   0.383480  -0.230848 
    89200.0000  -0.596174   0.387853  -0.208321 
    89300.0000  -0.604759   0.379854  -0.224904 
    89400.0000  -0.607696   0.380319  -0.227377 
    89500.0000  -0.604626   0.381606  -0.223020 
    89600.0000  -0.601224   0.379417  -0.221807 
    89700.0000  -0.590607   0.379694  -0.210913 
    89800.0000  -0.579168   0.390447  -0.188721 
    89900.0000  -0.582999   0.387992  -0.195006 
    90000.0000  -0.607909   0.381206  -0.226703 
    90100.0000  -0.597029   0.382344  -0.214686 
    90200.0000  -0.604520   0.380150  -0.224369 
    90300.0000  -0.594034   0.386636  -0.207397 
    90400.0000  -0.600475   0.384832  -0.215642 
    90500.0000  -0.588707   0.382532  -0.206175 
    90600.0000  -0.571617   0.379426  -0.192191 
    90700.0000  -0.570795   0.383943  -0.186852 
    90800.0000  -0.564474   0.384536  -0.179938 
    90900.0000  -0.569764   0.384006  -0.185759 
    91000.0000  -0.592445   0.387861  -0.204584 
    91100.0000  -0.610474   0.386412  -0.224062 
    91200.0000  -0.601400   0.379758  -0.221642 
    91300.0000  -0.617906   0.385486  -0.232420 
    91400.0000  -0.611088   0.388889  -0.222200 
    91500.0000  -0.626518   0.383406  -0.243112 
    91600.0000  -0.602906   0.384939  -0.217967 
    91700.0000  -0.606441   0.381496  -0.224945 
    91800.0000  -0.601615   0.383103  -0.218512 
    91900.0000  -0.591371   0.387481  -0.203891 
    92000.0000  -0.605114   0.385202  -0.219912 
    92100.0000  -0.591697   0.379962  -0.211735 
    92200.0000  -0.581501   0.386994  -0.194507 
    92300.0000  -0.574192   0.391428  -0.182764 
    92400.0000  -0.588128   0.390462  -0.197666 
    92500.0000  -0.595122   0.394259  -0.200863 
    92600.0000  -0.589285   0.378022  -0.211264 
    92700.0000  -0.604342   0.389180  -0.215162 
    92800.0000  -0.594722   0.388563  -0.206159 
    92900.0000  -0.593338   0.385564  -0.207775 
    93000.0000  -0.579831   0.382893  -0.196938 
    93100.0000  -0.600084   0.377891  -0.222193 
    93200.0000  -0.583237   0.385608  -0.197629 
    93300.0000  -0.570175   0.389144  -0.181032 
    93400.0000  -0.576693   0.387306  -0.189387 
    93500.0000  -0.603685   0.381204  -0.222481 
    93600.0000  -0.597213   0.377782  -0.219431 
    93700.0000  -0.599757   0.385995  -0.213762 
    93800.0000  -0.582558   0.378379  -0.204179 
    93900.0000  -0.585765   0.387375  -0.198391 
    94000.0000  -0.581593   0.380451  -0.201142 
    94100.0000  -0.577210   0.385671  -0.191539 
    94200.0000  -0.560705   0.382704  -0.178001 
    94300.0000  -0.582590   0.389907  -0.192682 
    94400.0000  -0.583945   0.378402  -0.205542 
    94500.0000  -0.566834   0.378027  -0.188807 
    94600.0000  -0.580941   0.376930  -0.204011 
    94700.0000  -0.583575   0.373508  -0.210067 
    94800.0000  -0.590016   0.386349  -0.203667 
    94900.0000  -0.608363   0.379872  -0.228491 
    95000.0000  -0.587450   0.383722  -0.203728 
    95100.0000  -0.574819   0.377315  -0.197505 
    95200.0000  -0.607824   0.385505  -0.222319 
    95300.0000  -0.595092   0.383154  -0.211938 
    95400.0000  -0.597124   0.378322  -0.218802 
    95500.0000  -0.594932   0.378741  -0.216191 
    95600.0000  -0.608201   0.382127  -0.226074 
    95700.0000  -0.595583   0.381676  -0.213907 
    95800.0000  -0.603077   0.382276  -0.220801 
    95900.0000  -0.584021   0.373758  -0.210262 
    96000.0000  -0.598163   0.381904  -0.216259 
    96100.0000  -0.582997   0.383829  -0.199168 
    96200.0000  -0.589959   0.385688  -0.204270 
    96300.0000  -0.587903   0.376647  -0.211257 
    96400.0000  -0.593022   0.382275  -0.210747 
    96500.0000  -0.582938   0.384792  -0.198145 
    96600.0000  -0.598061   0.395578  -0.202483 
    96700.0000  -0.605989   0.389194  -0.216795 
    96800.0000  -0.599099   0.384300  -0.214799 
    96900.0000  -0.596057   0.381584  -0.214472 
    97000.0000  -0.599445   0.383336  -0.216110 
    97100.0000  -0.590567   0.383381  -0.207187 
    97200.0000  -0.598489   0.384469  -0.214020 
    97300.0000  -0.590892   0.377209  -0.213684 
    97400.0000  -0.592304   0.383465  -0.208838 
    97500.0000  -0.620797   0.391834  -0.228963 
    97600.0000  -0.610419   0.380217  -0.230202 
    97700.0000  -0.606616   0.385188  -0.221428 
    97800.0000  -0.592070   0.384753  -0.207317 
    97900.0000  -0.585652   0.385647  -0.200005 
    98000.0000  -0.610747   0.381203  -0.229544 
    98100.0000  -0.608094   0.382842  -0.225252 
    98200.0000  -0.592516   0.395563  -0.196953 
    98300.0000  -0.580480   0.384337  -0.196143 
    98400.0000  -0.589147   0.386665  -0.202482 
    98500.0000  -0.570832   0.399181  -0.171651 
    98600.0000  -0.583008   0.381744  -0.201264 
    98700.0000  -0.582211   0.383292  -0.198919 
    98800.0000  -0.582788   0.388080  -0.194709 
    98900.0000  -0.599839   0.383551  -0.216288 
    99000.0000  -0.595604   0.388803  -0.206801 
    99100.0000  -0.592238   0.389890  -0.202348 
    99200.0000  -0.589770   0.386296  -0.203474 
    99300.0000  -0.621300   0.392664  -0.228636 
    99400.0000  -0.609478   0.393275  -0.216203 
    99500.0000  -0.596368   0.392212  -0.204156 
    99600.0000  -0.573641   0.380051  -0.193590 
    99700.0000  -0.565702   0.384049  -0.181653 
    99800.0000  -0.545650   0.378815  -0.166835 
    99900.0000  -0.543748   0.385317  -0.158431 
   100000.0000  -0.569148   0.380790  -0.188359 
   100100.0000  -0.606273   0.387102  -0.219171 
   100200.0000  -0.578910   0.385259  -0.193651 
   100300.0000  -0.582276   0.383860  -0.198416 
   100400.0000  -0.594408   0.386879  -0.207529 
   100500.0000  -0.595959   0.382005  -0.213955 
   100600.0000  -0.600477   0.382504  -0.217973 
   100700.0000  -0.611152   0.384526  -0.226626 
   100800.0000  -0.621995   0.376497  -0.245499 
   100900.0000  -0.635123   0.380166  -0.254957 
   101000.0000  -0.630838   0.382590  -0.248248 
   101100.0000  -0.629137   0.384342  -0.244795 
   101200.0000  -0.627051   0.388535  -0.238516 
   101300.0000  -0.622657   0.374532  -0.248126 
   101400.0000  -0.623737   0.389529  -0.234209 
   101500.0000  -0.622768   0.380077  -0.242691 
   101600.0000  -0.615194   0.384644  -0.230550 
   101700.0000  -0.625007   0.384515  -0.240492 
   101800.0000  -0.615989   0.377999  -0.237990 
   101900.0000  -0.606106   0.381655  -0.224451 
   102000.0000  -0.635552   0.387544  -0.248008 
   102100.0000  -0.619586   0.388248  -0.231338 
   102200.0000  -0.620199   0.391574  -0.228624 
   102300.0000  -0.598092   0.384045  -0.214047 
   102400.0000  -0.597707   0.392813  -0.204893 
   102500.0000  -0.605981   0.380598  -0.225383 
   102600.0000  -0.610849   0.380868  -0.229980 
   102700.0000  -0.592170   0.382090  -0.210081 
   102800.0000  -0.596727   0.383532  -0.213195 
   102900.0000  -0.604469   0.389137  -0.215332 
   103000.0000  -0.595404   0.383512  -0.211892 
   103100.0000  -0.617197   0.387413  -0.229783 
   103200.0000  -0.610661   0.393546  -0.217114 
   103300.0000  -0.589802   0.388855  -0.200947 
   103400.0000  -0.607621   0.389755  -0.217866 
   103500.0000  -0.606875   0.392539  -0.214336 
   103600.0000  -0.617031   0.385359  -0.231672 
   103700.0000  -0.622598   0.391847  -0.230751 
   103800.0000  -0.615535   0.386280  -0.229255 
   103900.0000  -0.603827   0.376489  -0.227338 
   104000.0000  -0.617944   0.388722  -0.229222 
   104100.0000  -0.620355   0.375489  -0.244865 
   104200.0000  -0.597762   0.388679  -0.209082 
   104300.0000  -0.588809   0.384404  -0.204405 
   104400.0000  -0.591772   0.384288  -0.207484 
   104500.0000  -0.607862   0.380333  -0.227530 
   104600.0000  -0.608035   0.389653  -0.218381 
   104700.0000  -0.595924   0.378961  -0.216963 
   104800.0000  -0.614432   0.383225  -0.231208 
   104900.0000  -0.595507   0.378709  -0.216798 
   105000.0000  -0.598522   0.388461  -0.210061 
   105100.0000  -0.615874   0.385088  -0.230786 
   105200.0000  -0.592559   0.384090  -0.208468 
   105300.0000  -0.592195   0.384499  -0.207696 
   105400.0000  -0.589947   0.392702  -0.197244 
   105500.0000  -0.590317   0.393406  -0.196910 
   105600.0000  -0.595707   0.377452  -0.218254 
   105700.0000  -0.586497   0.381705  -0.204792 
   105800.0000  -0.591250   0.393424  -0.197826 
   105900.0000  -0.613330   0.385747  -0.227583 
   106000.0000  -0.602123   0.382634  -0.219489 
   106100.0000  -0.596960   0.394116  -0.202844 
   106200.0000  -0.581490   0.382281  -0.199210 
   106300.0000  -0.563993   0.388038  -0.175955 
   106400.0000  -0.575210   0.377579  -0.197631 
   106500.0000  -0.578915   0.382956  -0.195959 
   106600.0000  -0.578605   0.385081  -0.193523 
   106700.0000  -0.590978   0.379112  -0.211866 
   106800.0000  -0.601848   0.377323  -0.224525 
   106900.0000  -0.621415   0.380982  -0.240432 
   107000.0000  -0.624621   0.394721  -0.229900 
   107100.0000  -0.617892   0.380960  -0.236932 
   107200.0000  -0.613382   0.384088  -0.229294 
   107300.0000  -0.628243   0.389066  -0.239176 
   107400.0000  -0.620816   0.383960  -0.236856 
   107500.0000  -0.610306   0.380236  -0.230071 
   107600.0000  -0.603718   0.389269  -0.214449 
   107700.0000  -0.595721   0.384780  -0.210941 
   107800.0000  -0.589424   0.380987  -0.208437 
   107900.0000  -0.589973   0.394112  -0.195861 
   108000.0000  -0.600120   0.378174  -0.221946 
   108100.0000  -0.614742   0.384487  -0.230256 
   108200.0000  -0.599388   0.381709  -0.217679 
   108300.0000  -0.603595   0.396946  -0.206649 
   108400.0000  -0.621263   0.389252  -0.232011 
   108500.0000  -0.612946   0.380014  -0.232932 
   108600.0000  -0.597219   0.394386  -0.202833 
   108700.0000  -0.600581   0.391271  -0.209310 
   108800.0000  -0.599919   0.389356  -0.210564 
   108900.0000  -0.596892   0.385203  -0.211689 
   109000.0000  -0.587863   0.384207  -0.203656 
   109100.0000  -0.593546   0.381549  -0.211997 
   109200.0000  -0.591650   0.376557  -0.215093 
   109300.0000  -0.598521   0.385251  -0.213270 
   109400.0000  -0.589760   0.382683  -0.207077 
   109500.0000  -0.604166   0.390489  -0.213677 
   109600.0000  -0.585486   0.390485  -0.195000 
   109700.0000  -0.589493   0.391504  -0.197989 
   109800.0000  -0.594520   0.381768  -0.212752 
   109900.0000  -0.571462   0.384603  -0.186859 
   110000.0000  -0.554429   0.390344  -0.164086 
   110100.0000  -0.556817   0.383554  -0.173263 
   110200.0000  -0.550042   0.380662  -0.169380 
   110300.0000  -0.563774   0.389841  -0.173933 
   110400.0000  -0.575397   0.378769  -0.196628 
   110500.0000  -0.587157   0.390444  -0.196713 
   110600.0000  -0.589426   0.385384  -0.204042 
   110700.0000  -0.595740   0.379636  -0.216104 
   110800.0000  -0.601648   0.387005  -0.214644 
   110900.0000  -0.593284   0.380888  -0.212395 
   111000.0000  -0.595646   0.385314  -0.210332 
   111100.0000  -0.576665   0.383578  -0.193086 
   111200.0000  -0.577739   0.383929  -0.193810 
   111300.0000  -0.581411   0.385687  -0.195724 
   111400.0000  -0.587514   0.385634  -0.201880 
   111500.0000  -0.579352   0.385328  -0.194024 
   111600.0000  -0.588698   0.396166  -0.192532 
   111700.0000  -0.594828   0.381689  -0.213139 
   111800.0000  -0.566742   0.377595  -0.189147 
   111900.0000  -0.578434   0.382492  -0.195943 
   112000.0000  -0.568314   0.381887  -0.186426 
   112100.0000  -0.571153   0.381693  -0.189460 
   112200.0000  -0.575354   0.389746  -0.185609 
   112300.0000  -0.573942   0.376173  -0.197770 
   112400.0000  -0.588837   0.384682  -0.204156 
   112500.0000  -0.604390   0.389489  -0.214901 
   112600.0000  -0.596697   0.383808  -0.212888 
   112700.0000  -0.589411   0.383338  -0.206074 
   112800.0000  -0.602248   0.389960  -0.212288 
   112900.0000  -0.588169   0.374017  -0.214152 
   113000.0000  -0.586933   0.384645  -0.202288 
   113100.0000  -0.583038   0.382637  -0.200401 
   113200.0000  -0.594763   0.373646  -0.221117 
   113300.0000  -0.600469   0.382668  -0.217801 
   113400.0000  -0.613141   0.382742  -0.230399 
   113500.0000  -0.610514   0.386566  -0.223948 
   113600.0000  -0.604095   0.389975  -0.214119 
   113700.0000  -0.591099   0.385540  -0.205559 
   113800.0000  -0.594323   0.389481  -0.204842 
   113900.0000  -0.590826   0.386612  -0.204214 
   114000.0000  -0.606722   0.387082  -0.219639 
   114100.0000  -0.606356   0.386482  -0.219874 
   114200.0000  -0.623495   0.378622  -0.244873 
   114300.0000  -0.622960   0.376663  -0.246297 
   114400.0000  -0.631762   0.387072  -0.244690 
   114500.0000  -0.621863   0.385453  -0.236410 
   114600.0000  -0.608400   0.389357  -0.219042 
   114700.0000  -0.629077   0.390848  -0.238229 
   114800.0000  -0.626971   0.382195  -0.244776 
   114900.0000  -0.632319   0.388770  -0.243549 
   115000.0000  -0.635249   0.378548  -0.256701 
   115100.0000  -0.617036   0.388573  -0.228463 
   115200.0000  -0.619886   0.379167  -0.240719 
   115300.0000  -0.616215   0.381454  -0.234761 
   115400.0000  -0.609582   0.378224  -0.231358 
   115500.0000  -0.597058   0.377323  -0.219736 
   115600.0000  -0.606237   0.390480  -0.215757 
   115700.0000  -0.611347   0.383035  -0.228313 
   115800.0000  -0.616967   0.390248  -0.226718 
   115900.0000  -0.615065   0.387986  -0.227079 
   116000.0000  -0.625574   0.389307  -0.236266 
   116100.0000  -0.615904   0.380951  -0.234953 
   116200.0000  -0.618825   0.384298  -0.234528 
   116300.0000  -0.613516   0.385209  -0.228307 
   116400.0000  -0.593745   0.389060  -0.204685 
   116500.0000  -0.592819   0.395759  -0.197061 
   116600.0000  -0.585206   0.380444  -0.204762 
   116700.0000  -0.586178   0.385877  -0.200301 
   116800.0000  -0.579024   0.385009  -0.194015 
   116900.0000  -0.570003   0.385015  -0.184987 
   117000.0000  -0.553836   0.392599  -0.161237 
   117100.0000  -0.539714   0.384063  -0.155650 
   117200.0000  -0.544767   0.376861  -0.167905 
   117300.0000  -0.568756   0.382153  -0.186603 
   117400.0000  -0.594134   0.384126  -0.210008 
   117500.0000  -0.597474   0.380001  -0.217474 
   117600.0000  -0.609032   0.381215  -0.227816 
   117700.0000  -0.620505   0.380421  -0.240084 
   117800.0000  -0.601879   0.387614  -0.214264 
   117900.0000  -0.592496   0.379902  -0.212594 
   118000.0000  -0.597659   0.384934  -0.212725 
   118100.0000  -0.607917   0.386004  -0.221913 
   118200.0000  -0.623412   0.387520  -0.235892 
   118300.0000  -0.599382   0.385390  -0.213992 
   118400.0000  -0.572955   0.388367  -0.184588 
   118500.0000  -0.601741   0.382238  -0.219503 
   118600.0000  -0.595600   0.389156  -0.206444 
   118700.0000  -0.587128   0.373088  -0.214039 
   118800.0000  -0.591097   0.382650  -0.208447 
   118900.0000  -0.592277   0.378663  -0.213613 
   119000.0000  -0.586279   0.378445  -0.207834 
   119100.0000  -0.586963   0.389872  -0.197091 
   119200.0000  -0.591504   0.382887  -0.208616 
   119300.0000  -0.572607   0.376925  -0.195682 
   119400.0000  -0.560377   0.381941  -0.178436 
   119500.0000  -0.569192   0.383749  -0.185443 
   119600.0000  -0.559774   0.380693  -0.179081 
   119700.0000  -0.564374   0.388063  -0.176312 
   119800.0000  -0.581576   0.381059  -0.200517 
   119900.0000  -0.597098   0.385841  -0.211258 
   120000.0000  -0.607632   0.381319  -0.226313 
   120100.0000  -0.617756   0.385846  -0.231909 
   120200.0000  -0.597083   0.386309  -0.210773 
   120300.0000  -0.599353   0.377587  -0.221766 
   120400.0000  -0.606903   0.384344  -0.222560 
   120500.0000  -0.620928   0.383637  -0.237291 
   120600.0000  -0.604419   0.385818  -0.218602 
   120700.0000  -0.590464   0.381684  -0.208780 
   120800.0000  -0.596749   0.380731  -0.216018 
   120900.0000  -0.582515   0.384204  -0.198311 
   121000.0000  -0.590640   0.379320  -0.211321 
   121100.0000  -0.599180   0.378604  -0.220576 
   121200.0000  -0.593739   0.382331  -0.211408 
   121300.0000  -0.615298   0.385889  -0.229409 
   121400.0000  -0.598733   0.385531  -0.213202 
   121500.0000  -0.582846   0.383796  -0.199050 
   121600.0000  -0.577572   0.385968  -0.191604 
   121700.0000  -0.579551   0.380550  -0.199002 
   121800.0000  -0.573239   0.392496  -0.180743 
   121900.0000  -0.569831   0.387965  -0.181866 
   122000.0000  -0.587174   0.391618  -0.195557 
   122100.0000  -0.580353   0.382905  -0.197448 
   122200.0000  -0.585776   0.384066  -0.201710 
   122300.0000  -0.579485   0.381215  -0.198270 
   122400.0000  -0.567775   0.391244  -0.176531 
   122500.0000  -0.572177   0.379524  -0.192653 
   122600.0000  -0.580450   0.382566  -0.197884 
   122700.0000  -0.584920   0.378601  -0.206319 
   122800.0000  -0.565777   0.388358  -0.177419 
   122900.0000  -0.552155   0.382272  -0.169883 
   123000.0000  -0.560896   0.385834  -0.175062 
   123100.0000  -0.579309   0.385173  -0.194136 
   123200.0000  -0.596238   0.389855  -0.206383 
   123300.0000  -0.592891   0.384185  -0.208707 
   123400.0000  -0.598279   0.392581  -0.205697 
