        0.0000   1.167166   0.373245   1.540411 
      100.0000  -0.150269   0.369626   0.219357 
      200.0000  -0.260330   0.377282   0.116952 
      300.0000  -0.346069   0.369704   0.023635 
      400.0000  -0.415234   0.365192  -0.050042 
      500.0000  -0.470921   0.374419  -0.096502 
      600.0000  -0.507516   0.372791  -0.134726 
      700.0000  -0.559043   0.371991  -0.187052 
      800.0000  -0.578651   0.374506  -0.204145 
      900.0000  -0.589270   0.372325  -0.216945 
     1000.0000  -0.607036   0.365854  -0.241182 
     1100.0000  -0.625294   0.380696  -0.244598 
     1200.0000  -0.636187   0.371858  -0.264329 
     1300.0000  -0.648630   0.380144  -0.268486 
     1400.0000  -0.662307   0.370939  -0.291368 
     1500.0000  -0.664827   0.363748  -0.301079 
     1600.0000  -0.684500   0.362916  -0.321584 
     1700.0000  -0.689531   0.367662  -0.321869 
     1800.0000  -0.680519   0.375701  -0.304818 
     1900.0000  -0.686314   0.365276  -0.321038 
     2000.0000  -0.688787   0.369502  -0.319285 
     2100.0000  -0.698017   0.369714  -0.328304 
     2200.0000  -0.717034   0.375875  -0.341158 
     2300.0000  -0.722368   0.376238  -0.346130 
     2400.0000  -0.734544   0.367715  -0.366829 
     2500.0000  -0.739477   0.371060  -0.368417 
     2600.0000  -0.740000   0.373865  -0.366135 
     2700.0000  -0.748946   0.374817  -0.374129 
     2800.0000  -0.758671   0.372362  -0.386309 
     2900.0000  -0.737042   0.365283  -0.371759 
     3000.0000  -0.753941   0.373446  -0.380495 
     3100.0000  -0.760917   0.379997  -0.380920 
     3200.0000  -0.775937   0.374016  -0.401921 
     3300.0000  -0.772859   0.366982  -0.405877 
     3400.0000  -0.794222   0.377917  -0.416304 
     3500.0000  -0.793704   0.372894  -0.420811 
     3600.0000  -0.799143   0.374378  -0.424765 
     3700.0000  -0.805057   0.369567  -0.435491 
     3800.0000  -0.804391   0.369161  -0.435230 
     3900.0000  -0.808636   0.380800  -0.427836 
     4000.0000  -0.819923   0.369443  -0.450479 
     4100.0000  -0.807455   0.370530  -0.436925 
     4200.0000  -0.822740   0.372524  -0.450217 
     4300.0000  -0.839543   0.368232  -0.471311 
     4400.0000  -0.833468   0.370808  -0.462660 
     4500.0000  -0.846771   0.371355  -0.475416 
     4600.0000  -0.841259   0.377956  -0.463303 
     4700.0000  -0.837835   0.370804  -0.467031 
     4800.0000  -0.837818   0.376018  -0.461800 
     4900.0000  -0.837411   0.370138  -0.467273 
     5000.0000  -0.833739   0.375593  -0.458146 
     5100.0000  -0.817666   0.375751  -0.441915 
     5200.0000  -0.845055   0.376375  -0.468680 
     5300.0000  -0.847729   0.374001  -0.473728 
     5400.0000  -0.843795   0.367123  -0.476672 
     5500.0000  -0.860292   0.382919  -0.477373 
     5600.0000  -0.851488   0.372126  -0.479362 
     5700.0000  -0.837866   0.373154  -0.464711 
     5800.0000  -0.846707   0.370468  -0.476240 
     5900.0000  -0.855838   0.365064  -0.490774 
     6000.0000  -0.860640   0.377403  -0.483237 
     6100.0000  -0.850672   0.376258  -0.474414 
     6200.0000  -0.863012   0.368820  -0.494193 
     6300.0000  -0.861540   0.365126  -0.496414 
     6400.0000  -0.863354   0.378608  -0.484746 
     6500.0000  -0.865105   0.369627  -0.495478 
     6600.0000  -0.855472   0.374296  -0.481176 
     6700.0000  -0.868798   0.376233  -0.492565 
     6800.0000  -0.861668   0.378305  -0.483362 
     6900.0000  -0.861979   0.365464  -0.496515 
     7000.0000  -0.850213   0.371887  -0.478326 
     7100.0000  -0.863012   0.368973  -0.494039 
     7200.0000  -0.863591   0.365421  -0.498171 
     7300.0000  -0.852370   0.372089  -0.480281 
     7400.0000  -0.850903   0.369645  -0.481259 
     7500.0000  -0.860335   0.365777  -0.494559 
     7600.0000  -0.864677   0.376481  -0.488196 
     7700.0000  -0.859734   0.375971  -0.483763 
     7800.0000  -0.873534   0.374876  -0.498658 
     7900.0000  -0.874749   0.371710  -0.503039 
     8000.0000  -0.893268   0.376840  -0.516428 
     8100.0000  -0.892111   0.368864  -0.523246 
     8200.0000  -0.888939   0.372242  -0.516697 
     8300.0000  -0.880754   0.381804  -0.498949 
     8400.0000  -0.895567   0.388227  -0.507340 
     8500.0000  -0.881668   0.380585  -0.501082 
     8600.0000  -0.891806   0.375857  -0.515949 
     8700.0000  -0.902008   0.371953  -0.530056 
     8800.0000  -0.907549   0.368182  -0.539367 
     8900.0000  -0.893885   0.377380  -0.516505 
     9000.0000  -0.915480   0.369487  -0.545993 
     9100.0000  -0.924556   0.364049  -0.560507 
     9200.0000  -0.923367   0.374986  -0.548380 
     9300.0000  -0.911448   0.366449  -0.544999 
     9400.0000  -0.916191   0.368370  -0.547821 
     9500.0000  -0.907283   0.361895  -0.545389 
     9600.0000  -0.910528   0.372244  -0.538285 
     9700.0000  -0.925603   0.369478  -0.556125 
     9800.0000  -0.917824   0.375256  -0.542568 
     9900.0000  -0.919150   0.377076  -0.542074 
    10000.0000  -0.924832   0.369215  -0.555617 
    10100.0000  -0.931024   0.367220  -0.563804 
    10200.0000  -0.912476   0.371220  -0.541256 
    10300.0000  -0.926659   0.371085  -0.555574 
    10400.0000  -0.937484   0.391390  -0.546093 
    10500.0000  -0.960971   0.369400  -0.591571 
    10600.0000  -0.953257   0.367083  -0.586174 
    10700.0000  -0.952169   0.376164  -0.576005 
    10800.0000  -0.964642   0.376127  -0.588515 
    10900.0000  -0.963139   0.371058  -0.592081 
    11000.0000  -0.960500   0.373654  -0.586845 
    11100.0000  -0.958209   0.378104  -0.580105 
    11200.0000  -0.992500   0.370540  -0.621959 
    11300.0000  -0.984415   0.376410  -0.608005 
    11400.0000  -0.968002   0.376867  -0.591135 
    11500.0000  -0.962463   0.371225  -0.591238 
    11600.0000  -0.968833   0.369306  -0.599527 
    11700.0000  -0.967112   0.366064  -0.601048 
    11800.0000  -0.958761   0.376813  -0.581948 
    11900.0000  -0.952636   0.370176  -0.582460 
    12000.0000  -0.974637   0.370923  -0.603713 
    12100.0000  -0.968552   0.365880  -0.602672 
    12200.0000  -0.977217   0.374164  -0.603053 
    12300.0000  -0.974869   0.377998  -0.596871 
    12400.0000  -0.977647   0.377809  -0.599837 
    12500.0000  -0.980099   0.373742  -0.606358 
    12600.0000  -0.986279   0.379815  -0.606463 
    12700.0000  -0.998589   0.370543  -0.628046 
    12800.0000  -0.991537   0.373901  -0.617636 
    12900.0000  -0.997342   0.369212  -0.628130 
    13000.0000  -1.007673   0.373704  -0.633969 
    13100.0000  -0.998159   0.373925  -0.624234 
    13200.0000  -1.002565   0.377586  -0.624980 
    13300.0000  -0.997742   0.371225  -0.626518 
    13400.0000  -1.010065   0.364827  -0.645238 
    13500.0000  -1.000741   0.368952  -0.631788 
    13600.0000  -1.002748   0.376232  -0.626516 
    13700.0000  -0.990738   0.370484  -0.620254 
    13800.0000  -0.970868   0.375111  -0.595756 
    13900.0000  -0.961974   0.371021  -0.590953 
    14000.0000  -0.968516   0.373964  -0.594553 
    14100.0000  -0.982542   0.371877  -0.610665 
    14200.0000  -0.972344   0.376621  -0.595722 
    14300.0000  -0.990114   0.371116  -0.618998 
    14400.0000  -0.985170   0.373437  -0.611733 
    14500.0000  -1.000372   0.368178  -0.632194 
    14600.0000  -0.998059   0.368679  -0.629380 
    14700.0000  -0.999856   0.373181  -0.626675 
    14800.0000  -0.997477   0.374574  -0.622902 
    14900.0000  -0.990640   0.376172  -0.614468 
    15000.0000  -0.990135   0.375822  -0.614313 
    15100.0000  -1.005255   0.381520  -0.623735 
    15200.0000  -1.017774   0.380476  -0.637298 
    15300.0000  -1.048904   0.379266  -0.669638 
    15400.0000  -1.032527   0.371686  -0.660841 
    15500.0000  -1.041432   0.363759  -0.677674 
    15600.0000  -1.015228   0.378844  -0.636384 
    15700.0000  -1.013325   0.371567  -0.641758 
    15800.0000  -1.007557   0.372303  -0.635254 
    15900.0000  -1.015113   0.371762  -0.643352 
    16000.0000  -1.012822   0.369085  -0.643737 
    16100.0000  -1.008531   0.370678  -0.637853 
    16200.0000  -1.012528   0.376449  -0.636079 
    16300.0000  -1.012830   0.380771  -0.632059 
    16400.0000  -1.029261   0.376395  -0.652866 
    16500.0000  -1.040724   0.371689  -0.669036 
    16600.0000  -1.029912   0.372886  -0.657026 
    16700.0000  -1.032507   0.377118  -0.655389 
    16800.0000  -1.044609   0.371028  -0.673581 
    16900.0000  -1.049872   0.371139  -0.678733 
    17000.0000  -1.029930   0.373821  -0.656109 
    17100.0000  -1.037589   0.367810  -0.669780 
    17200.0000  -1.046502   0.375025  -0.671476 
    17300.0000  -1.053148   0.382918  -0.670230 
    17400.0000  -1.053451   0.375740  -0.677711 
    17500.0000  -1.061882   0.364815  -0.697067 
    17600.0000  -1.068885   0.376107  -0.692779 
    17700.0000  -1.061899   0.376369  -0.685530 
    17800.0000  -1.071948   0.375915  -0.696033 
    17900.0000  -1.079307   0.377605  -0.701703 
    18000.0000  -1.101738   0.371317  -0.730421 
    18100.0000  -1.092491   0.374343  -0.718148 
    18200.0000  -1.101365   0.374972  -0.726393 
    18300.0000  -1.105147   0.369710  -0.735436 
    18400.0000  -1.118506   0.367802  -0.750704 
    18500.0000  -1.112476   0.369959  -0.742516 
    18600.0000  -1.111537   0.376975  -0.734561 
    18700.0000  -1.117399   0.375648  -0.741750 
    18800.0000  -1.112958   0.366220  -0.746738 
    18900.0000  -1.104337   0.366211  -0.738126 
    19000.0000  -1.092536   0.382126  -0.710410 
    19100.0000  -1.103973   0.374704  -0.729269 
    19200.0000  -1.091969   0.362893  -0.729076 
    19300.0000  -1.108909   0.373366  -0.735543 
    19400.0000  -1.127748   0.368256  -0.759492 
    19500.0000  -1.128708   0.379915  -0.748794 
    19600.0000  -1.137250   0.379425  -0.757826 
    19700.0000  -1.147919   0.368562  -0.779357 
    19800.0000  -1.147317   0.370391  -0.776926 
    19900.0000  -1.157358   0.369669  -0.787688 
    20000.0000  -1.143950   0.371631  -0.772319 
    20100.0000  -1.166532   0.370301  -0.796231 
    20200.0000  -1.157661   0.368839  -0.788822 
    20300.0000  -1.157394   0.373370  -0.784024 
    20400.0000  -1.168073   0.378725  -0.789348 
    20500.0000  -1.168699   0.369561  -0.799138 
    20600.0000  -1.170772   0.376536  -0.794236 
    20700.0000  -1.168858   0.369356  -0.799502 
    20800.0000  -1.180856   0.374769  -0.806087 
    20900.0000  -1.191465   0.373712  -0.817753 
    21000.0000  -1.185754   0.371370  -0.814384 
    21100.0000  -1.179797   0.365464  -0.814332 
    21200.0000  -1.184774   0.378602  -0.806171 
    21300.0000  -1.206378   0.370138  -0.836240 
    21400.0000  -1.205261   0.369184  -0.836077 
    21500.0000  -1.226701   0.371833  -0.854868 
    21600.0000  -1.217435   0.371741  -0.845694 
    21700.0000  -1.223383   0.372959  -0.850423 
    21800.0000  -1.227654   0.365302  -0.862352 
    21900.0000  -1.216568   0.376015  -0.840553 
    22000.0000  -1.211575   0.365776  -0.845799 
    22100.0000  -1.225573   0.367529  -0.858044 
    22200.0000  -1.247894   0.362956  -0.884938 
    22300.0000  -1.245718   0.370263  -0.875455 
    22400.0000  -1.239078   0.375767  -0.863311 
    22500.0000  -1.242101   0.373046  -0.869056 
    22600.0000  -1.235927   0.371088  -0.864839 
    22700.0000  -1.252487   0.367684  -0.884803 
    22800.0000  -1.254279   0.371885  -0.882393 
    22900.0000  -1.257943   0.368465  -0.889478 
    23000.0000  -1.250895   0.369068  -0.881827 
    23100.0000  -1.275378   0.382538  -0.892841 
    23200.0000  -1.287912   0.373742  -0.914169 
    23300.0000  -1.294246   0.379132  -0.915114 
    23400.0000  -1.298856   0.372662  -0.926194 
    23500.0000  -1.305894   0.375227  -0.930667 
    23600.0000  -1.302401   0.375203  -0.927198 
    23700.0000  -1.306081   0.373388  -0.932693 
    23800.0000  -1.303951   0.365535  -0.938416 
    23900.0000  -1.312951   0.376975  -0.935975 
    24000.0000  -1.315422   0.373113  -0.942309 
    24100.0000  -1.316002   0.372261  -0.943741 
    24200.0000  -1.327751   0.368622  -0.959129 
    24300.0000  -1.334862   0.368472  -0.966390 
    24400.0000  -1.342723   0.366903  -0.975820 
    24500.0000  -1.340482   0.368246  -0.972236 
    24600.0000  -1.339440   0.369419  -0.970021 
    24700.0000  -1.342756   0.369815  -0.972941 
    24800.0000  -1.345474   0.371093  -0.974381 
    24900.0000  -1.358005   0.371876  -0.986129 
    25000.0000  -1.374013   0.368928  -1.005085 
    25100.0000  -1.387444   0.363315  -1.024130 
    25200.0000  -1.396900   0.379622  -1.017278 
    25300.0000  -1.403682   0.381867  -1.021815 
    25400.0000  -1.396914   0.369085  -1.027828 
    25500.0000  -1.408073   0.374288  -1.033785 
    25600.0000  -1.405877   0.377127  -1.028750 
    25700.0000  -1.424818   0.372209  -1.052609 
    25800.0000  -1.431217   0.369837  -1.061380 
    25900.0000  -1.429229   0.368459  -1.060770 
    26000.0000  -1.438304   0.373299  -1.065004 
    26100.0000  -1.428565   0.364037  -1.064528 
    26200.0000  -1.422976   0.383811  -1.039165 
    26300.0000  -1.439260   0.366209  -1.073050 
    26400.0000  -1.441460   0.378604  -1.062856 
    26500.0000  -1.462923   0.372439  -1.090484 
    26600.0000  -1.475480   0.375326  -1.100153 
    26700.0000  -1.485763   0.361490  -1.124273 
    26800.0000  -1.484421   0.376633  -1.107789 
    26900.0000  -1.483774   0.375624  -1.108150 
    27000.0000  -1.496000   0.365394  -1.130606 
    27100.0000  -1.493686   0.370682  -1.123004 
    27200.0000  -1.503792   0.367544  -1.136248 
    27300.0000  -1.521874   0.366316  -1.155558 
    27400.0000  -1.521453   0.378132  -1.143321 
    27500.0000  -1.523070   0.364911  -1.158159 
    27600.0000  -1.527431   0.362541  -1.164890 
    27700.0000  -1.522693   0.374511  -1.148182 
    27800.0000  -1.531692   0.370987  -1.160706 
    27900.0000  -1.530312   0.363875  -1.166437 
    28000.0000  -1.529017   0.371442  -1.157575 
    28100.0000  -1.540973   0.363800  -1.177173 
    28200.0000  -1.544492   0.372735  -1.171757 
    28300.0000  -1.544307   0.379119  -1.165188 
    28400.0000  -1.533220   0.373263  -1.159957 
    28500.0000  -1.547627   0.369804  -1.177823 
    28600.0000  -1.549105   0.372693  -1.176412 
    28700.0000  -1.542638   0.373401  -1.169237 
    28800.0000  -1.566603   0.375625  -1.190978 
    28900.0000  -1.574402   0.361619  -1.212783 
    29000.0000  -1.579919   0.375433  -1.204486 
    29100.0000  -1.584697   0.365873  -1.218824 
    29200.0000  -1.588434   0.374298  -1.214136 
    29300.0000  -1.600535   0.366934  -1.233601 
    29400.0000  -1.624872   0.371632  -1.253240 
    29500.0000  -1.632779   0.379004  -1.253775 
    29600.0000  -1.625849   0.367115  -1.258733 
    29700.0000  -1.621368   0.374287  -1.247081 
    29800.0000  -1.632944   0.367512  -1.265432 
    29900.0000  -1.647995   0.363801  -1.284194 
    30000.0000  -1.660858   0.376126  -1.284732 
    30100.0000  -1.656662   0.376775  -1.279887 
    30200.0000  -1.672746   0.372485  -1.300261 
    30300.0000  -1.671986   0.366798  -1.305188 
    30400.0000  -1.678855   0.378716  -1.300139 
    30500.0000  -1.687062   0.370267  -1.316795 
    30600.0000  -1.687663   0.363969  -1.323694 
    30700.0000  -1.679020   0.373604  -1.305417 
    30800.0000  -1.683770   0.379816  -1.303954 
    30900.0000  -1.692826   0.376483  -1.316342 
    31000.0000  -1.707834   0.364525  -1.343309 
    31100.0000  -1.715809   0.370373  -1.345437 
    31200.0000  -1.720208   0.370346  -1.349862 
    31300.0000  -1.716827   0.376745  -1.340083 
    31400.0000  -1.727603   0.378112  -1.349490 
    31500.0000  -1.726014   0.367574  -1.358439 
    31600.0000  -1.728641   0.377583  -1.351058 
    31700.0000  -1.719745   0.373270  -1.346475 
    31800.0000  -1.739199   0.368341  -1.370858 
    31900.0000  -1.742778   0.364119  -1.378658 
    32000.0000  -1.748926   0.374326  -1.374601 
    32100.0000  -1.767929   0.368608  -1.399322 
    32200.0000  -1.769202   0.360988  -1.408214 
    32300.0000  -1.774957   0.368607  -1.406350 
    32400.0000  -1.779461   0.369350  -1.410111 
    32500.0000  -1.779846   0.371763  -1.408084 
    32600.0000  -1.781009   0.371807  -1.409202 
    32700.0000  -1.778040   0.369612  -1.408427 
    32800.0000  -1.784251   0.371973  -1.412279 
    32900.0000  -1.785918   0.367674  -1.418244 
    33000.0000  -1.791439   0.370131  -1.421308 
    33100.0000  -1.785965   0.371050  -1.414915 
    33200.0000  -1.797693   0.372674  -1.425019 
    33300.0000  -1.800146   0.372633  -1.427512 
    33400.0000  -1.810762   0.359091  -1.451671 
    33500.0000  -1.825343   0.369909  -1.455434 
    33600.0000  -1.824388   0.360700  -1.463688 
    33700.0000  -1.831494   0.373669  -1.457825 
    33800.0000  -1.842339   0.378552  -1.463787 
    33900.0000  -1.844702   0.365459  -1.479243 
    34000.0000  -1.838933   0.372798  -1.466135 
    34100.0000  -1.830296   0.366753  -1.463544 
    34200.0000  -1.841447   0.369239  -1.472208 
    34300.0000  -1.852961   0.376541  -1.476420 
    34400.0000  -1.845108   0.368660  -1.476448 
    34500.0000  -1.851814   0.375039  -1.476774 
    34600.0000  -1.854535   0.373895  -1.480640 
    34700.0000  -1.863301   0.371588  -1.491713 
    34800.0000  -1.864554   0.363829  -1.500725 
    34900.0000  -1.875177   0.368366  -1.506811 
    35000.0000  -1.885735   0.376007  -1.509729 
    35100.0000  -1.882830   0.377005  -1.505826 
    35200.0000  -1.890666   0.368595  -1.522071 
    35300.0000  -1.891654   0.368895  -1.522759 
    35400.0000  -1.892056   0.376404  -1.515651 
    35500.0000  -1.897287   0.370422  -1.526866 
    35600.0000  -1.900496   0.378984  -1.521512 
    35700.0000  -1.910234   0.370991  -1.539243 
    35800.0000  -1.910686   0.363544  -1.547142 
    35900.0000  -1.912307   0.368253  -1.544054 
    36000.0000  -1.929704   0.368198  -1.561506 
    36100.0000  -1.931797   0.369905  -1.561892 
    36200.0000  -1.937343   0.372803  -1.564540 
    36300.0000  -1.943659   0.375236  -1.568423 
    36400.0000  -1.949399   0.369280  -1.580120 
    36500.0000  -1.946649   0.372173  -1.574476 
    36600.0000  -1.952042   0.377856  -1.574186 
    36700.0000  -1.960870   0.370747  -1.590123 
    36800.0000  -1.961830   0.368122  -1.593708 
    36900.0000  -1.957370   0.380309  -1.577061 
    37000.0000  -1.972280   0.376989  -1.595291 
    37100.0000  -1.977056   0.377499  -1.599557 
    37200.0000  -1.985338   0.376464  -1.608874 
    37300.0000  -1.993170   0.370412  -1.622758 
    37400.0000  -1.998484   0.373489  -1.624995 
    37500.0000  -1.997742   0.372077  -1.625664 
    37600.0000  -2.003060   0.359424  -1.643636 
    37700.0000  -2.009194   0.371536  -1.637658 
    37800.0000  -2.007178   0.374577  -1.632601 
    37900.0000  -2.009287   0.369733  -1.639554 
    38000.0000  -2.013916   0.376087  -1.637828 
    38100.0000  -2.011008   0.370174  -1.640834 
    38200.0000  -2.017283   0.369011  -1.648272 
    38300.0000  -2.015609   0.376963  -1.638646 
    38400.0000  -2.023590   0.371207  -1.652382 
    38500.0000  -2.030048   0.370477  -1.659571 
    38600.0000  -2.034484   0.365876  -1.668608 
    38700.0000  -2.037342   0.370995  -1.666348 
    38800.0000  -2.041062   0.380052  -1.661010 
    38900.0000  -2.037043   0.368751  -1.668292 
    39000.0000  -2.043612   0.370980  -1.672633 
    39100.0000  -2.033290   0.366195  -1.667095 
    39200.0000  -2.048216   0.370203  -1.678013 
    39300.0000  -2.049366   0.366141  -1.683225 
    39400.0000  -2.043972   0.374040  -1.669932 
    39500.0000  -2.057888   0.366889  -1.690999 
    39600.0000  -2.060025   0.373916  -1.686109 
    39700.0000  -2.068605   0.370069  -1.698537 
    39800.0000  -2.069279   0.364194  -1.705085 
    39900.0000  -2.063159   0.364456  -1.698703 
    40000.0000  -2.067136   0.379148  -1.687989 
    40100.0000  -2.060658   0.370982  -1.689676 
    40200.0000  -2.068922   0.367143  -1.701779 
    40300.0000  -2.065218   0.373256  -1.691962 
    40400.0000  -2.074564   0.367070  -1.707494 
    40500.0000  -2.073490   0.373741  -1.699749 
    40600.0000  -2.075187   0.385477  -1.689710 
    40700.0000  -2.080226   0.375534  -1.704692 
    40800.0000  -2.075717   0.373687  -1.702030 
    40900.0000  -2.077136   0.381950  -1.695186 
    41000.0000  -2.081672   0.370981  -1.710691 
    41100.0000  -2.093291   0.371539  -1.721752 
    41200.0000  -2.099659   0.373441  -1.726218 
    41300.0000  -2.102073   0.377766  -1.724307 
    41400.0000  -2.105353   0.367704  -1.737649 
    41500.0000  -2.112664   0.366354  -1.746310 
    41600.0000  -2.110934   0.374236  -1.736698 
    41700.0000  -2.129957   0.374173  -1.755784 
    41800.0000  -2.127465   0.380247  -1.747217 
    41900.0000  -2.129556   0.364410  -1.765146 
    42000.0000  -2.127803   0.368430  -1.759372 
    42100.0000  -2.145118   0.369651  -1.775467 
    42200.0000  -2.150131   0.367981  -1.782150 
    42300.0000  -2.140946   0.372647  -1.768299 
    42400.0000  -2.150791   0.370578  -1.780212 
    42500.0000  -2.152028   0.371723  -1.780305 
    42600.0000  -2.160363   0.374974  -1.785388 
    42700.0000  -2.165770   0.366597  -1.799173 
    42800.0000  -2.174740   0.365644  -1.809096 
    42900.0000  -2.159593   0.366316  -1.793277 
    43000.0000  -2.172973   0.377949  -1.795023 
    43100.0000  -2.179036   0.369298  -1.809738 
    43200.0000  -2.178791   0.372492  -1.806299 
    43300.0000  -2.175487   0.366115  -1.809372 
    43400.0000  -2.187608   0.366600  -1.821008 
    43500.0000  -2.185648   0.370988  -1.814660 
    43600.0000  -2.189803   0.378332  -1.811471 
    43700.0000  -2.201562   0.374109  -1.827453 
    43800.0000  -2.195913   0.372367  -1.823546 
    43900.0000  -2.199745   0.376921  -1.822823 
    44000.0000  -2.196159   0.373635  -1.822524 
    44100.0000  -2.196253   0.382952  -1.813301 
    44200.0000  -2.199207   0.369142  -1.830065 
    44300.0000  -2.202907   0.365057  -1.837849 
    44400.0000  -2.204225   0.373527  -1.830698 
    44500.0000  -2.192587   0.366226  -1.826361 
    44600.0000  -2.207579   0.375767  -1.831812 
    44700.0000  -2.215045   0.378261  -1.836784 
    44800.0000  -2.216031   0.367210  -1.848821 
    44900.0000  -2.223709   0.376281  -1.847429 
    45000.0000  -2.218414   0.374613  -1.843801 
    45100.0000  -2.219118   0.371783  -1.847335 
    45200.0000  -2.217346   0.376887  -1.840459 
    45300.0000  -2.217631   0.367786  -1.849846 
    45400.0000  -2.221252   0.372406  -1.848846 
    45500.0000  -2.215101   0.377323  -1.837779 
    45600.0000  -2.215544   0.374779  -1.840766 
    45700.0000  -2.216069   0.372577  -1.843493 
    45800.0000  -2.217955   0.377727  -1.840228 
    45900.0000  -2.215942   0.380745  -1.835197 
    46000.0000  -2.225630   0.372821  -1.852809 
    46100.0000  -2.229085   0.372509  -1.856576 
    46200.0000  -2.223128   0.368807  -1.854322 
    46300.0000  -2.233056   0.369211  -1.863845 
    46400.0000  -2.227151   0.371630  -1.855521 
    46500.0000  -2.234073   0.371887  -1.862187 
    46600.0000  -2.242948   0.371017  -1.871930 
    46700.0000  -2.243456   0.375365  -1.868091 
    46800.0000  -2.243832   0.370839  -1.872992 
    46900.0000  -2.242223   0.367069  -1.875154 
    47000.0000  -2.251243   0.361053  -1.890190 
    47100.0000  -2.254887   0.376710  -1.878177 
    47200.0000  -2.243571   0.375155  -1.868416 
    47300.0000  -2.258213   0.377141  -1.881072 
    47400.0000  -2.249805   0.371207  -1.878598 
    47500.0000  -2.256144   0.370995  -1.885149 
    47600.0000  -2.256701   0.366620  -1.890082 
    47700.0000  -2.252405   0.368481  -1.883924 
    47800.0000  -2.248666   0.370928  -1.877738 
    47900.0000  -2.251213   0.372755  -1.878457 
    48000.0000  -2.251698   0.370906  -1.880792 
    48100.0000  -2.253279   0.374260  -1.879019 
    48200.0000  -2.257213   0.371245  -1.885968 
    48300.0000  -2.257128   0.370203  -1.886925 
    48400.0000  -2.265415   0.376733  -1.888682 
    48500.0000  -2.273685   0.377052  -1.896634 
    48600.0000  -2.262569   0.375544  -1.887025 
    48700.0000  -2.267492   0.370129  -1.897363 
    48800.0000  -2.270504   0.376521  -1.893983 
    48900.0000  -2.264800   0.372762  -1.892038 
    49000.0000  -2.263929   0.366114  -1.897814 
    49100.0000  -2.263715   0.376720  -1.886995 
    49200.0000  -2.259064   0.371769  -1.887294 
    49300.0000  -2.260777   0.374118  -1.886658 
    49400.0000  -2.262925   0.377902  -1.885023 
    49500.0000  -2.269169   0.369400  -1.899769 
    49600.0000  -2.264770   0.372999  -1.891772 
    49700.0000  -2.270065   0.377845  -1.892220 
    49800.0000  -2.274252   0.372284  -1.901968 
    49900.0000  -2.282219   0.373972  -1.908247 
    50000.0000  -2.274910   0.366041  -1.908868 
    50100.0000  -2.281795   0.369200  -1.912595 
    50200.0000  -2.284471   0.367143  -1.917328 
    50300.0000  -2.277593   0.368015  -1.909579 
    50400.0000  -2.285082   0.369195  -1.915887 
    50500.0000  -2.285904   0.374259  -1.911646 
    50600.0000  -2.288362   0.371766  -1.916596 
    50700.0000  -2.282553   0.370380  -1.912173 
    50800.0000  -2.285401   0.371756  -1.913645 
    50900.0000  -2.282532   0.374348  -1.908184 
    51000.0000  -2.296965   0.369501  -1.927464 
    51100.0000  -2.301066   0.371984  -1.929082 
    51200.0000  -2.300686   0.369472  -1.931214 
    51300.0000  -2.310166   0.371786  -1.938379 
    51400.0000  -2.305876   0.373309  -1.932567 
    51500.0000  -2.300982   0.365896  -1.935086 
    51600.0000  -2.308732   0.364302  -1.944430 
    51700.0000  -2.303066   0.362881  -1.940185 
    51800.0000  -2.304388   0.376162  -1.928226 
    51900.0000  -2.308500   0.367803  -1.940696 
    52000.0000  -2.307596   0.366782  -1.940814 
    52100.0000  -2.306723   0.373433  -1.933290 
    52200.0000  -2.309164   0.371051  -1.938112 
    52300.0000  -2.304735   0.370333  -1.934401 
    52400.0000  -2.308819   0.370509  -1.938310 
    52500.0000  -2.309307   0.371410  -1.937897 
    52600.0000  -2.309374   0.369711  -1.939663 
    52700.0000  -2.320769   0.375207  -1.945562 
    52800.0000  -2.316803   0.371525  -1.945278 
    52900.0000  -2.319667   0.368265  -1.951403 
    53000.0000  -2.317808   0.365246  -1.952562 
    53100.0000  -2.316928   0.377108  -1.939819 
    53200.0000  -2.315656   0.370289  -1.945367 
    53300.0000  -2.321782   0.371232  -1.950549 
    53400.0000  -2.325489   0.376064  -1.949425 
    53500.0000  -2.323417   0.374161  -1.949256 
    53600.0000  -2.332550   0.378015  -1.954535 
    53700.0000  -2.326361   0.380193  -1.946168 
    53800.0000  -2.326636   0.362081  -1.964555 
    53900.0000  -2.328537   0.367543  -1.960994 
    54000.0000  -2.332150   0.370821  -1.961329 
    54100.0000  -2.329041   0.370409  -1.958633 
    54200.0000  -2.333650   0.373146  -1.960505 
    54300.0000  -2.337384   0.369921  -1.967463 
    54400.0000  -2.334868   0.377298  -1.957570 
    54500.0000  -2.339652   0.371389  -1.968262 
    54600.0000  -2.329921   0.366414  -1.963508 
    54700.0000  -2.340164   0.370868  -1.969296 
    54800.0000  -2.339257   0.373799  -1.965458 
    54900.0000  -2.336294   0.371551  -1.964743 
    55000.0000  -2.345063   0.369213  -1.975850 
    55100.0000  -2.333373   0.369112  -1.964261 
    55200.0000  -2.341097   0.371700  -1.969396 
    55300.0000  -2.347767   0.367909  -1.979859 
    55400.0000  -2.349818   0.370849  -1.978970 
    55500.0000  -2.349950   0.375904  -1.974046 
    55600.0000  -2.353245   0.373918  -1.979328 
    55700.0000  -2.351071   0.372031  -1.979040 
    55800.0000  -2.353141   0.361288  -1.991853 
    55900.0000  -2.357394   0.374724  -1.982670 
    56000.0000  -2.365342   0.377730  -1.987612 
    56100.0000  -2.362506   0.367140  -1.995366 
    56200.0000  -2.369245   0.378790  -1.990455 
    56300.0000  -2.363224   0.369705  -1.993519 
    56400.0000  -2.362745   0.383995  -1.978751 
    56500.0000  -2.359680   0.366003  -1.993677 
    56600.0000  -2.357327   0.367045  -1.990282 
    56700.0000  -2.360619   0.365587  -1.995031 
    56800.0000  -2.369597   0.372672  -1.996925 
    56900.0000  -2.370076   0.373054  -1.997022 
    57000.0000  -2.366418   0.369310  -1.997108 
    57100.0000  -2.367973   0.372308  -1.995664 
    57200.0000  -2.363362   0.370110  -1.993251 
    57300.0000  -2.359950   0.368969  -1.990981 
    57400.0000  -2.360222   0.368821  -1.991400 
    57500.0000  -2.356268   0.371164  -1.985104 
    57600.0000  -2.362038   0.368311  -1.993727 
    57700.0000  -2.367136   0.374821  -1.992314 
    57800.0000  -2.364557   0.365218  -1.999339 
    57900.0000  -2.361517   0.375819  -1.985698 
    58000.0000  -2.370489   0.375516  -1.994973 
    58100.0000  -2.364804   0.370357  -1.994447 
    58200.0000  -2.367036   0.371518  -1.995518 
    58300.0000  -2.371599   0.365981  -2.005617 
    58400.0000  -2.371445   0.373912  -1.997533 
    58500.0000  -2.376076   0.382667  -1.993409 
    58600.0000  -2.368917   0.371134  -1.997783 
    58700.0000  -2.364631   0.373471  -1.991160 
    58800.0000  -2.371311   0.375485  -1.995826 
    58900.0000  -2.372780   0.374252  -1.998528 
    59000.0000  -2.367909   0.374480  -1.993429 
    59100.0000  -2.376833   0.376081  -2.000752 
    59200.0000  -2.380559   0.368002  -2.012557 
    59300.0000  -2.387893   0.367151  -2.020742 
    59400.0000  -2.379556   0.364954  -2.014603 
    59500.0000  -2.382163   0.373385  -2.008778 
    59600.0000  -2.389555   0.371602  -2.017953 
    59700.0000  -2.389358   0.370976  -2.018382 
    59800.0000  -2.381556   0.372481  -2.009075 
    59900.0000  -2.388076   0.373635  -2.014441 
    60000.0000  -2.393142   0.372434  -2.020708 
    60100.0000  -2.383934   0.370259  -2.013675 
    60200.0000  -2.382926   0.373289  -2.009637 
    60300.0000  -2.391987   0.378463  -2.013523 
    60400.0000  -2.390020   0.372093  -2.017927 
    60500.0000  -2.383927   0.377047  -2.006880 
    60600.0000  -2.390694   0.373375  -2.017320 
    60700.0000  -2.388405   0.372504  -2.015902 
    60800.0000  -2.387128   0.375587  -2.011541 
    60900.0000  -2.390318   0.384150  -2.006167 
    61000.0000  -2.391043   0.375277  -2.015766 
    61100.0000  -2.387629   0.380902  -2.006727 
    61200.0000  -2.392757   0.370233  -2.022524 
    61300.0000  -2.400401   0.371037  -2.029363 
    61400.0000  -2.391802   0.375143  -2.016659 
    61500.0000  -2.395314   0.363934  -2.031380 
    61600.0000  -2.398763   0.377027  -2.021736 
    61700.0000  -2.400929   0.367852  -2.033077 
    61800.0000  -2.397724   0.378794  -2.018930 
    61900.0000  -2.404989   0.363685  -2.041304 
    62000.0000  -2.404537   0.369154  -2.035383 
    62100.0000  -2.412262   0.371940  -2.040322 
    62200.0000  -2.409839   0.371572  -2.038267 
    62300.0000  -2.410185   0.371245  -2.038940 
    62400.0000  -2.399371   0.374342  -2.025029 
    62500.0000  -2.408743   0.375987  -2.032756 
    62600.0000  -2.411351   0.375386  -2.035965 
    62700.0000  -2.409824   0.375678  -2.034146 
    62800.0000  -2.412648   0.375443  -2.037205 
    62900.0000  -2.413831   0.374624  -2.039207 
    63000.0000  -2.410219   0.375214  -2.035005 
    63100.0000  -2.412498   0.367839  -2.044660 
    63200.0000  -2.413172   0.374122  -2.039050 
    63300.0000  -2.413158   0.381177  -2.031981 
    63400.0000  -2.410264   0.373465  -2.036799 
    63500.0000  -2.413777   0.376203  -2.037575 
    63600.0000  -2.413963   0.364087  -2.049876 
    63700.0000  -2.414358   0.373817  -2.040542 
    63800.0000  -2.409871   0.372053  -2.037817 
    63900.0000  -2.417185   0.370791  -2.046394 
    64000.0000  -2.407146   0.367208  -2.039939 
    64100.0000  -2.413593   0.365507  -2.048086 
    64200.0000  -2.411907   0.381973  -2.029933 
    64300.0000  -2.418738   0.374895  -2.043844 
    64400.0000  -2.414347   0.378941  -2.035406 
    64500.0000  -2.420002   0.373406  -2.046596 
    64600.0000  -2.416585   0.374438  -2.042147 
    64700.0000  -2.413736   0.370112  -2.043624 
    64800.0000  -2.416580   0.362437  -2.054143 
    64900.0000  -2.414180   0.369597  -2.044583 
    65000.0000  -2.416445   0.374794  -2.041652 
    65100.0000  -2.423720   0.372387  -2.051334 
    65200.0000  -2.419334   0.376079  -2.043254 
    65300.0000  -2.417463   0.382024  -2.035440 
    65400.0000  -2.418107   0.376802  -2.041305 
    65500.0000  -2.423480   0.365261  -2.058220 
    65600.0000  -2.422210   0.374448  -2.047762 
    65700.0000  -2.421311   0.380306  -2.041006 
    65800.0000  -2.420492   0.372263  -2.048228 
    65900.0000  -2.420544   0.369733  -2.050811 
    66000.0000  -2.428596   0.375163  -2.053433 
    66100.0000  -2.424918   0.369010  -2.055908 
    66200.0000  -2.426678   0.371425  -2.055253 
    66300.0000  -2.422732   0.360704  -2.062028 
    66400.0000  -2.432753   0.368683  -2.064070 
    66500.0000  -2.428768   0.375758  -2.053010 
    66600.0000  -2.426492   0.376919  -2.049573 
    66700.0000  -2.423015   0.374862  -2.048154 
    66800.0000  -2.426022   0.362688  -2.063335 
    66900.0000  -2.424259   0.379121  -2.045138 
    67000.0000  -2.427252   0.372183  -2.055069 
    67100.0000  -2.424777   0.382472  -2.042305 
    67200.0000  -2.425240   0.380914  -2.044326 
    67300.0000  -2.430115   0.371143  -2.058972 
    67400.0000  -2.429498   0.373588  -2.055910 
    67500.0000  -2.421882   0.371070  -2.050812 
    67600.0000  -2.427490   0.365225  -2.062265 
    67700.0000  -2.421814   0.374976  -2.046838 
    67800.0000  -2.423404   0.369890  -2.053514 
    67900.0000  -2.425179   0.376366  -2.048814 
    68000.0000  -2.418112   0.371137  -2.046975 
    68100.0000  -2.416472   0.373953  -2.042518 
    68200.0000  -2.422900   0.373244  -2.049657 
    68300.0000  -2.421904   0.361788  -2.060116 
    68400.0000  -2.434473   0.371571  -2.062902 
    68500.0000  -2.431367   0.367908  -2.063459 
    68600.0000  -2.427508   0.368652  -2.058856 
    68700.0000  -2.426911   0.374003  -2.052908 
    68800.0000  -2.422841   0.371512  -2.051329 
    68900.0000  -2.435020   0.367780  -2.067240 
    69000.0000  -2.427351   0.370686  -2.056665 
    69100.0000  -2.430026   0.371434  -2.058592 
    69200.0000  -2.433821   0.371991  -2.061830 
    69300.0000  -2.434014   0.375489  -2.058525 
    69400.0000  -2.435846   0.372224  -2.063623 
    69500.0000  -2.431187   0.372573  -2.058615 
    69600.0000  -2.434716   0.375758  -2.058958 
    69700.0000  -2.439344   0.367704  -2.071639 
    69800.0000  -2.436219   0.372372  -2.063847 
    69900.0000  -2.439812   0.369169  -2.070643 
    70000.0000  -2.438645   0.368852  -2.069794 
    70100.0000  -2.441413   0.378346  -2.063067 
    70200.0000  -2.428577   0.381117  -2.047460 
    70300.0000  -2.434946   0.368954  -2.065992 
    70400.0000  -2.439879   0.370354  -2.069524 
    70500.0000  -2.434704   0.369992  -2.064712 
    70600.0000  -2.439287   0.374368  -2.064918 
    70700.0000  -2.438749   0.374965  -2.063784 
    70800.0000  -2.436419   0.375018  -2.061401 
    70900.0000  -2.438191   0.371706  -2.066485 
    71000.0000  -2.440489   0.376182  -2.064307 
    71100.0000  -2.446261   0.370517  -2.075743 
    71200.0000  -2.447230   0.371576  -2.075654 
    71300.0000  -2.444942   0.370322  -2.074621 
    71400.0000  -2.443291   0.375566  -2.067725 
    71500.0000  -2.438617   0.371882  -2.066735 
    71600.0000  -2.444464   0.367150  -2.077313 
    71700.0000  -2.442189   0.366973  -2.075216 
    71800.0000  -2.438639   0.372142  -2.066497 
    71900.0000  -2.444697   0.374873  -2.069824 
    72000.0000  -2.439810   0.375203  -2.064607 
    72100.0000  -2.438317   0.382075  -2.056242 
    72200.0000  -2.446226   0.371033  -2.075193 
    72300.0000  -2.444603   0.371960  -2.072643 
    72400.0000  -2.443611   0.368480  -2.075131 
    72500.0000  -2.442952   0.375609  -2.067343 
    72600.0000  -2.445470   0.371313  -2.074157 
    72700.0000  -2.442924   0.369319  -2.073605 
    72800.0000  -2.444524   0.378333  -2.066192 
    72900.0000  -2.444016   0.371984  -2.072031 
    73000.0000  -2.446960   0.365831  -2.081128 
    73100.0000  -2.445734   0.377810  -2.067925 
    73200.0000  -2.450125   0.374255  -2.075871 
    73300.0000  -2.444267   0.367223  -2.077044 
    73400.0000  -2.446896   0.373030  -2.073866 
    73500.0000  -2.442445   0.384564  -2.057880 
    73600.0000  -2.437406   0.373250  -2.064155 
    73700.0000  -2.442001   0.368430  -2.073571 
    73800.0000  -2.438420   0.364759  -2.073661 
    73900.0000  -2.440593   0.375650  -2.064943 
    74000.0000  -2.437638   0.372881  -2.064757 
    74100.0000  -2.438343   0.374541  -2.063802 
    74200.0000  -2.445379   0.376743  -2.068636 
    74300.0000  -2.446832   0.364586  -2.082247 
    74400.0000  -2.445415   0.368933  -2.076482 
    74500.0000  -2.450648   0.381177  -2.069470 
    74600.0000  -2.448944   0.369912  -2.079032 
    74700.0000  -2.455856   0.368908  -2.086949 
    74800.0000  -2.451139   0.362446  -2.088693 
    74900.0000  -2.450675   0.378084  -2.072591 
    75000.0000  -2.452847   0.362559  -2.090288 
    75100.0000  -2.452026   0.373981  -2.078045 
    75200.0000  -2.459499   0.382519  -2.076980 
    75300.0000  -2.458060   0.374090  -2.083971 
    75400.0000  -2.448065   0.377069  -2.070996 
    75500.0000  -2.449119   0.368341  -2.080778 
    75600.0000  -2.455297   0.374417  -2.080880 
    75700.0000  -2.452917   0.365655  -2.087263 
    75800.0000  -2.457274   0.362902  -2.094371 
    75900.0000  -2.459143   0.364075  -2.095068 
    76000.0000  -2.461492   0.372609  -2.088883 
    76100.0000  -2.454334   0.371898  -2.082436 
    76200.0000  -2.457753   0.361790  -2.095963 
    76300.0000  -2.459664   0.369085  -2.090578 
    76400.0000  -2.456092   0.373088  -2.083004 
    76500.0000  -2.457912   0.366485  -2.091427 
    76600.0000  -2.465757   0.369869  -2.095888 
    76700.0000  -2.460209   0.380521  -2.079688 
    76800.0000  -2.465983   0.372817  -2.093167 
    76900.0000  -2.459931   0.367586  -2.092345 
    77000.0000  -2.457881   0.382145  -2.075735 
    77100.0000  -2.460786   0.371366  -2.089420 
    77200.0000  -2.460069   0.368014  -2.092054 
    77300.0000  -2.462022   0.366647  -2.095375 
    77400.0000  -2.459809   0.372624  -2.087185 
    77500.0000  -2.461066   0.376060  -2.085006 
    77600.0000  -2.464282   0.369762  -2.094520 
    77700.0000  -2.465566   0.374070  -2.091496 
    77800.0000  -2.466856   0.377432  -2.089424 
    77900.0000  -2.472266   0.375027  -2.097239 
    78000.0000  -2.471412   0.379027  -2.092385 
    78100.0000  -2.470432   0.374865  -2.095567 
    78200.0000  -2.468148   0.372862  -2.095286 
    78300.0000  -2.472165   0.369230  -2.102936 
    78400.0000  -2.477341   0.376888  -2.100453 
    78500.0000  -2.470203   0.363813  -2.106390 
    78600.0000  -2.477114   0.369763  -2.107351 
    78700.0000  -2.479851   0.375123  -2.104728 
    78800.0000  -2.480809   0.373510  -2.107299 
    78900.0000  -2.477606   0.365803  -2.111803 
    79000.0000  -2.482491   0.374866  -2.107624 
    79100.0000  -2.480340   0.373190  -2.107149 
    79200.0000  -2.484191   0.364393  -2.119798 
    79300.0000  -2.485844   0.362971  -2.122874 
    79400.0000  -2.475344   0.374672  -2.100672 
    79500.0000  -2.480841   0.372896  -2.107944 
    79600.0000  -2.481357   0.378849  -2.102508 
    79700.0000  -2.483571   0.367072  -2.116498 
    79800.0000  -2.479206   0.366247  -2.112960 
    79900.0000  -2.479041   0.361277  -2.117764 
    80000.0000  -2.479069   0.367671  -2.111398 
    80100.0000  -2.483736   0.375870  -2.107867 
    80200.0000  -2.476839   0.370281  -2.106558 
    80300.0000  -2.479088   0.375256  -2.103832 
    80400.0000  -2.474298   0.380211  -2.094088 
    80500.0000  -2.476630   0.371668  -2.104963 
    80600.0000  -2.472895   0.375107  -2.097788 
    80700.0000  -2.476738   0.371872  -2.104866 
    80800.0000  -2.477374   0.368354  -2.109020 
    80900.0000  -2.481598   0.373308  -2.108290 
    81000.0000  -2.479380   0.371695  -2.107685 
    81100.0000  -2.475025   0.378802  -2.096223 
    81200.0000  -2.480058   0.372513  -2.107545 
    81300.0000  -2.486238   0.368101  -2.118137 
    81400.0000  -2.486232   0.388910  -2.097322 
    81500.0000  -2.481128   0.372738  -2.108390 
    81600.0000  -2.481651   0.366436  -2.115215 
    81700.0000  -2.488625   0.379708  -2.108917 
    81800.0000  -2.487940   0.377323  -2.110617 
    81900.0000  -2.488442   0.368965  -2.119476 
    82000.0000  -2.479540   0.367074  -2.112466 
    82100.0000  -2.492749   0.373672  -2.119077 
    82200.0000  -2.485912   0.376406  -2.109506 
    82300.0000  -2.486124   0.374055  -2.112069 
    82400.0000  -2.488668   0.373916  -2.114752 
    82500.0000  -2.489593   0.372966  -2.116627 
    82600.0000  -2.489743   0.378120  -2.111623 
    82700.0000  -2.495267   0.373191  -2.122076 
    82800.0000  -2.492721   0.373483  -2.119238 
    82900.0000  -2.491787   0.377253  -2.114535 
    83000.0000  -2.495440   0.370279  -2.125160 
    83100.0000  -2.488537   0.382919  -2.105618 
    83200.0000  -2.488663   0.374272  -2.114391 
    83300.0000  -2.493771   0.365454  -2.128317 
    83400.0000  -2.489659   0.370825  -2.118834 
    83500.0000  -2.492996   0.367685  -2.125311 
    83600.0000  -2.491972   0.375745  -2.116227 
    83700.0000  -2.493738   0.370904  -2.122834 
    83800.0000  -2.495717   0.368991  -2.126726 
    83900.0000  -2.491603   0.375521  -2.116081 
    84000.0000  -2.494306   0.369784  -2.124522 
    84100.0000  -2.491729   0.371846  -2.119883 
    84200.0000  -2.496074   0.369792  -2.126282 
    84300.0000  -2.488890   0.378354  -2.110536 
    84400.0000  -2.491335   0.365424  -2.125912 
    84500.0000  -2.497756   0.371400  -2.126356 
    84600.0000  -2.497879   0.373578  -2.124301 
    84700.0000  -2.498860   0.370369  -2.128491 
    84800.0000  -2.495758   0.374054  -2.121704 
    84900.0000  -2.498783   0.384860  -2.113923 
    85000.0000  -2.496394   0.368076  -2.128319 
    85100.0000  -2.496767   0.373094  -2.123673 
    85200.0000  -2.499245   0.370952  -2.128293 
    85300.0000  -2.500069   0.364758  -2.135311 
    85400.0000  -2.497344   0.361874  -2.135470 
    85500.0000  -2.501139   0.372753  -2.128386 
    85600.0000  -2.502941   0.364947  -2.137994 
    85700.0000  -2.502434   0.375180  -2.127254 
    85800.0000  -2.498076   0.367194  -2.130882 
    85900.0000  -2.494552   0.381790  -2.112761 
    86000.0000  -2.494341   0.370807  -2.123534 
    86100.0000  -2.489082   0.375730  -2.113352 
    86200.0000  -2.488015   0.379425  -2.108590 
    86300.0000  -2.486769   0.382671  -2.104098 
    86400.0000  -2.490078   0.371452  -2.118626 
    86500.0000  -2.495597   0.362214  -2.133383 
    86600.0000  -2.492087   0.374547  -2.117540 
    86700.0000  -2.490080   0.370584  -2.119495 
    86800.0000  -2.493268   0.375102  -2.118166 
    86900.0000  -2.493148   0.374791  -2.118357 
    87000.0000  -2.500614   0.368081  -2.132533 
    87100.0000  -2.494668   0.367239  -2.127429 
    87200.0000  -2.495499   0.372429  -2.123070 
    87300.0000  -2.500049   0.376832  -2.123216 
    87400.0000  -2.496418   0.367186  -2.129232 
    87500.0000  -2.498551   0.370791  -2.127760 
    87600.0000  -2.498493   0.365887  -2.132606 
    87700.0000  -2.503187   0.376097  -2.127090 
    87800.0000  -2.496047   0.372970  -2.123077 
    87900.0000  -2.502965   0.370369  -2.132596 
    88000.0000  -2.494868   0.370049  -2.124819 
    88100.0000  -2.502097   0.369486  -2.132611 
    88200.0000  -2.499033   0.374760  -2.124273 
    88300.0000  -2.503332   0.374769  -2.128563 
    88400.0000  -2.500216   0.374170  -2.126045 
    88500.0000  -2.504982   0.378588  -2.126393 
    88600.0000  -2.492896   0.373363  -2.119533 
    88700.0000  -2.499208   0.369099  -2.130109 
    88800.0000  -2.501071   0.374694  -2.126377 
    88900.0000  -2.503780   0.373103  -2.130677 
    89000.0000  -2.503239   0.380514  -2.122725 
    89100.0000  -2.508003   0.375657  -2.132345 
    89200.0000  -2.499767   0.372433  -2.127334 
    89300.0000  -2.505592   0.367149  -2.138443 
    89400.0000  -2.509373   0.371093  -2.138280 
    89500.0000  -2.505975   0.375041  -2.130934 
    89600.0000  -2.507034   0.375463  -2.131571 
    89700.0000  -2.514742   0.374459  -2.140282 
    89800.0000  -2.511207   0.373524  -2.137683 
    89900.0000  -2.516500   0.373918  -2.142582 
    90000.0000  -2.513477   0.372515  -2.140962 
    90100.0000  -2.513382   0.370433  -2.142948 
    90200.0000  -2.504597   0.372659  -2.131938 
    90300.0000  -2.505550   0.379643  -2.125907 
    90400.0000  -2.505412   0.374788  -2.130624 
    90500.0000  -2.512900   0.364511  -2.148390 
    90600.0000  -2.508247   0.374906  -2.133341 
    90700.0000  -2.509799   0.365451  -2.144348 
    90800.0000  -2.507257   0.370338  -2.136919 
    90900.0000  -2.512393   0.376780  -2.135613 
    91000.0000  -2.507961   0.372362  -2.135599 
    91100.0000  -2.509750   0.374613  -2.135137 
    91200.0000  -2.510765   0.362472  -2.148292 
    91300.0000  -2.513861   0.370139  -2.143722 
    91400.0000  -2.510761   0.367584  -2.143177 
    91500.0000  -2.509767   0.365686  -2.144081 
    91600.0000  -2.514259   0.368443  -2.145816 
    91700.0000  -2.515929   0.362389  -2.153540 
    91800.0000  -2.517762   0.366863  -2.150899 
    91900.0000  -2.511282   0.371763  -2.139519 
    92000.0000  -2.511377   0.376863  -2.134514 
    92100.0000  -2.513798   0.375458  -2.138341 
    92200.0000  -2.514638   0.370235  -2.144402 
    92300.0000  -2.516620   0.367851  -2.148769 
    92400.0000  -2.515392   0.361240  -2.154152 
    92500.0000  -2.521448   0.366269  -2.155179 
    92600.0000  -2.510686   0.369367  -2.141319 
    92700.0000  -2.510502   0.374457  -2.136045 
    92800.0000  -2.509978   0.377289  -2.132689 
    92900.0000  -2.514552   0.374656  -2.139896 
    93000.0000  -2.514659   0.366040  -2.148619 
    93100.0000  -2.514975   0.374459  -2.140516 
    93200.0000  -2.513968   0.373594  -2.140374 
    93300.0000  -2.511394   0.377747  -2.133647 
    93400.0000  -2.511769   0.377469  -2.134300 
    93500.0000  -2.512051   0.363367  -2.148684 
    93600.0000  -2.512973   0.365968  -2.147006 
    93700.0000  -2.510989   0.371080  -2.139910 
    93800.0000  -2.512636   0.380443  -2.132192 
    93900.0000  -2.517453   0.363104  -2.154349 
    94000.0000  -2.512306   0.374496  -2.137810 
    94100.0000  -2.520201   0.373187  -2.147014 
    94200.0000  -2.517555   0.371133  -2.146422 
    94300.0000  -2.521540   0.369543  -2.151996 
    94400.0000  -2.517058   0.370831  -2.146228 
    94500.0000  -2.516943   0.374740  -2.142203 
    94600.0000  -2.519532   0.367764  -2.151768 
    94700.0000  -2.528903   0.372719  -2.156184 
    94800.0000  -2.527044   0.375395  -2.151649 
    94900.0000  -2.520896   0.372029  -2.148866 
    95000.0000  -2.520763   0.375418  -2.145345 
    95100.0000  -2.524183   0.381955  -2.142228 
    95200.0000  -2.517752   0.368273  -2.149479 
    95300.0000  -2.517720   0.374877  -2.142843 
    95400.0000  -2.523549   0.367505  -2.156045 
    95500.0000  -2.511588   0.374422  -2.137166 
    95600.0000  -2.516075   0.373175  -2.142900 
    95700.0000  -2.522956   0.374047  -2.148908 
    95800.0000  -2.520946   0.376941  -2.144005 
    95900.0000  -2.515854   0.369867  -2.145986 
    96000.0000  -2.516920   0.364044  -2.152876 
    96100.0000  -2.521578   0.367287  -2.154291 
    96200.0000  -2.523222   0.374491  -2.148730 
    96300.0000  -2.520607   0.369853  -2.150754 
    96400.0000  -2.523746   0.370107  -2.153639 
    96500.0000  -2.515939   0.368407  -2.147532 
    96600.0000  -2.514181   0.371229  -2.142952 
    96700.0000  -2.518942   0.362571  -2.156371 
    96800.0000  -2.522118   0.371745  -2.150373 
    96900.0000  -2.518090   0.370286  -2.147804 
    97000.0000  -2.511074   0.375144  -2.135930 
    97100.0000  -2.516928   0.373225  -2.143703 
    97200.0000  -2.512984   0.371511  -2.141474 
    97300.0000  -2.518604   0.377573  -2.141031 
    97400.0000  -2.522634   0.370316  -2.152318 
    97500.0000  -2.523890   0.368555  -2.155335 
    97600.0000  -2.519054   0.382069  -2.136985 
    97700.0000  -2.517893   0.368606  -2.149286 
    97800.0000  -2.515746   0.376125  -2.139621 
    97900.0000  -2.520824   0.376438  -2.144385 
    98000.0000  -2.515089   0.385723  -2.129366 
    98100.0000  -2.515161   0.373116  -2.142046 
    98200.0000  -2.517692   0.377904  -2.139788 
    98300.0000  -2.522456   0.373859  -2.148598 
    98400.0000  -2.512129   0.375473  -2.136656 
    98500.0000  -2.521023   0.374008  -2.147015 
    98600.0000  -2.524631   0.376694  -2.147937 
    98700.0000  -2.518574   0.374239  -2.144336 
    98800.0000  -2.514703   0.364367  -2.150337 
    98900.0000  -2.516491   0.371057  -2.145434 
    99000.0000  -2.517340   0.379161  -2.138179 
    99100.0000  -2.518730   0.372457  -2.146273 
    99200.0000  -2.516486   0.381316  -2.135170 
    99300.0000  -2.517824   0.364793  -2.153031 
    99400.0000  -2.512979   0.366311  -2.146668 
    99500.0000  -2.516600   0.374302  -2.142298 
    99600.0000  -2.521130   0.364620  -2.156510 
    99700.0000  -2.519499   0.367517  -2.151983 
    99800.0000  -2.519666   0.379192  -2.140473 
    99900.0000  -2.512370   0.377809  -2.134561 
   100000.0000  -2.515600   0.374088  -2.141511 
   100100.0000  -2.517491   0.373302  -2.144189 
   100200.0000  -2.510958   0.367426  -2.143532 
   100300.0000  -2.520445   0.365732  -2.154713 
   100400.0000  -2.522998   0.372437  -2.150561 
   100500.0000  -2.524229   0.364946  -2.159283 
   100600.0000  -2.510452   0.371741  -2.138712 
   100700.0000  -2.517707   0.379368  -2.138340 
   100800.0000  -2.524745   0.371870  -2.152875 
   100900.0000  -2.522527   0.368606  -2.153922 
   101000.0000  -2.523561   0.366007  -2.157555 
   101100.0000  -2.517913   0.374836  -2.143077 
   101200.0000  -2.522260   0.365905  -2.156354 
   101300.0000  -2.518584   0.372168  -2.146415 
   101400.0000  -2.520899   0.367129  -2.153770 
   101500.0000  -2.518465   0.370206  -2.148259 
   101600.0000  -2.517445   0.375747  -2.141698 
   101700.0000  -2.523869   0.376067  -2.147802 
   101800.0000  -2.522441   0.372035  -2.150405 
   101900.0000  -2.529441   0.368478  -2.160963 
   102000.0000  -2.528254   0.368280  -2.159974 
   102100.0000  -2.520819   0.375020  -2.145800 
   102200.0000  -2.520730   0.371640  -2.149090 
   102300.0000  -2.525812   0.375881  -2.149931 
   102400.0000  -2.521345   0.371436  -2.149909 
   102500.0000  -2.523983   0.370988  -2.152995 
   102600.0000  -2.519866   0.373379  -2.146486 
   102700.0000  -2.522119   0.357309  -2.164810 
   102800.0000  -2.518430   0.371107  -2.147323 
   102900.0000  -2.518799   0.368361  -2.150437 
   103000.0000  -2.515668   0.373606  -2.142062 
   103100.0000  -2.513814   0.370431  -2.143383 
   103200.0000  -2.515751   0.368638  -2.147113 
   103300.0000  -2.520962   0.380914  -2.140048 
   103400.0000  -2.519076   0.370486  -2.148590 
   103500.0000  -2.521762   0.373120  -2.148642 
   103600.0000  -2.518872   0.374510  -2.144362 
   103700.0000  -2.519712   0.368413  -2.151299 
   103800.0000  -2.517024   0.371981  -2.145042 
   103900.0000  -2.517400   0.365979  -2.151421 
   104000.0000  -2.512887   0.375127  -2.137760 
   104100.0000  -2.518947   0.377369  -2.141577 
   104200.0000  -2.520272   0.370381  -2.149891 
   104300.0000  -2.517720   0.370652  -2.147068 
   104400.0000  -2.514570   0.361369  -2.153200 
   104500.0000  -2.522928   0.372279  -2.150649 
   104600.0000  -2.517271   0.371412  -2.145859 
   104700.0000  -2.512031   0.376480  -2.135551 
   104800.0000  -2.518051   0.366383  -2.151668 
   104900.0000  -2.521976   0.364213  -2.157763 
   105000.0000  -2.521136   0.370087  -2.151049 
   105100.0000  -2.520611   0.372166  -2.148444 
   105200.0000  -2.518954   0.381836  -2.137118 
   105300.0000  -2.524164   0.373092  -2.151072 
   105400.0000  -2.521331   0.378991  -2.142340 
   105500.0000  -2.527016   0.369423  -2.157593 
   105600.0000  -2.523881   0.366917  -2.156964 
   105700.0000  -2.524665   0.372472  -2.152193 
   105800.0000  -2.527406   0.370170  -2.157237 
   105900.0000  -2.523015   0.374502  -2.148513 
   106000.0000  -2.530936   0.374866  -2.156070 
   106100.0000  -2.526241   0.365903  -2.160338 
   106200.0000  -2.525239   0.373847  -2.151392 
   106300.0000  -2.520688   0.374141  -2.146548 
   106400.0000  -2.515496   0.375432  -2.140064 
   106500.0000  -2.522480   0.370498  -2.151982 
   106600.0000  -2.520363   0.371020  -2.149342 
   106700.0000  -2.521465   0.379268  -2.142197 
   106800.0000  -2.524096   0.382055  -2.142040 
   106900.0000  -2.529285   0.371617  -2.157668 
   107000.0000  -2.521921   0.377323  -2.144599 
   107100.0000  -2.522908   0.371402  -2.151506 
   107200.0000  -2.521444   0.365996  -2.155447 
   107300.0000  -2.525111   0.380010  -2.145100 
   107400.0000  -2.522669   0.372677  -2.149993 
   107500.0000  -2.520173   0.372686  -2.147487 
   107600.0000  -2.521519   0.372949  -2.148570 
   107700.0000  -2.526259   0.364635  -2.161623 
   107800.0000  -2.518226   0.366792  -2.151434 
   107900.0000  -2.527250   0.376672  -2.150578 
   108000.0000  -2.520111   0.369318  -2.150793 
   108100.0000  -2.517560   0.371091  -2.146469 
   108200.0000  -2.522488   0.366275  -2.156213 
   108300.0000  -2.519121   0.372053  -2.147068 
   108400.0000  -2.522343   0.371845  -2.150497 
   108500.0000  -2.523999   0.370042  -2.153958 
   108600.0000  -2.521262   0.370161  -2.151101 
   108700.0000  -2.518376   0.366388  -2.151988 
   108800.0000  -2.521379   0.381249  -2.140130 
   108900.0000  -2.521649   0.373595  -2.148054 
   109000.0000  -2.522170   0.371800  -2.150371 
   109100.0000  -2.525720   0.369820  -2.155900 
   109200.0000  -2.524063   0.365620  -2.158443 
   109300.0000  -2.524700   0.382029  -2.142671 
   109400.0000  -2.524376   0.368297  -2.156079 
   109500.0000  -2.522270   0.377579  -2.144690 
   109600.0000  -2.524771   0.367251  -2.157520 
   109700.0000  -2.519185   0.373501  -2.145684 
   109800.0000  -2.523103   0.366147  -2.156957 
   109900.0000  -2.529186   0.369117  -2.160069 
   110000.0000  -2.528963   0.374153  -2.154810 
   110100.0000  -2.522872   0.367010  -2.155862 
   110200.0000  -2.521160   0.371603  -2.149557 
   110300.0000  -2.520035   0.367455  -2.152580 
   110400.0000  -2.525936   0.362535  -2.163402 
   110500.0000  -2.521652   0.371947  -2.149706 
   110600.0000  -2.527798   0.369414  -2.158384 
   110700.0000  -2.529444   0.376349  -2.153095 
   110800.0000  -2.527043   0.378859  -2.148184 
   110900.0000  -2.525068   0.376322  -2.148746 
   111000.0000  -2.527708   0.376563  -2.151145 
   111100.0000  -2.517814   0.374274  -2.143540 
   111200.0000  -2.525398   0.369119  -2.156279 
   111300.0000  -2.520689   0.371366  -2.149323 
   111400.0000  -2.522886   0.370726  -2.152160 
   111500.0000  -2.523741   0.373242  -2.150499 
   111600.0000  -2.520319   0.361115  -2.159203 
   111700.0000  -2.521934   0.368555  -2.153379 
   111800.0000  -2.523211   0.370581  -2.152630 
   111900.0000  -2.524610   0.367846  -2.156764 
   112000.0000  -2.522199   0.373132  -2.149067 
   112100.0000  -2.519948   0.370517  -2.149431 
   112200.0000  -2.517200   0.375508  -2.141692 
   112300.0000  -2.522892   0.387795  -2.135096 
   112400.0000  -2.519621   0.374643  -2.144978 
   112500.0000  -2.520375   0.374780  -2.145595 
   112600.0000  -2.530144   0.366492  -2.163652 
   112700.0000  -2.523800   0.372027  -2.151774 
   112800.0000  -2.521798   0.373195  -2.148602 
   112900.0000  -2.522790   0.361664  -2.161127 
   113000.0000  -2.519949   0.363085  -2.156864 
   113100.0000  -2.523926   0.372834  -2.151093 
   113200.0000  -2.525456   0.371280  -2.154176 
   113300.0000  -2.528911   0.370609  -2.158302 
   113400.0000  -2.524722   0.371088  -2.153635 
   113500.0000  -2.529274   0.366341  -2.162933 
   113600.0000  -2.521629   0.374091  -2.147538 
   113700.0000  -2.524335   0.369977  -2.154358 
   113800.0000  -2.527623   0.374624  -2.152998 
   113900.0000  -2.525490   0.363745  -2.161745 
   114000.0000  -2.529458   0.376363  -2.153095 
   114100.0000  -2.529013   0.381770  -2.147243 
   114200.0000  -2.524124   0.375820  -2.148303 
   114300.0000  -2.527791   0.375366  -2.152425 
   114400.0000  -2.529117   0.371194  -2.157923 
   114500.0000  -2.527413   0.370391  -2.157022 
   114600.0000  -2.521722   0.377380  -2.144342 
   114700.0000  -2.525351   0.378825  -2.146526 
   114800.0000  -2.528563   0.372954  -2.155609 
   114900.0000  -2.527912   0.375948  -2.151964 
   115000.0000  -2.519632   0.370723  -2.148909 
   115100.0000  -2.521486   0.379420  -2.142066 
   115200.0000  -2.522415   0.374270  -2.148144 
   115300.0000  -2.527443   0.367455  -2.159989 
   115400.0000  -2.522599   0.359996  -2.162603 
   115500.0000  -2.529687   0.369222  -2.160466 
   115600.0000  -2.522327   0.375537  -2.146790 
   115700.0000  -2.520029   0.368633  -2.151395 
   115800.0000  -2.526235   0.371307  -2.154928 
   115900.0000  -2.522457   0.371191  -2.151266 
   116000.0000  -2.522044   0.362950  -2.159094 
   116100.0000  -2.520944   0.365524  -2.155420 
   116200.0000  -2.522789   0.374800  -2.147989 
   116300.0000  -2.526217   0.366575  -2.159642 
   116400.0000  -2.517533   0.380435  -2.137098 
   116500.0000  -2.522813   0.374627  -2.148186 
   116600.0000  -2.518894   0.375641  -2.143254 
   116700.0000  -2.527828   0.372538  -2.155290 
   116800.0000  -2.522456   0.376372  -2.146085 
   116900.0000  -2.525622   0.373212  -2.152410 
   117000.0000  -2.529270   0.372353  -2.156917 
   117100.0000  -2.524260   0.373550  -2.150710 
   117200.0000  -2.530835   0.375724  -2.155110 
   117300.0000  -2.526638   0.374162  -2.152476 
   117400.0000  -2.527478   0.369076  -2.158402 
   117500.0000  -2.526290   0.369039  -2.157250 
   117600.0000  -2.526629   0.377923  -2.148706 
