        0.0000   1.167166   0.370235   1.537401 
      100.0000  -0.138945   0.368843   0.229898 
      200.0000  -0.250101   0.372834   0.122733 
      300.0000  -0.337941   0.371696   0.033754 
      400.0000  -0.398914   0.370348  -0.028567 
      500.0000  -0.467579   0.366553  -0.101025 
      600.0000  -0.511960   0.367108  -0.144852 
      700.0000  -0.551080   0.372162  -0.178918 
      800.0000  -0.578820   0.365079  -0.213741 
      900.0000  -0.609142   0.368765  -0.240377 
     1000.0000  -0.653939   0.367639  -0.286301 
     1100.0000  -0.682071   0.379206  -0.302866 
     1200.0000  -0.681799   0.367212  -0.314587 
     1300.0000  -0.681923   0.365967  -0.315957 
     1400.0000  -0.720257   0.372428  -0.347829 
     1500.0000  -0.730306   0.368304  -0.362002 
     1600.0000  -0.741457   0.365072  -0.376385 
     1700.0000  -0.748048   0.372976  -0.375073 
     1800.0000  -0.777559   0.370359  -0.407201 
     1900.0000  -0.772809   0.367460  -0.405349 
     2000.0000  -0.778847   0.369062  -0.409785 
     2100.0000  -0.796791   0.360908  -0.435884 
     2200.0000  -0.815970   0.370984  -0.444986 
     2300.0000  -0.824813   0.371759  -0.453054 
     2400.0000  -0.817671   0.360451  -0.457220 
     2500.0000  -0.829336   0.368258  -0.461078 
     2600.0000  -0.846493   0.367157  -0.479336 
     2700.0000  -0.826440   0.370297  -0.456144 
     2800.0000  -0.821168   0.369771  -0.451397 
     2900.0000  -0.810402   0.369332  -0.441070 
     3000.0000  -0.820660   0.367286  -0.453374 
     3100.0000  -0.828213   0.362488  -0.465725 
     3200.0000  -0.840500   0.369502  -0.470999 
     3300.0000  -0.846178   0.366342  -0.479836 
     3400.0000  -0.855562   0.378612  -0.476951 
     3500.0000  -0.872559   0.365008  -0.507551 
     3600.0000  -0.857859   0.362416  -0.495443 
     3700.0000  -0.872881   0.368398  -0.504483 
     3800.0000  -0.862209   0.369320  -0.492889 
     3900.0000  -0.869053   0.368393  -0.500660 
     4000.0000  -0.847271   0.370697  -0.476574 
     4100.0000  -0.859560   0.368579  -0.490981 
     4200.0000  -0.875558   0.365639  -0.509918 
     4300.0000  -0.881243   0.368864  -0.512379 
     4400.0000  -0.883780   0.367999  -0.515781 
     4500.0000  -0.888152   0.364646  -0.523506 
     4600.0000  -0.890192   0.378625  -0.511568 
     4700.0000  -0.897797   0.358282  -0.539515 
     4800.0000  -0.910970   0.363936  -0.547034 
     4900.0000  -0.887058   0.368935  -0.518123 
     5000.0000  -0.906997   0.364498  -0.542498 
     5100.0000  -0.918031   0.368075  -0.549956 
     5200.0000  -0.911086   0.367914  -0.543172 
     5300.0000  -0.902997   0.371159  -0.531839 
     5400.0000  -0.917710   0.372620  -0.545090 
     5500.0000  -0.908235   0.372884  -0.535351 
     5600.0000  -0.910385   0.364045  -0.546340 
     5700.0000  -0.907174   0.365836  -0.541338 
     5800.0000  -0.907488   0.370462  -0.537026 
     5900.0000  -0.896499   0.368040  -0.528459 
     6000.0000  -0.907016   0.367082  -0.539934 
     6100.0000  -0.887359   0.372429  -0.514930 
     6200.0000  -0.893358   0.368767  -0.524590 
     6300.0000  -0.870516   0.377117  -0.493399 
     6400.0000  -0.865536   0.377762  -0.487775 
     6500.0000  -0.887854   0.380946  -0.506908 
     6600.0000  -0.893144   0.365991  -0.527153 
     6700.0000  -0.908016   0.371077  -0.536939 
     6800.0000  -0.903181   0.371149  -0.532032 
     6900.0000  -0.919069   0.363684  -0.555385 
     7000.0000  -0.928130   0.376092  -0.552038 
     7100.0000  -0.923069   0.375123  -0.547946 
     7200.0000  -0.908810   0.369963  -0.538847 
     7300.0000  -0.910773   0.360535  -0.550238 
     7400.0000  -0.924594   0.370653  -0.553941 
     7500.0000  -0.907315   0.370605  -0.536710 
     7600.0000  -0.909929   0.372517  -0.537412 
     7700.0000  -0.923313   0.374579  -0.548734 
     7800.0000  -0.937411   0.371539  -0.565872 
     7900.0000  -0.918839   0.375677  -0.543162 
     8000.0000  -0.917444   0.362337  -0.555107 
     8100.0000  -0.919874   0.366170  -0.553705 
     8200.0000  -0.937222   0.371033  -0.566188 
     8300.0000  -0.923666   0.380257  -0.543409 
     8400.0000  -0.914071   0.367549  -0.546522 
     8500.0000  -0.905828   0.369108  -0.536720 
     8600.0000  -0.905623   0.360565  -0.545058 
     8700.0000  -0.909185   0.363110  -0.546075 
     8800.0000  -0.897358   0.375283  -0.522074 
     8900.0000  -0.909321   0.359372  -0.549949 
     9000.0000  -0.903782   0.364461  -0.539321 
     9100.0000  -0.914399   0.367785  -0.546614 
     9200.0000  -0.916043   0.369114  -0.546928 
     9300.0000  -0.922121   0.369556  -0.552566 
     9400.0000  -0.928061   0.373552  -0.554509 
     9500.0000  -0.928279   0.364569  -0.563711 
     9600.0000  -0.909806   0.364266  -0.545540 
     9700.0000  -0.920931   0.367634  -0.553297 
     9800.0000  -0.915543   0.367540  -0.548003 
     9900.0000  -0.927912   0.371954  -0.555958 
    10000.0000  -0.931682   0.371534  -0.560148 
    10100.0000  -0.940563   0.366435  -0.574128 
    10200.0000  -0.930004   0.365994  -0.564011 
    10300.0000  -0.924954   0.365297  -0.559657 
    10400.0000  -0.944660   0.365560  -0.579100 
    10500.0000  -0.953721   0.365115  -0.588606 
    10600.0000  -0.965342   0.367341  -0.598000 
    10700.0000  -0.969421   0.373258  -0.596164 
    10800.0000  -0.981193   0.377281  -0.603911 
    10900.0000  -0.990076   0.368547  -0.621528 
    11000.0000  -0.990184   0.373904  -0.616281 
    11100.0000  -0.999379   0.366609  -0.632770 
    11200.0000  -0.986549   0.366414  -0.620135 
    11300.0000  -1.001167   0.370753  -0.630414 
    11400.0000  -1.000146   0.378592  -0.621554 
    11500.0000  -0.987696   0.373415  -0.614281 
    11600.0000  -1.008735   0.366378  -0.642357 
    11700.0000  -1.005496   0.362764  -0.642732 
    11800.0000  -0.993682   0.369564  -0.624118 
    11900.0000  -0.971467   0.358280  -0.613188 
    12000.0000  -0.988014   0.370585  -0.617430 
    12100.0000  -0.986454   0.375643  -0.610811 
    12200.0000  -0.986486   0.370454  -0.616032 
    12300.0000  -0.992260   0.371940  -0.620320 
    12400.0000  -0.993443   0.368858  -0.624585 
    12500.0000  -0.985619   0.376519  -0.609100 
    12600.0000  -0.969684   0.374892  -0.594792 
    12700.0000  -0.977075   0.370563  -0.606511 
    12800.0000  -0.957528   0.362406  -0.595122 
    12900.0000  -0.976973   0.372896  -0.604078 
    13000.0000  -0.956799   0.364034  -0.592765 
    13100.0000  -0.955770   0.374787  -0.580982 
    13200.0000  -0.952410   0.369654  -0.582756 
    13300.0000  -0.963049   0.372202  -0.590847 
    13400.0000  -0.962095   0.372099  -0.589996 
    13500.0000  -0.984570   0.370668  -0.613902 
    13600.0000  -0.983225   0.364231  -0.618994 
    13700.0000  -0.982479   0.369167  -0.613312 
    13800.0000  -0.975587   0.367281  -0.608306 
    13900.0000  -0.968457   0.371314  -0.597143 
    14000.0000  -0.983184   0.371298  -0.611885 
    14100.0000  -0.986045   0.365338  -0.620707 
    14200.0000  -0.988653   0.370677  -0.617976 
    14300.0000  -0.980039   0.371703  -0.608335 
    14400.0000  -0.977675   0.364366  -0.613309 
    14500.0000  -0.994228   0.370898  -0.623331 
    14600.0000  -1.010106   0.368271  -0.641835 
    14700.0000  -1.015226   0.372452  -0.642774 
    14800.0000  -0.997797   0.364802  -0.632996 
    14900.0000  -1.024932   0.373030  -0.651901 
    15000.0000  -1.028676   0.366327  -0.662349 
    15100.0000  -1.050276   0.372095  -0.678181 
    15200.0000  -1.065153   0.375344  -0.689809 
    15300.0000  -1.067592   0.361384  -0.706208 
    15400.0000  -1.059697   0.367671  -0.692026 
    15500.0000  -1.060318   0.369151  -0.691167 
    15600.0000  -1.046123   0.369829  -0.676295 
    15700.0000  -1.053948   0.376702  -0.677246 
    15800.0000  -1.053475   0.368744  -0.684731 
    15900.0000  -1.053846   0.358979  -0.694867 
    16000.0000  -1.043147   0.362069  -0.681078 
    16100.0000  -1.050509   0.373676  -0.676833 
    16200.0000  -1.054969   0.369312  -0.685657 
    16300.0000  -1.060980   0.380339  -0.680641 
    16400.0000  -1.066856   0.368853  -0.698003 
    16500.0000  -1.072208   0.363399  -0.708809 
    16600.0000  -1.046679   0.363029  -0.683651 
    16700.0000  -1.060299   0.372803  -0.687496 
    16800.0000  -1.063398   0.370089  -0.693309 
    16900.0000  -1.070700   0.375334  -0.695366 
    17000.0000  -1.085746   0.363977  -0.721769 
    17100.0000  -1.089204   0.369517  -0.719687 
    17200.0000  -1.093835   0.373671  -0.720165 
    17300.0000  -1.088253   0.365612  -0.722641 
    17400.0000  -1.076239   0.372086  -0.704152 
    17500.0000  -1.065126   0.359895  -0.705230 
    17600.0000  -1.050096   0.373145  -0.676951 
    17700.0000  -1.060235   0.368912  -0.691323 
    17800.0000  -1.083190   0.370283  -0.712907 
    17900.0000  -1.090801   0.368707  -0.722094 
    18000.0000  -1.107241   0.379036  -0.728205 
    18100.0000  -1.112452   0.368028  -0.744424 
    18200.0000  -1.111429   0.374708  -0.736721 
    18300.0000  -1.112552   0.383995  -0.728557 
    18400.0000  -1.093379   0.363562  -0.729817 
    18500.0000  -1.099159   0.378374  -0.720785 
    18600.0000  -1.087582   0.374898  -0.712684 
    18700.0000  -1.098269   0.371182  -0.727087 
    18800.0000  -1.107118   0.376209  -0.730908 
    18900.0000  -1.113972   0.373928  -0.740044 
    19000.0000  -1.105820   0.369254  -0.736565 
    19100.0000  -1.123144   0.355740  -0.767404 
    19200.0000  -1.123944   0.368789  -0.755155 
    19300.0000  -1.112172   0.368721  -0.743451 
    19400.0000  -1.111264   0.370742  -0.740522 
    19500.0000  -1.120464   0.367136  -0.753328 
    19600.0000  -1.124859   0.381803  -0.743056 
    19700.0000  -1.120390   0.362518  -0.757872 
    19800.0000  -1.135388   0.372193  -0.763195 
    19900.0000  -1.134590   0.375351  -0.759238 
    20000.0000  -1.161110   0.369393  -0.791718 
    20100.0000  -1.183181   0.371513  -0.811667 
    20200.0000  -1.184069   0.369956  -0.814113 
    20300.0000  -1.178830   0.368435  -0.810395 
    20400.0000  -1.180036   0.370350  -0.809685 
    20500.0000  -1.189222   0.361102  -0.828120 
    20600.0000  -1.195843   0.367501  -0.828341 
    20700.0000  -1.196906   0.372237  -0.824669 
    20800.0000  -1.227336   0.372657  -0.854679 
    20900.0000  -1.222703   0.373931  -0.848773 
    21000.0000  -1.223320   0.368641  -0.854679 
    21100.0000  -1.219062   0.371382  -0.847680 
    21200.0000  -1.234335   0.369470  -0.864865 
    21300.0000  -1.231050   0.374074  -0.856976 
    21400.0000  -1.232689   0.383244  -0.849445 
    21500.0000  -1.226838   0.368831  -0.858007 
    21600.0000  -1.245703   0.367018  -0.878686 
    21700.0000  -1.229470   0.371802  -0.857667 
    21800.0000  -1.248014   0.363693  -0.884321 
    21900.0000  -1.239122   0.367621  -0.871502 
    22000.0000  -1.243969   0.368452  -0.875517 
    22100.0000  -1.238023   0.368385  -0.869638 
    22200.0000  -1.250009   0.371053  -0.878956 
    22300.0000  -1.268104   0.368930  -0.899173 
    22400.0000  -1.284307   0.368136  -0.916171 
    22500.0000  -1.283326   0.364171  -0.919155 
    22600.0000  -1.270784   0.374423  -0.896361 
    22700.0000  -1.289057   0.369984  -0.919073 
    22800.0000  -1.305261   0.372214  -0.933048 
    22900.0000  -1.311792   0.367532  -0.944259 
    23000.0000  -1.309257   0.372679  -0.936577 
    23100.0000  -1.310193   0.371621  -0.938573 
    23200.0000  -1.302985   0.362498  -0.940487 
    23300.0000  -1.316880   0.362536  -0.954345 
    23400.0000  -1.314079   0.369955  -0.944124 
    23500.0000  -1.330860   0.362743  -0.968117 
    23600.0000  -1.338391   0.366162  -0.972229 
    23700.0000  -1.343027   0.377634  -0.965392 
    23800.0000  -1.341098   0.352420  -0.988678 
    23900.0000  -1.328538   0.372576  -0.955962 
    24000.0000  -1.338887   0.367571  -0.971315 
    24100.0000  -1.336377   0.359130  -0.977247 
    24200.0000  -1.330974   0.369174  -0.961800 
    24300.0000  -1.339014   0.375069  -0.963945 
    24400.0000  -1.347392   0.373012  -0.974380 
    24500.0000  -1.350147   0.362718  -0.987429 
    24600.0000  -1.358643   0.368472  -0.990171 
    24700.0000  -1.352922   0.377650  -0.975272 
    24800.0000  -1.364929   0.370186  -0.994743 
    24900.0000  -1.361592   0.367465  -0.994127 
    25000.0000  -1.367123   0.370698  -0.996424 
    25100.0000  -1.373354   0.366137  -1.007217 
    25200.0000  -1.379672   0.368277  -1.011395 
    25300.0000  -1.378385   0.369470  -1.008914 
    25400.0000  -1.377733   0.367867  -1.009866 
    25500.0000  -1.381682   0.370272  -1.011410 
    25600.0000  -1.395458   0.359645  -1.035813 
    25700.0000  -1.416091   0.373656  -1.042435 
    25800.0000  -1.429156   0.371680  -1.057476 
    25900.0000  -1.426783   0.376485  -1.050298 
    26000.0000  -1.435712   0.370804  -1.064908 
    26100.0000  -1.430055   0.370690  -1.059366 
    26200.0000  -1.444238   0.364653  -1.079585 
    26300.0000  -1.449829   0.375441  -1.074389 
    26400.0000  -1.442407   0.376323  -1.066084 
    26500.0000  -1.443687   0.360798  -1.082889 
    26600.0000  -1.440710   0.365315  -1.075394 
    26700.0000  -1.456249   0.362331  -1.093918 
    26800.0000  -1.458086   0.368698  -1.089388 
    26900.0000  -1.466987   0.365908  -1.101080 
    27000.0000  -1.472540   0.360454  -1.112086 
    27100.0000  -1.462484   0.364191  -1.098293 
    27200.0000  -1.469198   0.368344  -1.100854 
    27300.0000  -1.484739   0.376386  -1.108353 
    27400.0000  -1.498448   0.360310  -1.138138 
    27500.0000  -1.501179   0.371113  -1.130065 
    27600.0000  -1.498204   0.374346  -1.123858 
    27700.0000  -1.501514   0.362535  -1.138979 
    27800.0000  -1.489234   0.373688  -1.115547 
    27900.0000  -1.502198   0.363539  -1.138658 
    28000.0000  -1.508699   0.374731  -1.133968 
    28100.0000  -1.510955   0.367422  -1.143533 
    28200.0000  -1.516293   0.369112  -1.147181 
    28300.0000  -1.504045   0.370758  -1.133288 
    28400.0000  -1.526747   0.369936  -1.156811 
    28500.0000  -1.536954   0.367879  -1.169075 
    28600.0000  -1.538687   0.364951  -1.173737 
    28700.0000  -1.535109   0.370263  -1.164846 
    28800.0000  -1.536665   0.377036  -1.159629 
    28900.0000  -1.536931   0.366050  -1.170881 
    29000.0000  -1.539278   0.366023  -1.173255 
    29100.0000  -1.531957   0.368926  -1.163031 
    29200.0000  -1.531618   0.367000  -1.164618 
    29300.0000  -1.542424   0.364817  -1.177607 
    29400.0000  -1.546317   0.364299  -1.182018 
    29500.0000  -1.556123   0.371703  -1.184419 
    29600.0000  -1.557388   0.361113  -1.196276 
    29700.0000  -1.554814   0.367342  -1.187472 
    29800.0000  -1.574824   0.380126  -1.194698 
    29900.0000  -1.587051   0.365288  -1.221763 
    30000.0000  -1.601674   0.360885  -1.240790 
    30100.0000  -1.599714   0.366337  -1.233378 
    30200.0000  -1.613837   0.364744  -1.249093 
    30300.0000  -1.615131   0.364318  -1.250813 
    30400.0000  -1.614557   0.368159  -1.246398 
    30500.0000  -1.622361   0.372769  -1.249592 
    30600.0000  -1.629766   0.365593  -1.264173 
    30700.0000  -1.622496   0.362316  -1.260180 
    30800.0000  -1.623201   0.360431  -1.262770 
    30900.0000  -1.630036   0.367158  -1.262879 
    31000.0000  -1.626567   0.361867  -1.264700 
    31100.0000  -1.626886   0.371404  -1.255482 
    31200.0000  -1.633536   0.355964  -1.277572 
    31300.0000  -1.635723   0.368880  -1.266843 
    31400.0000  -1.639684   0.363386  -1.276297 
    31500.0000  -1.655771   0.369655  -1.286116 
    31600.0000  -1.670255   0.370747  -1.299508 
    31700.0000  -1.676254   0.367645  -1.308609 
    31800.0000  -1.681688   0.362555  -1.319133 
    31900.0000  -1.703096   0.360950  -1.342145 
    32000.0000  -1.704247   0.366920  -1.337327 
    32100.0000  -1.712978   0.360498  -1.352480 
    32200.0000  -1.715959   0.369747  -1.346211 
    32300.0000  -1.711658   0.372289  -1.339369 
    32400.0000  -1.721625   0.367137  -1.354488 
    32500.0000  -1.729314   0.367560  -1.361754 
    32600.0000  -1.739713   0.371609  -1.368104 
    32700.0000  -1.737910   0.368841  -1.369069 
    32800.0000  -1.744032   0.361476  -1.382556 
    32900.0000  -1.751736   0.366655  -1.385081 
    33000.0000  -1.750334   0.372323  -1.378010 
    33100.0000  -1.767161   0.373046  -1.394115 
    33200.0000  -1.772287   0.369759  -1.402528 
    33300.0000  -1.775498   0.374737  -1.400762 
    33400.0000  -1.764156   0.375216  -1.388940 
    33500.0000  -1.766177   0.379248  -1.386929 
    33600.0000  -1.776736   0.370250  -1.406486 
    33700.0000  -1.770536   0.371687  -1.398849 
    33800.0000  -1.793349   0.365213  -1.428136 
    33900.0000  -1.792652   0.369434  -1.423219 
    34000.0000  -1.796220   0.365980  -1.430240 
    34100.0000  -1.797720   0.371120  -1.426600 
    34200.0000  -1.802025   0.369692  -1.432332 
    34300.0000  -1.810420   0.373617  -1.436802 
    34400.0000  -1.821273   0.374232  -1.447041 
    34500.0000  -1.824257   0.375084  -1.449173 
    34600.0000  -1.829662   0.371809  -1.457853 
    34700.0000  -1.828388   0.375635  -1.452753 
    34800.0000  -1.823804   0.369484  -1.454320 
    34900.0000  -1.823482   0.368233  -1.455249 
    35000.0000  -1.825098   0.368619  -1.456479 
    35100.0000  -1.823916   0.374760  -1.449156 
    35200.0000  -1.825404   0.368500  -1.456904 
    35300.0000  -1.836479   0.360231  -1.476247 
    35400.0000  -1.846547   0.370000  -1.476547 
    35500.0000  -1.841890   0.379331  -1.462559 
    35600.0000  -1.845369   0.370070  -1.475299 
    35700.0000  -1.856796   0.374772  -1.482024 
    35800.0000  -1.858695   0.365624  -1.493071 
    35900.0000  -1.855461   0.372375  -1.483086 
    36000.0000  -1.849031   0.365029  -1.484003 
    36100.0000  -1.863637   0.365459  -1.498177 
    36200.0000  -1.869664   0.368681  -1.500983 
    36300.0000  -1.879915   0.372177  -1.507737 
    36400.0000  -1.869026   0.363121  -1.505905 
    36500.0000  -1.889929   0.374772  -1.515157 
    36600.0000  -1.877947   0.374594  -1.503353 
    36700.0000  -1.877108   0.373931  -1.503177 
    36800.0000  -1.869649   0.367699  -1.501950 
    36900.0000  -1.871882   0.365666  -1.506215 
    37000.0000  -1.886227   0.361519  -1.524708 
    37100.0000  -1.886841   0.367806  -1.519035 
    37200.0000  -1.899739   0.374031  -1.525708 
    37300.0000  -1.897740   0.366233  -1.531507 
    37400.0000  -1.901755   0.367976  -1.533779 
    37500.0000  -1.901976   0.372784  -1.529192 
    37600.0000  -1.904333   0.375054  -1.529279 
    37700.0000  -1.917986   0.372493  -1.545493 
    37800.0000  -1.920161   0.372647  -1.547514 
    37900.0000  -1.912896   0.372859  -1.540037 
    38000.0000  -1.918025   0.366426  -1.551600 
    38100.0000  -1.919758   0.374878  -1.544880 
    38200.0000  -1.924240   0.365920  -1.558320 
    38300.0000  -1.918818   0.372618  -1.546201 
    38400.0000  -1.923887   0.370902  -1.552985 
    38500.0000  -1.925198   0.370810  -1.554388 
    38600.0000  -1.933821   0.369832  -1.563989 
    38700.0000  -1.934822   0.373300  -1.561522 
    38800.0000  -1.947620   0.374738  -1.572882 
    38900.0000  -1.949357   0.368397  -1.580960 
    39000.0000  -1.958888   0.360304  -1.598584 
    39100.0000  -1.954938   0.373449  -1.581489 
    39200.0000  -1.952101   0.366014  -1.586087 
    39300.0000  -1.946574   0.372756  -1.573817 
    39400.0000  -1.954924   0.366062  -1.588862 
    39500.0000  -1.957564   0.379653  -1.577911 
    39600.0000  -1.958400   0.368894  -1.589506 
    39700.0000  -1.969494   0.372890  -1.596605 
    39800.0000  -1.984456   0.371486  -1.612970 
    39900.0000  -1.989286   0.369142  -1.620143 
    40000.0000  -1.996290   0.372195  -1.624095 
    40100.0000  -1.998750   0.366473  -1.632277 
    40200.0000  -2.003679   0.369665  -1.634014 
    40300.0000  -2.002437   0.368331  -1.634106 
    40400.0000  -1.995043   0.370941  -1.624102 
    40500.0000  -1.999813   0.358577  -1.641236 
    40600.0000  -1.995105   0.370146  -1.624959 
    40700.0000  -1.997435   0.371892  -1.625543 
    40800.0000  -1.997066   0.373305  -1.623761 
    40900.0000  -1.997512   0.371203  -1.626308 
    41000.0000  -2.006424   0.371296  -1.635128 
    41100.0000  -2.007670   0.378911  -1.628759 
    41200.0000  -2.019106   0.366452  -1.652654 
    41300.0000  -2.020268   0.363506  -1.656762 
    41400.0000  -2.025963   0.373121  -1.652842 
    41500.0000  -2.021835   0.362791  -1.659043 
    41600.0000  -2.013829   0.375580  -1.638249 
    41700.0000  -2.022485   0.358471  -1.664015 
    41800.0000  -2.021137   0.375959  -1.645178 
    41900.0000  -2.025108   0.373312  -1.651796 
    42000.0000  -2.026440   0.365409  -1.661031 
    42100.0000  -2.030570   0.369015  -1.661555 
    42200.0000  -2.041102   0.366031  -1.675071 
    42300.0000  -2.039698   0.365379  -1.674319 
    42400.0000  -2.033676   0.367163  -1.666512 
    42500.0000  -2.031672   0.367047  -1.664624 
    42600.0000  -2.028510   0.368083  -1.660427 
    42700.0000  -2.043283   0.360450  -1.682832 
    42800.0000  -2.051387   0.379324  -1.672063 
    42900.0000  -2.051990   0.371447  -1.680543 
    43000.0000  -2.053959   0.371330  -1.682629 
    43100.0000  -2.060839   0.367054  -1.693786 
    43200.0000  -2.055944   0.370971  -1.684973 
    43300.0000  -2.070620   0.370056  -1.700564 
    43400.0000  -2.071216   0.366465  -1.704750 
    43500.0000  -2.072433   0.369133  -1.703300 
    43600.0000  -2.070839   0.372358  -1.698481 
    43700.0000  -2.080465   0.371283  -1.709182 
    43800.0000  -2.077099   0.364002  -1.713096 
    43900.0000  -2.076331   0.364037  -1.712294 
    44000.0000  -2.074313   0.362434  -1.711879 
    44100.0000  -2.076251   0.367649  -1.708602 
    44200.0000  -2.084420   0.367977  -1.716443 
    44300.0000  -2.081535   0.372999  -1.708536 
    44400.0000  -2.091276   0.375600  -1.715676 
    44500.0000  -2.094000   0.362555  -1.731445 
    44600.0000  -2.097267   0.361942  -1.735325 
    44700.0000  -2.089184   0.372230  -1.716955 
    44800.0000  -2.085901   0.376796  -1.709105 
    44900.0000  -2.093016   0.368846  -1.724170 
    45000.0000  -2.095334   0.373228  -1.722105 
    45100.0000  -2.095300   0.371601  -1.723699 
    45200.0000  -2.090457   0.367953  -1.722504 
    45300.0000  -2.098606   0.370821  -1.727785 
    45400.0000  -2.090910   0.367042  -1.723868 
    45500.0000  -2.098281   0.363713  -1.734569 
    45600.0000  -2.103450   0.376604  -1.726846 
    45700.0000  -2.103373   0.366539  -1.736833 
    45800.0000  -2.105606   0.377403  -1.728202 
    45900.0000  -2.111895   0.368387  -1.743508 
    46000.0000  -2.106811   0.367327  -1.739484 
    46100.0000  -2.111341   0.364560  -1.746781 
    46200.0000  -2.117434   0.362891  -1.754543 
    46300.0000  -2.112691   0.365132  -1.747558 
    46400.0000  -2.115139   0.366279  -1.748860 
    46500.0000  -2.122001   0.369849  -1.752152 
    46600.0000  -2.125375   0.371270  -1.754104 
    46700.0000  -2.128137   0.358967  -1.769170 
    46800.0000  -2.125913   0.366701  -1.759212 
    46900.0000  -2.126389   0.365282  -1.761107 
    47000.0000  -2.134408   0.364389  -1.770018 
    47100.0000  -2.139167   0.371677  -1.767490 
    47200.0000  -2.138067   0.368896  -1.769171 
    47300.0000  -2.129753   0.366531  -1.763222 
    47400.0000  -2.131343   0.368315  -1.763028 
    47500.0000  -2.131868   0.364747  -1.767121 
    47600.0000  -2.135556   0.368809  -1.766747 
    47700.0000  -2.132346   0.370475  -1.761871 
    47800.0000  -2.133917   0.358333  -1.775584 
    47900.0000  -2.143451   0.361778  -1.781673 
    48000.0000  -2.150988   0.371081  -1.779908 
    48100.0000  -2.148313   0.372223  -1.776090 
    48200.0000  -2.147413   0.367580  -1.779833 
    48300.0000  -2.138815   0.370481  -1.768334 
    48400.0000  -2.135000   0.363299  -1.771701 
    48500.0000  -2.141583   0.359419  -1.782165 
    48600.0000  -2.143431   0.369309  -1.774122 
    48700.0000  -2.142861   0.366430  -1.776431 
    48800.0000  -2.151286   0.368395  -1.782891 
    48900.0000  -2.151005   0.360799  -1.790206 
    49000.0000  -2.154353   0.376754  -1.777600 
    49100.0000  -2.157173   0.372205  -1.784968 
    49200.0000  -2.159187   0.365691  -1.793497 
    49300.0000  -2.153231   0.357180  -1.796051 
    49400.0000  -2.159509   0.359896  -1.799612 
    49500.0000  -2.154185   0.374413  -1.779772 
    49600.0000  -2.155142   0.369024  -1.786117 
    49700.0000  -2.141297   0.368677  -1.772620 
    49800.0000  -2.144630   0.369559  -1.775071 
    49900.0000  -2.149638   0.372947  -1.776691 
    50000.0000  -2.153242   0.368196  -1.785046 
    50100.0000  -2.150738   0.369396  -1.781342 
    50200.0000  -2.156497   0.362201  -1.794297 
    50300.0000  -2.160083   0.368367  -1.791716 
    50400.0000  -2.143600   0.366414  -1.777185 
    50500.0000  -2.150559   0.358527  -1.792032 
    50600.0000  -2.157460   0.374776  -1.782685 
    50700.0000  -2.161314   0.372956  -1.788358 
    50800.0000  -2.167208   0.365866  -1.801342 
    50900.0000  -2.167073   0.364050  -1.803023 
    51000.0000  -2.160589   0.369395  -1.791194 
    51100.0000  -2.162848   0.362702  -1.800146 
    51200.0000  -2.159489   0.369588  -1.789901 
    51300.0000  -2.153790   0.365713  -1.788077 
    51400.0000  -2.162787   0.360274  -1.802513 
    51500.0000  -2.161727   0.358932  -1.802795 
    51600.0000  -2.165230   0.370997  -1.794233 
    51700.0000  -2.169563   0.367989  -1.801574 
    51800.0000  -2.157515   0.364958  -1.792556 
    51900.0000  -2.162320   0.363900  -1.798421 
    52000.0000  -2.165737   0.369830  -1.795907 
    52100.0000  -2.170474   0.367681  -1.802793 
    52200.0000  -2.178055   0.368847  -1.809207 
    52300.0000  -2.179958   0.365774  -1.814184 
    52400.0000  -2.189389   0.371997  -1.817393 
    52500.0000  -2.187110   0.370435  -1.816675 
    52600.0000  -2.188691   0.359813  -1.828878 
    52700.0000  -2.182390   0.367569  -1.814821 
    52800.0000  -2.192210   0.370199  -1.822011 
    52900.0000  -2.193745   0.372926  -1.820819 
    53000.0000  -2.196108   0.370869  -1.825238 
    53100.0000  -2.191517   0.371489  -1.820028 
    53200.0000  -2.193439   0.374045  -1.819394 
    53300.0000  -2.188851   0.364609  -1.824242 
    53400.0000  -2.192788   0.371737  -1.821051 
    53500.0000  -2.192009   0.362827  -1.829182 
    53600.0000  -2.199281   0.365232  -1.834049 
    53700.0000  -2.210053   0.360532  -1.849521 
    53800.0000  -2.208523   0.372027  -1.836495 
    53900.0000  -2.208035   0.360357  -1.847679 
    54000.0000  -2.208465   0.364271  -1.844194 
    54100.0000  -2.205196   0.366370  -1.838827 
    54200.0000  -2.204836   0.371742  -1.833094 
    54300.0000  -2.210784   0.363471  -1.847313 
    54400.0000  -2.207276   0.368925  -1.838350 
    54500.0000  -2.210119   0.362772  -1.847347 
    54600.0000  -2.218364   0.367967  -1.850396 
    54700.0000  -2.213254   0.360348  -1.852906 
    54800.0000  -2.204933   0.368307  -1.836627 
    54900.0000  -2.209095   0.370387  -1.838707 
    55000.0000  -2.208682   0.376117  -1.832565 
    55100.0000  -2.210670   0.368683  -1.841988 
    55200.0000  -2.211185   0.367648  -1.843537 
    55300.0000  -2.207683   0.374779  -1.832904 
    55400.0000  -2.210451   0.365159  -1.845293 
    55500.0000  -2.216498   0.367853  -1.848644 
    55600.0000  -2.213798   0.371905  -1.841893 
    55700.0000  -2.215649   0.367147  -1.848503 
    55800.0000  -2.214020   0.368059  -1.845961 
    55900.0000  -2.219213   0.363281  -1.855933 
    56000.0000  -2.222915   0.366892  -1.856023 
    56100.0000  -2.231349   0.364088  -1.867261 
    56200.0000  -2.223266   0.359948  -1.863318 
    56300.0000  -2.222440   0.367786  -1.854654 
    56400.0000  -2.220965   0.369873  -1.851092 
    56500.0000  -2.221809   0.377912  -1.843897 
    56600.0000  -2.211335   0.357942  -1.853393 
    56700.0000  -2.216402   0.361701  -1.854701 
    56800.0000  -2.212534   0.368985  -1.843549 
    56900.0000  -2.219651   0.363669  -1.855981 
    57000.0000  -2.215478   0.370284  -1.845194 
    57100.0000  -2.218135   0.362330  -1.855805 
    57200.0000  -2.215351   0.373004  -1.842347 
    57300.0000  -2.210787   0.379747  -1.831040 
    57400.0000  -2.216691   0.369974  -1.846717 
    57500.0000  -2.222413   0.371751  -1.850663 
    57600.0000  -2.221564   0.372280  -1.849284 
    57700.0000  -2.228707   0.373226  -1.855481 
    57800.0000  -2.224555   0.366481  -1.858074 
    57900.0000  -2.227164   0.371131  -1.856032 
    58000.0000  -2.228915   0.371583  -1.857332 
    58100.0000  -2.220335   0.370164  -1.850171 
    58200.0000  -2.222531   0.370567  -1.851965 
    58300.0000  -2.234673   0.371786  -1.862887 
    58400.0000  -2.237618   0.367065  -1.870553 
    58500.0000  -2.233288   0.364978  -1.868310 
    58600.0000  -2.233953   0.367565  -1.866389 
    58700.0000  -2.232340   0.374621  -1.857719 
    58800.0000  -2.230490   0.369533  -1.860957 
    58900.0000  -2.243217   0.368545  -1.874673 
    59000.0000  -2.244162   0.379918  -1.864245 
    59100.0000  -2.236283   0.364527  -1.871756 
    59200.0000  -2.236046   0.374874  -1.861172 
    59300.0000  -2.232999   0.371868  -1.861131 
    59400.0000  -2.236496   0.370061  -1.866435 
    59500.0000  -2.235692   0.374240  -1.861452 
    59600.0000  -2.233950   0.370629  -1.863321 
    59700.0000  -2.226714   0.374335  -1.852379 
    59800.0000  -2.244840   0.370049  -1.874791 
    59900.0000  -2.239782   0.365853  -1.873929 
    60000.0000  -2.244062   0.365029  -1.879032 
    60100.0000  -2.242416   0.371488  -1.870928 
    60200.0000  -2.242638   0.368128  -1.874510 
    60300.0000  -2.240991   0.359261  -1.881731 
    60400.0000  -2.242261   0.362636  -1.879625 
    60500.0000  -2.249566   0.363762  -1.885804 
    60600.0000  -2.244224   0.375171  -1.869053 
    60700.0000  -2.245784   0.367990  -1.877793 
    60800.0000  -2.230709   0.369363  -1.861345 
    60900.0000  -2.242796   0.365749  -1.877047 
    61000.0000  -2.238956   0.371680  -1.867276 
    61100.0000  -2.237922   0.362251  -1.875671 
    61200.0000  -2.236065   0.370729  -1.865335 
    61300.0000  -2.239523   0.368060  -1.871463 
    61400.0000  -2.245201   0.362907  -1.882294 
    61500.0000  -2.233779   0.369589  -1.864190 
    61600.0000  -2.240430   0.377488  -1.862942 
    61700.0000  -2.241991   0.358225  -1.883766 
    61800.0000  -2.235842   0.376638  -1.859204 
    61900.0000  -2.244942   0.367203  -1.877739 
    62000.0000  -2.237269   0.377002  -1.860267 
    62100.0000  -2.242429   0.371238  -1.871192 
    62200.0000  -2.248015   0.371231  -1.876784 
    62300.0000  -2.243867   0.366810  -1.877057 
    62400.0000  -2.252947   0.375178  -1.877769 
    62500.0000  -2.260509   0.366815  -1.893694 
    62600.0000  -2.266455   0.375182  -1.891273 
    62700.0000  -2.265869   0.368008  -1.897861 
    62800.0000  -2.262561   0.379575  -1.882986 
    62900.0000  -2.265602   0.368364  -1.897238 
    63000.0000  -2.260224   0.368345  -1.891879 
    63100.0000  -2.259681   0.369356  -1.890325 
    63200.0000  -2.260497   0.360590  -1.899907 
    63300.0000  -2.263436   0.366410  -1.897027 
    63400.0000  -2.273830   0.365278  -1.908551 
    63500.0000  -2.267947   0.370779  -1.897168 
    63600.0000  -2.278369   0.365494  -1.912876 
    63700.0000  -2.266457   0.365628  -1.900829 
    63800.0000  -2.269457   0.368626  -1.900830 
    63900.0000  -2.261910   0.370648  -1.891263 
    64000.0000  -2.270904   0.367224  -1.903681 
    64100.0000  -2.276044   0.373144  -1.902900 
    64200.0000  -2.273149   0.364003  -1.909147 
    64300.0000  -2.278428   0.367497  -1.910931 
    64400.0000  -2.275846   0.370565  -1.905281 
    64500.0000  -2.277293   0.369621  -1.907672 
    64600.0000  -2.286708   0.370284  -1.916423 
    64700.0000  -2.289009   0.376928  -1.912081 
    64800.0000  -2.292799   0.371641  -1.921158 
    64900.0000  -2.287738   0.371194  -1.916543 
    65000.0000  -2.290600   0.369151  -1.921449 
    65100.0000  -2.285768   0.375847  -1.909921 
    65200.0000  -2.287147   0.368279  -1.918867 
    65300.0000  -2.286202   0.365316  -1.920886 
    65400.0000  -2.280715   0.362031  -1.918683 
    65500.0000  -2.281038   0.362753  -1.918285 
    65600.0000  -2.276856   0.372145  -1.904711 
    65700.0000  -2.283157   0.366602  -1.916554 
    65800.0000  -2.281432   0.366271  -1.915161 
    65900.0000  -2.285136   0.367689  -1.917447 
    66000.0000  -2.282002   0.374117  -1.907884 
    66100.0000  -2.291663   0.376780  -1.914883 
    66200.0000  -2.290692   0.368439  -1.922253 
    66300.0000  -2.289872   0.369829  -1.920043 
    66400.0000  -2.279082   0.365162  -1.913920 
    66500.0000  -2.286218   0.364864  -1.921354 
    66600.0000  -2.295601   0.369823  -1.925778 
    66700.0000  -2.297101   0.369982  -1.927119 
    66800.0000  -2.287122   0.365201  -1.921920 
    66900.0000  -2.291663   0.360842  -1.930821 
    67000.0000  -2.299022   0.367323  -1.931700 
    67100.0000  -2.293660   0.372068  -1.921592 
    67200.0000  -2.292088   0.362500  -1.929588 
    67300.0000  -2.293828   0.368403  -1.925425 
    67400.0000  -2.291682   0.371426  -1.920256 
    67500.0000  -2.292245   0.368753  -1.923492 
    67600.0000  -2.299357   0.367376  -1.931981 
    67700.0000  -2.302112   0.363371  -1.938741 
    67800.0000  -2.306207   0.367966  -1.938241 
    67900.0000  -2.304333   0.369825  -1.934508 
    68000.0000  -2.296906   0.377336  -1.919570 
    68100.0000  -2.294802   0.370528  -1.924274 
    68200.0000  -2.295873   0.375313  -1.920561 
    68300.0000  -2.297900   0.377061  -1.920839 
    68400.0000  -2.291598   0.370468  -1.921130 
    68500.0000  -2.291268   0.360625  -1.930642 
    68600.0000  -2.298691   0.373330  -1.925360 
    68700.0000  -2.294643   0.376536  -1.918107 
    68800.0000  -2.287006   0.368962  -1.918044 
    68900.0000  -2.290598   0.373247  -1.917351 
    69000.0000  -2.293346   0.370046  -1.923300 
    69100.0000  -2.289688   0.372659  -1.917028 
    69200.0000  -2.294043   0.364580  -1.929463 
    69300.0000  -2.302898   0.366050  -1.936847 
    69400.0000  -2.298041   0.372544  -1.925497 
    69500.0000  -2.300321   0.364081  -1.936240 
    69600.0000  -2.294386   0.371124  -1.923262 
    69700.0000  -2.298284   0.367375  -1.930909 
    69800.0000  -2.302225   0.372728  -1.929497 
    69900.0000  -2.302449   0.375839  -1.926611 
    70000.0000  -2.303466   0.366911  -1.936554 
    70100.0000  -2.306084   0.366898  -1.939186 
    70200.0000  -2.302416   0.371806  -1.930611 
    70300.0000  -2.307625   0.361709  -1.945916 
    70400.0000  -2.302829   0.372567  -1.930262 
    70500.0000  -2.304689   0.366294  -1.938395 
    70600.0000  -2.300320   0.369582  -1.930738 
    70700.0000  -2.300652   0.367542  -1.933109 
    70800.0000  -2.293632   0.370260  -1.923373 
    70900.0000  -2.288817   0.381102  -1.907715 
    71000.0000  -2.300196   0.367354  -1.932843 
    71100.0000  -2.302556   0.371576  -1.930980 
    71200.0000  -2.299471   0.380101  -1.919370 
    71300.0000  -2.296367   0.364580  -1.931787 
    71400.0000  -2.294172   0.365961  -1.928211 
    71500.0000  -2.296054   0.373289  -1.922765 
    71600.0000  -2.299112   0.380444  -1.918668 
    71700.0000  -2.300679   0.363590  -1.937090 
    71800.0000  -2.301899   0.375335  -1.926564 
    71900.0000  -2.302090   0.366352  -1.935738 
    72000.0000  -2.300549   0.369716  -1.930834 
    72100.0000  -2.309216   0.377114  -1.932102 
    72200.0000  -2.304278   0.375288  -1.928990 
    72300.0000  -2.308678   0.374906  -1.933772 
    72400.0000  -2.303615   0.371211  -1.932404 
    72500.0000  -2.305919   0.373032  -1.932888 
    72600.0000  -2.309750   0.359470  -1.950280 
    72700.0000  -2.308068   0.372866  -1.935202 
    72800.0000  -2.310486   0.368507  -1.941979 
    72900.0000  -2.311568   0.366255  -1.945313 
    73000.0000  -2.310533   0.365516  -1.945018 
    73100.0000  -2.308322   0.367440  -1.940882 
    73200.0000  -2.305955   0.373743  -1.932212 
    73300.0000  -2.310562   0.375510  -1.935052 
    73400.0000  -2.311113   0.368041  -1.943073 
    73500.0000  -2.313859   0.366361  -1.947499 
    73600.0000  -2.307609   0.373403  -1.934207 
    73700.0000  -2.307884   0.371386  -1.936498 
    73800.0000  -2.310113   0.370633  -1.939481 
    73900.0000  -2.314794   0.368200  -1.946594 
    74000.0000  -2.318309   0.366314  -1.951994 
    74100.0000  -2.316454   0.365504  -1.950950 
    74200.0000  -2.312061   0.369480  -1.942581 
    74300.0000  -2.310656   0.363603  -1.947052 
    74400.0000  -2.312848   0.368732  -1.944115 
    74500.0000  -2.308464   0.360561  -1.947903 
    74600.0000  -2.310578   0.367921  -1.942657 
    74700.0000  -2.311649   0.368331  -1.943318 
    74800.0000  -2.315189   0.366178  -1.949011 
    74900.0000  -2.306883   0.360159  -1.946724 
    75000.0000  -2.316674   0.366900  -1.949774 
    75100.0000  -2.313867   0.365742  -1.948125 
    75200.0000  -2.310952   0.366396  -1.944556 
    75300.0000  -2.310393   0.369861  -1.940532 
    75400.0000  -2.314092   0.375112  -1.938980 
    75500.0000  -2.308898   0.368391  -1.940507 
    75600.0000  -2.310116   0.379352  -1.930765 
    75700.0000  -2.306082   0.371261  -1.934820 
    75800.0000  -2.311287   0.372526  -1.938760 
    75900.0000  -2.301899   0.366260  -1.935639 
    76000.0000  -2.309455   0.366877  -1.942578 
    76100.0000  -2.310466   0.365789  -1.944677 
    76200.0000  -2.313835   0.361860  -1.951975 
    76300.0000  -2.312347   0.369645  -1.942702 
    76400.0000  -2.310308   0.365193  -1.945115 
    76500.0000  -2.312284   0.362671  -1.949613 
    76600.0000  -2.313252   0.374694  -1.938558 
    76700.0000  -2.311873   0.378751  -1.933122 
    76800.0000  -2.309008   0.376251  -1.932757 
    76900.0000  -2.311848   0.369245  -1.942603 
    77000.0000  -2.316267   0.368358  -1.947909 
    77100.0000  -2.317143   0.368035  -1.949109 
    77200.0000  -2.316865   0.360811  -1.956054 
    77300.0000  -2.316884   0.369673  -1.947211 
    77400.0000  -2.324138   0.376213  -1.947924 
    77500.0000  -2.311963   0.369614  -1.942349 
    77600.0000  -2.325735   0.371743  -1.953992 
    77700.0000  -2.316739   0.367822  -1.948917 
    77800.0000  -2.317433   0.365812  -1.951620 
    77900.0000  -2.323932   0.364056  -1.959876 
    78000.0000  -2.318623   0.376000  -1.942624 
    78100.0000  -2.319992   0.370343  -1.949649 
    78200.0000  -2.322855   0.373367  -1.949487 
    78300.0000  -2.321601   0.364695  -1.956906 
    78400.0000  -2.319025   0.370293  -1.948732 
    78500.0000  -2.319916   0.370236  -1.949680 
    78600.0000  -2.324063   0.370951  -1.953113 
    78700.0000  -2.323588   0.365563  -1.958025 
    78800.0000  -2.329706   0.372107  -1.957599 
    78900.0000  -2.330656   0.375197  -1.955459 
    79000.0000  -2.334836   0.373888  -1.960949 
    79100.0000  -2.330701   0.362924  -1.967777 
    79200.0000  -2.332050   0.368551  -1.963498 
    79300.0000  -2.330524   0.363375  -1.967149 
    79400.0000  -2.325213   0.365693  -1.959520 
    79500.0000  -2.329056   0.369978  -1.959078 
    79600.0000  -2.328388   0.370774  -1.957614 
    79700.0000  -2.322859   0.376215  -1.946643 
    79800.0000  -2.326676   0.380987  -1.945689 
    79900.0000  -2.324269   0.370322  -1.953947 
    80000.0000  -2.325350   0.376600  -1.948750 
    80100.0000  -2.329453   0.370260  -1.959193 
    80200.0000  -2.334699   0.369549  -1.965150 
    80300.0000  -2.331112   0.369662  -1.961451 
    80400.0000  -2.327753   0.369791  -1.957962 
    80500.0000  -2.334395   0.369535  -1.964860 
    80600.0000  -2.329401   0.367714  -1.961687 
    80700.0000  -2.340063   0.361583  -1.978480 
    80800.0000  -2.336178   0.376290  -1.959888 
    80900.0000  -2.331963   0.365534  -1.966429 
    81000.0000  -2.333203   0.364585  -1.968618 
    81100.0000  -2.332331   0.367421  -1.964910 
    81200.0000  -2.335890   0.373344  -1.962545 
    81300.0000  -2.327465   0.365124  -1.962341 
    81400.0000  -2.331905   0.370106  -1.961800 
    81500.0000  -2.334635   0.366575  -1.968060 
    81600.0000  -2.331255   0.362495  -1.968760 
    81700.0000  -2.340957   0.375048  -1.965909 
    81800.0000  -2.335276   0.363736  -1.971540 
    81900.0000  -2.344820   0.367482  -1.977338 
    82000.0000  -2.344950   0.379621  -1.965330 
    82100.0000  -2.337650   0.374404  -1.963245 
    82200.0000  -2.347268   0.370533  -1.976735 
    82300.0000  -2.344917   0.364530  -1.980387 
    82400.0000  -2.346568   0.369535  -1.977033 
    82500.0000  -2.348316   0.371639  -1.976677 
    82600.0000  -2.353122   0.373346  -1.979776 
    82700.0000  -2.348015   0.370495  -1.977520 
    82800.0000  -2.355450   0.371190  -1.984260 
    82900.0000  -2.345949   0.369729  -1.976220 
    83000.0000  -2.351570   0.371413  -1.980157 
    83100.0000  -2.349942   0.367223  -1.982718 
    83200.0000  -2.357732   0.365042  -1.992690 
    83300.0000  -2.352009   0.370971  -1.981038 
    83400.0000  -2.353357   0.375215  -1.978142 
    83500.0000  -2.356563   0.374161  -1.982402 
    83600.0000  -2.352883   0.376504  -1.976379 
    83700.0000  -2.356213   0.371123  -1.985089 
    83800.0000  -2.357782   0.367482  -1.990300 
    83900.0000  -2.363777   0.363544  -2.000233 
    84000.0000  -2.356523   0.360908  -1.995615 
    84100.0000  -2.357986   0.371560  -1.986426 
    84200.0000  -2.349931   0.361310  -1.988621 
    84300.0000  -2.355198   0.361821  -1.993377 
    84400.0000  -2.357975   0.363584  -1.994391 
    84500.0000  -2.360511   0.375777  -1.984734 
    84600.0000  -2.354482   0.372926  -1.981556 
    84700.0000  -2.355251   0.364132  -1.991119 
    84800.0000  -2.359588   0.373089  -1.986499 
    84900.0000  -2.349481   0.362794  -1.986687 
    85000.0000  -2.349140   0.369321  -1.979819 
    85100.0000  -2.359149   0.375691  -1.983459 
    85200.0000  -2.361950   0.376224  -1.985725 
    85300.0000  -2.362715   0.370246  -1.992469 
    85400.0000  -2.357654   0.371670  -1.985984 
    85500.0000  -2.360952   0.366076  -1.994876 
    85600.0000  -2.367155   0.373525  -1.993630 
    85700.0000  -2.365855   0.369443  -1.996411 
    85800.0000  -2.370946   0.375236  -1.995711 
    85900.0000  -2.365341   0.372458  -1.992883 
    86000.0000  -2.360601   0.368952  -1.991649 
    86100.0000  -2.363368   0.362651  -2.000717 
    86200.0000  -2.360283   0.377778  -1.982506 
    86300.0000  -2.371358   0.359822  -2.011536 
    86400.0000  -2.359314   0.375587  -1.983726 
    86500.0000  -2.363738   0.371482  -1.992256 
    86600.0000  -2.366389   0.362350  -2.004039 
    86700.0000  -2.360374   0.362626  -1.997748 
    86800.0000  -2.360962   0.370134  -1.990828 
    86900.0000  -2.363236   0.364259  -1.998977 
    87000.0000  -2.364841   0.373925  -1.990917 
    87100.0000  -2.363453   0.365682  -1.997771 
    87200.0000  -2.358043   0.367574  -1.990469 
    87300.0000  -2.366868   0.371242  -1.995626 
    87400.0000  -2.360767   0.368408  -1.992359 
    87500.0000  -2.359810   0.368468  -1.991342 
    87600.0000  -2.361857   0.372890  -1.988967 
    87700.0000  -2.365594   0.366706  -1.998888 
    87800.0000  -2.363866   0.365680  -1.998186 
    87900.0000  -2.364258   0.368555  -1.995703 
    88000.0000  -2.357242   0.362221  -1.995021 
    88100.0000  -2.359283   0.373791  -1.985492 
    88200.0000  -2.356977   0.365132  -1.991845 
    88300.0000  -2.360373   0.374677  -1.985696 
    88400.0000  -2.358611   0.369257  -1.989354 
    88500.0000  -2.357922   0.367114  -1.990809 
    88600.0000  -2.363269   0.363295  -1.999974 
    88700.0000  -2.355790   0.370238  -1.985552 
    88800.0000  -2.356171   0.374020  -1.982151 
    88900.0000  -2.357444   0.367509  -1.989935 
    89000.0000  -2.365793   0.367877  -1.997916 
    89100.0000  -2.364213   0.369863  -1.994350 
    89200.0000  -2.360478   0.363451  -1.997027 
    89300.0000  -2.361561   0.362310  -1.999251 
    89400.0000  -2.360632   0.367808  -1.992824 
    89500.0000  -2.363889   0.369390  -1.994499 
    89600.0000  -2.361013   0.368606  -1.992408 
    89700.0000  -2.358603   0.371064  -1.987539 
    89800.0000  -2.355317   0.370415  -1.984902 
    89900.0000  -2.350403   0.365443  -1.984960 
    90000.0000  -2.356803   0.361791  -1.995012 
    90100.0000  -2.352701   0.369799  -1.982902 
    90200.0000  -2.349693   0.367207  -1.982486 
    90300.0000  -2.361043   0.375576  -1.985467 
    90400.0000  -2.354420   0.355427  -1.998992 
    90500.0000  -2.352889   0.367897  -1.984991 
    90600.0000  -2.352986   0.363362  -1.989625 
    90700.0000  -2.357139   0.367749  -1.989390 
    90800.0000  -2.351841   0.363673  -1.988168 
    90900.0000  -2.350070   0.377380  -1.972690 
    91000.0000  -2.353227   0.372891  -1.980336 
    91100.0000  -2.345022   0.380057  -1.964965 
    91200.0000  -2.351383   0.373477  -1.977906 
    91300.0000  -2.352964   0.366125  -1.986839 
    91400.0000  -2.353980   0.375942  -1.978038 
    91500.0000  -2.351055   0.370160  -1.980895 
    91600.0000  -2.344849   0.364088  -1.980761 
    91700.0000  -2.348548   0.375776  -1.972772 
    91800.0000  -2.351653   0.373845  -1.977808 
    91900.0000  -2.346368   0.364301  -1.982067 
    92000.0000  -2.348370   0.366014  -1.982356 
    92100.0000  -2.354696   0.368783  -1.985913 
    92200.0000  -2.348484   0.363994  -1.984489 
    92300.0000  -2.352539   0.376467  -1.976072 
    92400.0000  -2.355477   0.363429  -1.992048 
    92500.0000  -2.349713   0.364161  -1.985552 
    92600.0000  -2.353120   0.373035  -1.980085 
    92700.0000  -2.347887   0.357263  -1.990624 
    92800.0000  -2.354814   0.367335  -1.987479 
    92900.0000  -2.345904   0.367232  -1.978671 
    93000.0000  -2.341818   0.362568  -1.979249 
    93100.0000  -2.348256   0.372364  -1.975892 
    93200.0000  -2.346646   0.363710  -1.982936 
    93300.0000  -2.345057   0.359456  -1.985602 
    93400.0000  -2.349248   0.365295  -1.983953 
    93500.0000  -2.347341   0.363351  -1.983990 
    93600.0000  -2.346528   0.372886  -1.973641 
    93700.0000  -2.349967   0.368400  -1.981566 
    93800.0000  -2.347448   0.369250  -1.978198 
    93900.0000  -2.346857   0.369418  -1.977439 
    94000.0000  -2.354768   0.373319  -1.981449 
    94100.0000  -2.352569   0.377528  -1.975040 
    94200.0000  -2.352132   0.364628  -1.987504 
    94300.0000  -2.354676   0.366823  -1.987852 
    94400.0000  -2.353865   0.366622  -1.987243 
    94500.0000  -2.357437   0.372016  -1.985420 
    94600.0000  -2.362171   0.372662  -1.989508 
    94700.0000  -2.365693   0.365290  -2.000403 
    94800.0000  -2.359893   0.378179  -1.981714 
    94900.0000  -2.356556   0.368201  -1.988356 
    95000.0000  -2.358502   0.376342  -1.982161 
    95100.0000  -2.360484   0.376181  -1.984303 
    95200.0000  -2.358188   0.376478  -1.981710 
    95300.0000  -2.358056   0.366866  -1.991190 
    95400.0000  -2.364976   0.369165  -1.995811 
    95500.0000  -2.364820   0.371228  -1.993591 
    95600.0000  -2.366214   0.361638  -2.004576 
    95700.0000  -2.366124   0.366770  -1.999353 
    95800.0000  -2.365131   0.362020  -2.003111 
    95900.0000  -2.358515   0.369783  -1.988731 
    96000.0000  -2.360678   0.363850  -1.996828 
    96100.0000  -2.357854   0.361911  -1.995943 
    96200.0000  -2.366365   0.362788  -2.003577 
    96300.0000  -2.369787   0.365142  -2.004646 
    96400.0000  -2.365525   0.368380  -1.997144 
    96500.0000  -2.367574   0.374747  -1.992827 
    96600.0000  -2.369803   0.372165  -1.997638 
    96700.0000  -2.367561   0.360260  -2.007301 
    96800.0000  -2.370768   0.363504  -2.007264 
    96900.0000  -2.360987   0.366749  -1.994238 
    97000.0000  -2.360122   0.366456  -1.993666 
    97100.0000  -2.356061   0.373565  -1.982496 
    97200.0000  -2.361703   0.365864  -1.995840 
    97300.0000  -2.363137   0.374305  -1.988832 
    97400.0000  -2.355078   0.367628  -1.987450 
    97500.0000  -2.357651   0.367444  -1.990207 
    97600.0000  -2.359168   0.372161  -1.987008 
    97700.0000  -2.356057   0.371991  -1.984066 
    97800.0000  -2.361446   0.366438  -1.995008 
    97900.0000  -2.361938   0.372303  -1.989635 
    98000.0000  -2.353912   0.374087  -1.979825 
    98100.0000  -2.358092   0.368693  -1.989399 
    98200.0000  -2.361771   0.375194  -1.986577 
    98300.0000  -2.354755   0.366855  -1.987901 
    98400.0000  -2.364585   0.371296  -1.993290 
    98500.0000  -2.353915   0.363758  -1.990157 
    98600.0000  -2.355275   0.368068  -1.987206 
    98700.0000  -2.361692   0.375709  -1.985983 
    98800.0000  -2.354113   0.371363  -1.982750 
    98900.0000  -2.361158   0.370110  -1.991048 
    99000.0000  -2.357916   0.376061  -1.981855 
    99100.0000  -2.354483   0.380928  -1.973555 
    99200.0000  -2.355242   0.364644  -1.990598 
    99300.0000  -2.355813   0.369495  -1.986318 
    99400.0000  -2.360384   0.368930  -1.991454 
    99500.0000  -2.355174   0.374197  -1.980977 
    99600.0000  -2.352592   0.370693  -1.981898 
    99700.0000  -2.351677   0.359947  -1.991729 
    99800.0000  -2.355058   0.370181  -1.984877 
    99900.0000  -2.358108   0.373313  -1.984795 
   100000.0000  -2.349601   0.367699  -1.981903 
   100100.0000  -2.357352   0.358316  -1.999036 
   100200.0000  -2.350714   0.365683  -1.985031 
   100300.0000  -2.360306   0.371435  -1.988871 
   100400.0000  -2.353710   0.366670  -1.987040 
   100500.0000  -2.352888   0.367727  -1.985161 
   100600.0000  -2.351336   0.371521  -1.979815 
   100700.0000  -2.359187   0.366820  -1.992367 
   100800.0000  -2.350168   0.376529  -1.973639 
   100900.0000  -2.350749   0.363181  -1.987568 
   101000.0000  -2.355282   0.374199  -1.981083 
   101100.0000  -2.354595   0.367499  -1.987097 
   101200.0000  -2.348647   0.366091  -1.982556 
   101300.0000  -2.358774   0.365894  -1.992880 
   101400.0000  -2.359757   0.362804  -1.996952 
   101500.0000  -2.353069   0.362576  -1.990493 
   101600.0000  -2.353296   0.369081  -1.984214 
   101700.0000  -2.362224   0.367423  -1.994801 
   101800.0000  -2.360958   0.372393  -1.988564 
   101900.0000  -2.355660   0.360620  -1.995040 
   102000.0000  -2.356019   0.375361  -1.980657 
   102100.0000  -2.351120   0.363029  -1.988091 
   102200.0000  -2.345952   0.362033  -1.983919 
   102300.0000  -2.350642   0.371109  -1.979534 
   102400.0000  -2.357428   0.371139  -1.986289 
   102500.0000  -2.353637   0.371003  -1.982634 
   102600.0000  -2.355765   0.384264  -1.971501 
   102700.0000  -2.355498   0.377438  -1.978060 
   102800.0000  -2.351468   0.366983  -1.984484 
   102900.0000  -2.347411   0.367656  -1.979756 
   103000.0000  -2.343974   0.368847  -1.975126 
   103100.0000  -2.337319   0.370303  -1.967016 
   103200.0000  -2.346978   0.366433  -1.980545 
   103300.0000  -2.352909   0.372057  -1.980852 
   103400.0000  -2.347704   0.366926  -1.980778 
   103500.0000  -2.354269   0.362117  -1.992152 
   103600.0000  -2.351940   0.356792  -1.995148 
   103700.0000  -2.342623   0.366500  -1.976123 
   103800.0000  -2.349984   0.379205  -1.970779 
   103900.0000  -2.349901   0.371650  -1.978250 
   104000.0000  -2.357126   0.369691  -1.987435 
   104100.0000  -2.354410   0.368877  -1.985533 
   104200.0000  -2.363224   0.367199  -1.996025 
   104300.0000  -2.360411   0.364374  -1.996038 
   104400.0000  -2.358620   0.374851  -1.983769 
   104500.0000  -2.354734   0.367346  -1.987388 
   104600.0000  -2.351249   0.367987  -1.983262 
   104700.0000  -2.353571   0.373278  -1.980293 
   104800.0000  -2.350172   0.369335  -1.980837 
   104900.0000  -2.347350   0.362892  -1.984458 
   105000.0000  -2.348042   0.358567  -1.989475 
   105100.0000  -2.354637   0.366702  -1.987936 
   105200.0000  -2.349379   0.373404  -1.975975 
   105300.0000  -2.349839   0.367454  -1.982385 
   105400.0000  -2.351994   0.376117  -1.975877 
   105500.0000  -2.355234   0.357566  -1.997668 
   105600.0000  -2.353356   0.377960  -1.975395 
   105700.0000  -2.360464   0.370360  -1.990104 
   105800.0000  -2.357958   0.369793  -1.988166 
   105900.0000  -2.348767   0.362716  -1.986051 
   106000.0000  -2.352259   0.372247  -1.980012 
   106100.0000  -2.350526   0.373378  -1.977148 
   106200.0000  -2.356364   0.368737  -1.987627 
   106300.0000  -2.349298   0.370523  -1.978775 
   106400.0000  -2.350106   0.372268  -1.977838 
   106500.0000  -2.347213   0.369944  -1.977269 
   106600.0000  -2.339554   0.369815  -1.969738 
   106700.0000  -2.344021   0.371347  -1.972674 
   106800.0000  -2.346708   0.373964  -1.972744 
   106900.0000  -2.351882   0.370374  -1.981508 
   107000.0000  -2.355212   0.367310  -1.987902 
   107100.0000  -2.351839   0.365427  -1.986412 
   107200.0000  -2.351371   0.367999  -1.983372 
   107300.0000  -2.351574   0.370051  -1.981524 
   107400.0000  -2.361331   0.371040  -1.990291 
   107500.0000  -2.350098   0.354246  -1.995852 
   107600.0000  -2.352558   0.365100  -1.987457 
   107700.0000  -2.352860   0.366710  -1.986151 
   107800.0000  -2.349550   0.366913  -1.982637 
   107900.0000  -2.350635   0.372405  -1.978230 
   108000.0000  -2.352650   0.360931  -1.991719 
   108100.0000  -2.352804   0.370854  -1.981950 
   108200.0000  -2.355490   0.372772  -1.982718 
   108300.0000  -2.351379   0.365495  -1.985884 
   108400.0000  -2.355267   0.367737  -1.987530 
   108500.0000  -2.360301   0.374534  -1.985767 
   108600.0000  -2.355298   0.367258  -1.988040 
   108700.0000  -2.352069   0.371542  -1.980527 
   108800.0000  -2.353649   0.364820  -1.988829 
   108900.0000  -2.358120   0.370650  -1.987470 
   109000.0000  -2.353847   0.363124  -1.990723 
   109100.0000  -2.350622   0.375315  -1.975307 
   109200.0000  -2.354222   0.371726  -1.982496 
   109300.0000  -2.356178   0.362515  -1.993663 
   109400.0000  -2.349578   0.366160  -1.983418 
   109500.0000  -2.351404   0.373269  -1.978136 
   109600.0000  -2.354173   0.370703  -1.983470 
   109700.0000  -2.355087   0.372781  -1.982306 
   109800.0000  -2.354916   0.366845  -1.988071 
   109900.0000  -2.352771   0.370648  -1.982123 
   110000.0000  -2.352489   0.367830  -1.984659 
   110100.0000  -2.342806   0.374111  -1.968695 
   110200.0000  -2.348043   0.368686  -1.979357 
   110300.0000  -2.346306   0.363727  -1.982579 
   110400.0000  -2.352735   0.367027  -1.985708 
   110500.0000  -2.349547   0.364545  -1.985003 
   110600.0000  -2.353628   0.359267  -1.994361 
   110700.0000  -2.352047   0.368194  -1.983854 
   110800.0000  -2.352425   0.365648  -1.986778 
   110900.0000  -2.354295   0.370810  -1.983485 
   111000.0000  -2.356003   0.375336  -1.980667 
   111100.0000  -2.356823   0.363591  -1.993231 
   111200.0000  -2.351582   0.371022  -1.980560 
   111300.0000  -2.361575   0.370150  -1.991425 
   111400.0000  -2.359581   0.365397  -1.994184 
   111500.0000  -2.352228   0.372842  -1.979386 
   111600.0000  -2.354681   0.363346  -1.991335 
   111700.0000  -2.357416   0.368994  -1.988422 
   111800.0000  -2.352693   0.370265  -1.982428 
   111900.0000  -2.360713   0.378424  -1.982289 
   112000.0000  -2.360890   0.368820  -1.992071 
   112100.0000  -2.363513   0.366993  -1.996520 
   112200.0000  -2.372013   0.368429  -2.003585 
   112300.0000  -2.371704   0.366065  -2.005639 
   112400.0000  -2.361546   0.373569  -1.987977 
   112500.0000  -2.356025   0.371365  -1.984660 
   112600.0000  -2.359955   0.363081  -1.996874 
   112700.0000  -2.357431   0.377140  -1.980292 
   112800.0000  -2.353883   0.373567  -1.980316 
   112900.0000  -2.357181   0.363415  -1.993766 
   113000.0000  -2.357407   0.359938  -1.997469 
   113100.0000  -2.361672   0.373768  -1.987903 
   113200.0000  -2.357084   0.376657  -1.980427 
   113300.0000  -2.357279   0.365537  -1.991742 
   113400.0000  -2.356395   0.366333  -1.990062 
   113500.0000  -2.360435   0.364056  -1.996379 
   113600.0000  -2.356756   0.373098  -1.983658 
   113700.0000  -2.361598   0.365005  -1.996593 
   113800.0000  -2.358124   0.367890  -1.990234 
   113900.0000  -2.358335   0.374721  -1.983614 
   114000.0000  -2.355515   0.369114  -1.986401 
   114100.0000  -2.362373   0.358639  -2.003734 
   114200.0000  -2.361658   0.366013  -1.995645 
   114300.0000  -2.363446   0.367743  -1.995703 
   114400.0000  -2.365375   0.371420  -1.993955 
   114500.0000  -2.365957   0.356428  -2.009530 
   114600.0000  -2.364335   0.371019  -1.993316 
   114700.0000  -2.359799   0.380225  -1.979574 
   114800.0000  -2.365506   0.374724  -1.990782 
   114900.0000  -2.362896   0.368808  -1.994087 
   115000.0000  -2.364076   0.374704  -1.989372 
   115100.0000  -2.355308   0.371769  -1.983539 
   115200.0000  -2.359488   0.370401  -1.989087 
   115300.0000  -2.364480   0.368193  -1.996287 
   115400.0000  -2.362409   0.358649  -2.003760 
   115500.0000  -2.363544   0.370046  -1.993498 
   115600.0000  -2.367981   0.364223  -2.003758 
   115700.0000  -2.357517   0.357005  -2.000513 
   115800.0000  -2.354163   0.374899  -1.979264 
   115900.0000  -2.361792   0.367566  -1.994226 
   116000.0000  -2.356950   0.365569  -1.991381 
   116100.0000  -2.359892   0.361077  -1.998815 
   116200.0000  -2.355494   0.367412  -1.988082 
   116300.0000  -2.355206   0.371762  -1.983444 
   116400.0000  -2.363164   0.366102  -1.997062 
   116500.0000  -2.354914   0.375108  -1.979805 
   116600.0000  -2.362492   0.364294  -1.998198 
   116700.0000  -2.357100   0.373492  -1.983609 
   116800.0000  -2.364764   0.364051  -2.000713 
   116900.0000  -2.355189   0.377032  -1.978157 
   117000.0000  -2.352679   0.375701  -1.976978 
   117100.0000  -2.365741   0.368141  -1.997601 
   117200.0000  -2.356043   0.360181  -1.995862 
   117300.0000  -2.358944   0.372669  -1.986275 
   117400.0000  -2.361150   0.367873  -1.993277 
   117500.0000  -2.353545   0.357640  -1.995906 
   117600.0000  -2.353522   0.366928  -1.986594 
   117700.0000  -2.351393   0.371896  -1.979498 
   117800.0000  -2.360018   0.367546  -1.992472 
   117900.0000  -2.359958   0.367120  -1.992838 
   118000.0000  -2.359620   0.365297  -1.994322 
   118100.0000  -2.357564   0.370113  -1.987452 
   118200.0000  -2.364128   0.368175  -1.995953 
   118300.0000  -2.360371   0.366431  -1.993940 
   118400.0000  -2.365368   0.372375  -1.992993 
   118500.0000  -2.362399   0.374196  -1.988203 
   118600.0000  -2.359548   0.368563  -1.990985 
   118700.0000  -2.363427   0.373828  -1.989599 
   118800.0000  -2.364291   0.365162  -1.999128 
   118900.0000  -2.359148   0.375214  -1.983934 
   119000.0000  -2.367701   0.370555  -1.997146 
   119100.0000  -2.355844   0.375326  -1.980519 
   119200.0000  -2.360983   0.367223  -1.993760 
   119300.0000  -2.358941   0.372743  -1.986198 
