t = 729389010
b = 10.8576704663796 10.8576704663796 10.8576704663796
E = -2.82998999910191 -2.82998999910191 0
2.72445912928076 12.260672074437 17.6333293814857 -0.802948031082257 0.581263042073167 -0.131938376912269 0.581320480853372 0.714776724555894 -0.388793946164992 0 0 0 0 0 0
-6.16563528374455 37.4736148864894 -26.1947412715803 -0.898359470438999 -0.383200278811072 0.214727287955271 -0.384252595162883 0.448702929672963 -0.806855392257222 0 0 0 0 0 0
4.42006822511993 2.80906337590744 4.13375891824493 0.721561458844684 0.107839526580268 0.683900356497005 0.691436903720801 -0.162966621631738 -0.703815947820721 0 0 0 0 0 0
-0.461114968437403 13.2264934699248 11.9815689401307 0.130099952183998 0.934808272995665 0.330465573365434 0.0149617257420255 -0.335111317108824 0.942059739033212 0 0 0 0 0 0
4.92591563492544 -5.43887024454164 7.62258723723449 -0.140177483086947 0.581929729733285 0.801066827978724 0.397757277355164 0.77399782411577 -0.492662680314456 0 0 0 0 0 0
12.5635779320618 -6.83997817993693 9.74383839885997 0.309999441225216 -0.723074731061674 0.617303231598198 -0.806884691802462 -0.543493173540903 -0.23141362200509 0 0 0 0 0 0
6.18248938362675 7.94321517134464 3.83350690363519 0.534829175928126 -0.829056853447437 0.16316398600543 -0.830888184136293 -0.480928315890704 0.279879939328457 0 0 0 0 0 0
13.0987422390673 4.6255946802551 9.75011883114985 0.755441720562248 -0.189535030026873 0.627203538915453 0.401654099975923 0.890256572644151 -0.214749199855778 0 0 0 0 0 0
-2.72279140495385 14.6456560173092 -6.04917333914997 0.633058218193667 0.612177569620038 0.473788893529332 0.59660622757286 -0.775834350999821 0.205285335643437 0 0 0 0 0 0
16.6123636749563 -3.20999313118213 7.20008509836598 0.43020015164628 0.0770862563418701 -0.899436233763533 0.244810222479988 0.94904852884542 0.198430957427745 0 0 0 0 0 0
8.46657040718381 6.14971162415366 2.46381346090412 -0.315361649436192 0.205607453978265 -0.926430032400525 -0.221070967274289 -0.965304015299613 -0.138981241449044 0 0 0 0 0 0
9.19753067483601 2.05543469894959 11.2352471995564 -0.645657400418541 0.702144720848997 0.300198787916179 -0.287025270872661 0.141150858389149 -0.947466584663521 0 0 0 0 0 0
7.67603204887279 4.06600325841291 1.49548297505821 0.991510226722507 0.0151072967308584 0.129148131576555 -0.0556301694712845 0.947023175142671 0.31631059101324 0 0 0 0 0 0
19.7165264813413 0.273690973829786 1.47490513749786 0.776071151526094 0.370476803912543 0.510353314412307 0.312464217382303 0.477053294879185 -0.821453752015935 0 0 0 0 0 0
6.97460324113254 15.5220318234995 4.14052910143467 0.41144188530376 0.663082529070239 -0.625329620808578 -0.910190899595525 0.334770753317888 -0.243887410532016 0 0 0 0 0 0
1.05848162880926 -3.93741623519946 -0.852873810503374 0.678173548708374 0.503536003095477 0.535286961747726 0.0390255360617807 0.702675937553569 -0.71043897297086 0 0 0 0 0 0
8.7845830312327 2.40507507362193 10.6474740716352 0.216546518938185 -0.340275233160858 -0.915052113726782 -0.669006162757181 0.630901717672196 -0.39292973523786 0 0 0 0 0 0
5.25248448033053 9.19874457375047 -0.123878416450008 0.999817747073482 0.0155256108496106 -0.011109817462584 -0.0108922917932712 0.941824724551342 0.335927888398562 0 0 0 0 0 0
8.18944408068881 2.73497701666732 13.6445216123771 -0.0574133093073709 0.116286469333394 0.991554924835807 -0.996036349604653 -0.0742569911649138 -0.0489641657556724 0 0 0 0 0 0
10.2999752215936 2.10682748511632 -2.08741798300332 -0.127876479630025 -0.943694242265813 -0.305104544498554 -0.0284751275119624 0.310996737356179 -0.949984313801371 0 0 0 0 0 0
14.6027652619544 6.47818512391787 9.98353633480099 -0.335994150283038 0.745150699818444 -0.576071493424781 0.736660977201311 0.589020783512028 0.332242563890837 0 0 0 0 0 0
5.79418061198027 10.6679568848116 0.32654562054474 0.336956129548862 -0.673317800449349 0.658106151283778 -0.467395351897111 -0.726395928120253 -0.503875520972267 0 0 0 0 0 0
16.558302888031 18.2394447642286 15.0052005945347 -0.934521408620759 0.354133909034878 0.0354811400588214 -0.303305446505015 -0.844595689222095 0.441207352463312 0 0 0 0 0 0
-0.643556653218024 2.05796038481241 7.97541950348489 -0.892081154473526 -0.375534572479133 -0.251326478322208 0.25780771721458 0.0338093506011542 -0.965604530207377 0 0 0 0 0 0
-0.0530545670746996 14.5552609873252 -5.12028047306294 -0.151956973083708 -0.547156660794226 0.82312129536274 -0.919904079525003 0.382888112363779 0.0846946154346463 0 0 0 0 0 0
6.06013414154045 0.541139272716366 0.52146027066628 0.714014556631949 -0.683054083546625 -0.153689075308078 -0.698815795635865 -0.681842726887958 -0.216210498266983 0 0 0 0 0 0
6.82319934539773 3.78631247213053 8.50797701449435 -0.954298521039896 -0.192236215661494 0.228822136447545 -0.297898844484569 0.550681834240331 -0.779747264113702 0 0 0 0 0 0
44.6157277414461 14.2659859842695 9.7370274631372 -0.784751827978597 0.235716741472253 -0.57323833287247 -0.40618702686179 -0.894161458433529 0.188380958331647 0 0 0 0 0 0
-1.13045858149848 10.1919590452544 4.74846640558452 0.0759455569939688 -0.0605493046517119 0.995271849334708 0.126258535480836 0.990704126988878 0.0506370909979101 0 0 0 0 0 0
22.2473811264022 27.3488010099583 32.51451233588 -0.488451888868363 0.305009299103162 0.817547600889574 -0.185181734512334 -0.951812037982663 0.24446179569148 0 0 0 0 0 0
7.31182906356122 11.3343048452664 6.91729923029324 0.980853810948565 -0.0293076047665839 -0.192527571659614 0.0174919429080115 0.997873645424641 -0.0627870981839301 0 0 0 0 0 0
4.74414554896427 6.22900360424735 4.75253658450166 -0.971020021106777 0.238037939792384 0.0214022855627076 -0.212130291825792 -0.899647844597358 0.381620878619239 0 0 0 0 0 0
10.3624807402747 -19.5735590265144 20.4313315546862 -0.852792201167556 -0.412711649338795 -0.320022743143399 0.309146494199296 0.0949519523206309 -0.946262422308836 0 0 0 0 0 0
7.58875151366439 12.0728287531388 -4.05099493099206 -0.3745589960157 -0.136694695865372 0.917071490466301 -0.244200623731443 -0.939609211772965 -0.23979279497094 0 0 0 0 0 0
13.8138814530172 2.12137106013012 -4.39033390425234 0.987689199042317 0.0395931145563853 -0.15133549277288 -0.0909743565607294 0.932394665167302 -0.349805452806942 0 0 0 0 0 0
7.0754873237712 -1.75446198688151 3.18980398705873 -0.351255674226849 0.365572023660713 0.861960873149302 -0.541410089445779 -0.830401980709051 0.131558600941774 0 0 0 0 0 0
6.0705039330195 8.38367838477176 7.12224594996957 0.391388724681779 -0.490302668738577 0.778728552976702 -0.563421335334984 -0.796758013876696 -0.218478983461614 0 0 0 0 0 0
7.42025574654476 2.69897739547418 3.03280311155598 0.154356898659516 0.719980597810485 -0.676610587126316 0.955517051067934 -0.282977569135926 -0.0831315853530616 0 0 0 0 0 0
-0.706680419197136 1.96609191322464 6.37837921677443 -0.856504441576288 -0.315961906537786 -0.408127694694085 0.389031588573543 0.124455102494235 -0.912778916581267 0 0 0 0 0 0
10.1498703646949 -8.86482896357415 7.18166298202711 0.171306082533199 0.934444299068791 0.312198779669896 -0.00274618211377996 -0.316428870080355 0.9486122646613 0 0 0 0 0 0
9.37983870076176 24.6318185319166 -5.49198874493408 0.678165730279369 0.541218859814876 0.497165352832921 0.567962766856673 -0.815288905957816 0.112793152670544 0 0 0 0 0 0
6.42698642521503 -9.62506104733262 0.732202812321765 -0.180435464320514 0.736477420925767 -0.65195402574262 0.57932187287719 0.61523756721657 0.534667095949937 0 0 0 0 0 0
7.8799096967551 12.8255958681104 -4.11104422340024 0.453455726204145 -0.531823307953559 0.715221555528044 -0.595968986712014 -0.77760860036896 -0.200364247090243 0 0 0 0 0 0
6.61874831422547 8.53780530816475 3.53296170723335 0.383747592114365 -0.264788158273654 0.884660961490097 -0.727333074325406 -0.676936413452156 0.112887958323664 0 0 0 0 0 0
1.93031406570726 9.592078209452 -2.48315354357534 -0.429833653506197 0.266836418714439 0.862578318740767 -0.187534199688193 -0.960883951035703 0.203796360592082 0 0 0 0 0 0
4.57812281047401 -3.05089915294846 10.2811729451222 -0.990753079358299 0.0882898592921781 0.103020563419142 -0.114959368112505 -0.949546998111346 -0.291795891095552 0 0 0 0 0 0
19.7683034851208 -14.2291821333242 3.21505028743324 -0.723192546285248 0.689046808704959 0.046979106117827 0.603058527238716 0.59686072397615 0.529223666231969 0 0 0 0 0 0
-1.88443917365079 13.6100057784914 -8.31908563350786 0.587469583727978 0.116836161462151 0.800767631443899 0.805805880788944 0.00669041960837841 -0.592141976869948 0 0 0 0 0 0
8.56443333770408 14.2925352660626 6.74246224327307 -0.17020706811352 0.462171603201938 0.870302799694238 0.562422453165874 0.77077088750142 -0.299321270798443 0 0 0 0 0 0
-31.9141798003117 2.80336338564107 20.5968961115853 -0.342046998273329 0.738618726486626 -0.58090122039387 0.846088137117866 0.511034240985539 0.151587825262697 0 0 0 0 0 0
9.318612659003 0.707742398198604 0.993090036567483 -0.364143196656861 -0.00345821601973935 -0.931336551987778 0.777433934872544 0.549504164930341 -0.306009231283392 0 0 0 0 0 0
-1.72253026569975 8.14716307500346 3.63892835078101 0.023520744124373 -0.80705714205297 0.590004698333339 -0.258237561051976 -0.575043780019037 -0.776297631789388 0 0 0 0 0 0
14.1449626581664 5.83171691061002 9.88203927717912 0.466129587245411 -0.804985404029878 -0.367044557508768 -0.867238959129716 -0.497799547021424 -0.00960201835316911 0 0 0 0 0 0
-5.63211669849015 -17.0345733656001 28.6535314682585 0.746407917465109 -0.554378703209589 -0.368156860825381 0.401931187766979 -0.0653797081650519 0.913332805750335 0 0 0 0 0 0
3.96561308334082 4.93716126979043 5.2822005300524 -0.994348922724377 0.0702989864861339 0.0795504391853168 -0.0428481281022982 -0.951347954973467 0.305124739218293 0 0 0 0 0 0
0.154260872530969 -3.36569170370877 5.50377944142915 -0.557730592871758 0.67981788354684 0.476218679791596 0.148214079138951 0.64609034297248 -0.748732165370722 0 0 0 0 0 0
7.82354479511197 3.07577659825872 -1.30436329198947 0.140924060756578 -0.342494464975716 -0.928890709697179 -0.701632280651704 0.627392084060143 -0.337774059996648 0 0 0 0 0 0
7.10735768725828 -8.2102787168456 1.03304754941911 -0.994893424254438 0.0819270838567209 -0.0589493622054213 -0.0661317273222062 -0.97035209982429 -0.232472357508089 0 0 0 0 0 0
2.17274119862911 3.19714087473189 4.92781256646188 -0.347228114906194 0.746685456105834 -0.567356559721787 -0.851367196854614 0.00267295170622887 0.524563391259242 0 0 0 0 0 0
-11.721566312889 22.5185566824062 5.36774079449375 0.859120121428147 0.376198833409595 -0.346968377088266 -0.132725504945075 0.818558269820896 0.558879503332646 0 0 0 0 0 0
7.55750455405535 9.62254223284716 2.82585681716789 -0.9062307254141 0.40481757356568 0.121936887144991 -0.301357826612382 -0.820793030654299 0.485265145223863 0 0 0 0 0 0
3.68100876342278 4.23703592465031 -5.2908645258752 0.641483606090072 0.417676820326015 0.643463174455064 0.0963722417338393 0.78826383876264 -0.607743787728056 0 0 0 0 0 0
9.80476752920083 11.9800543165558 11.3567354850874 -0.80336126691547 -0.333671521410081 -0.493228132426988 -0.327769823394738 -0.443744280678245 0.834061122601332 0 0 0 0 0 0
9.86589782819768 10.9193178082633 5.05842933711072 -0.872019028223157 -0.0639004966218419 -0.485282949370413 0.18480821471278 -0.961040591916282 -0.205540517823603 0 0 0 0 0 0
7.33469613234145 3.42623684274842 -1.83649253508219 -0.59929661809217 -0.640513176029931 -0.480194163723312 -0.398165878870581 0.758883944949163 -0.515324258113476 0 0 0 0 0 0
2.32152347046154 0.0364901785679241 -3.32344597259819 0.41364080591468 -0.219322095414581 -0.883628373325005 0.0537475732452974 0.974740533582772 -0.216776591359136 0 0 0 0 0 0
-2.53079283548096 2.73956182877614 -0.775485714155263 0.632684732168739 -0.663075712010495 -0.400050784052029 0.401711628338184 -0.160638881332986 0.901566923452158 0 0 0 0 0 0
-2.65172569112369 2.70277521308401 17.5819121114507 0.46029724819089 0.175179464558581 -0.8703094843242 0.268622015041029 0.906899572937185 0.324615738436987 0 0 0 0 0 0
11.6734592805048 6.25992734714305 -0.478584458899446 -0.444239673262852 0.0541931942592628 -0.894267415483034 0.540710293139965 0.812095830023943 -0.219391754059133 0 0 0 0 0 0
1.41816207706109 3.39170908648598 16.0194021482316 -0.269691071908389 -0.57733838854017 0.77067964216626 -0.887208097707373 0.460099775845527 0.03420508189882 0 0 0 0 0 0
10.620437896559 3.80631336316838 12.2089498403372 0.985045587971562 -0.105609431462525 -0.136131692140613 0.00392080760418809 0.803648864845596 -0.59509085802211 0 0 0 0 0 0
1.52167863960184 -2.60036735418622 -1.64303319743873 0.803481339453108 -0.56881515489598 0.175690229414763 -0.573628537861187 -0.660757036564159 0.484097551309269 0 0 0 0 0 0
8.03693783001868 10.1582152444878 2.42952274878657 0.518737386352863 -0.825975267565165 0.220627245305589 -0.801280224596046 -0.379733677808555 0.462333576121886 0 0 0 0 0 0
5.89312670551639 2.70036488395953 14.3759012606193 -0.644704584240877 -0.171099317071362 -0.7450375982162 -0.761808883115443 0.0631373705999759 0.644717688635465 0 0 0 0 0 0
10.3027724865807 0.981406093589837 2.22948619483711 0.979974710808919 0.185176981058128 -0.0732055452763292 0.168013399788451 -0.571651956414517 0.803109916648085 0 0 0 0 0 0
39.2816420315031 9.85800011551588 7.05967936792764 0.213780744861146 -0.569171456780979 -0.793940580844142 -0.552568335460083 -0.740671735439084 0.382195780939267 0 0 0 0 0 0
7.91152226701053 15.6467868220572 12.6479064571596 -0.703966022498941 -0.406243193058257 0.582579013750064 -0.0471834743702414 -0.791701701569375 -0.609083028395519 0 0 0 0 0 0
1.71079527813702 -1.919248913382 -2.06380285597827 0.471622588960863 -0.0217400638520452 0.881532474277792 -0.448819832247406 -0.866434186264675 0.218752277828752 0 0 0 0 0 0
13.3560925931451 0.708102253054814 -3.72597245732409 -0.449359646873825 0.0737344804719968 -0.890302832832697 0.456863342089201 0.875375640885516 -0.158092928362584 0 0 0 0 0 0
1.29811857543817 -3.27412898689983 -1.24772084444551 -0.192323146017827 0.801002060145704 0.566928132259779 0.372445198226166 0.594067541301534 -0.712999530637877 0 0 0 0 0 0
6.76623758282843 1.93657465572073 0.901629919722676 -0.718456012992285 0.689894610782862 0.0886926344607177 0.69521697109265 0.708151567415198 0.123266867696423 0 0 0 0 0 0
8.44256036345807 -0.191759487819692 12.8271080491264 -0.4519927295293 0.087836696878633 -0.887686480200929 0.707315422556562 0.641636162192199 -0.29666130246172 0 0 0 0 0 0
9.58520043623162 1.73335715768664 11.8798333207257 0.0922868227848395 0.995542754299257 -0.0194362214181513 -0.531493676759483 0.0327444287158964 -0.84642913108717 0 0 0 0 0 0
5.20139482467865 6.81759915914551 4.43627950015169 0.508452328959404 -0.824109667963278 0.249638707627237 -0.850909415387556 -0.436414611119985 0.292396056754726 0 0 0 0 0 0
7.02438339359213 10.5938239622762 7.00459513000733 0.731239200947484 -0.677834170249428 -0.0763548861554684 -0.670716062494282 -0.734877886262272 0.100471168972236 0 0 0 0 0 0
-10.7228861764432 9.54814543024471 4.24584931818669 0.360522178395153 0.789587982433145 0.496562762278523 -0.150114583959482 0.574540460646174 -0.80459236310271 0 0 0 0 0 0
-32.5204615076618 32.6278123003564 14.2775754510966 0.449621220570121 0.725984029409597 0.520372892313269 -0.266889679532977 0.665159051327144 -0.697376035862874 0 0 0 0 0 0
3.68667890244524 2.90542176471187 4.45694583057126 0.435851955187382 -0.778035096684119 0.452431720249911 0.826478191673765 0.146973176540831 -0.543445198769783 0 0 0 0 0 0
16.3483469674905 6.90089841998372 7.3393759866381 -0.130537718014866 0.604638901423342 0.785730044647299 0.383904084325273 0.761512391535558 -0.522222683896773 0 0 0 0 0 0
-0.864602882816591 24.1758349437742 5.59688914260931 0.0932511582667881 0.938460010469071 0.332561318004443 -0.88202649641731 0.232816394921372 -0.409665456042167 0 0 0 0 0 0
8.68666573620369 6.82520127641725 2.82225763930897 -0.536051270154754 0.170509994190758 0.826786174078954 0.50623967022044 0.848676342912171 0.153198763956548 0 0 0 0 0 0
6.65256750548904 2.71291547811828 3.25480690833066 -0.443581657067824 -0.881744137929837 -0.160507285633379 -0.852171134092864 0.359490477684293 0.380224873823089 0 0 0 0 0 0
5.51625842947329 9.92688105902486 0.11989616254694 -0.5303261436148 -0.449487260036742 0.718829176135282 -0.144642889919916 -0.787480105666288 -0.599127296636872 0 0 0 0 0 0
10.6706126712954 0.630476281449672 2.84262748987748 -0.671887517953032 -0.483384091168766 0.561165736323621 0.721495089893819 -0.255950210330537 0.64337728052105 0 0 0 0 0 0
42.9941300550657 2.41663202727158 -19.7877706030501 -0.110971921331558 -0.906334767901576 0.407728489521396 0.0356731210194845 0.406365418062277 0.913014006156866 0 0 0 0 0 0
4.17221954964766 7.1378477486136 10.104648574381 -0.695036454959141 0.188666664975703 -0.693778938714598 -0.314237444590844 -0.947625115539269 0.057109270830468 0 0 0 0 0 0
7.54366937394167 15.0745731271396 4.4882389726478 0.00919420196016286 0.110217007642314 0.993865019947682 0.757975059523758 -0.649040349382239 0.064964867536403 0 0 0 0 0 0
8.76179261253823 3.36266029398714 5.09546316004993 0.0786096277197523 0.0694338902433551 0.994484520400767 0.79160787718056 -0.610704174882498 -0.0199343815500728 0 0 0 0 0 0
11.0966180027458 5.009260851613 11.238214508173 -0.260922398141242 0.877942633327258 0.401417780794925 0.463378871379624 0.478689076285061 -0.74574579436081 0 0 0 0 0 0
5.2139725546122 6.16885683442067 7.49808398381935 0.727254290389804 -0.679903439207581 -0.0939814367944179 -0.661473664562183 -0.730818098073468 0.168396848597451 0 0 0 0 0 0
13.6387292417635 5.21425502823784 -1.06859730754783 0.913759212875209 -0.284647780455499 -0.289861591052969 0.342614399927789 0.923351229742989 0.173314394942189 0 0 0 0 0 0
10.3624395093385 3.24076825732205 -8.98836302566104 0.399153372326823 -0.385996252187105 -0.831675104026085 0.177588028657311 0.922436772627133 -0.342889038291913 0 0 0 0 0 0
9.93462500092596 12.2264083004938 12.4983721398543 -0.657056941995694 -0.49685223529775 0.566933886140282 0.747589181198312 -0.33281539520874 0.574755886326089 0 0 0 0 0 0
5.15162687475884 2.7437156408801 3.83017352798402 -0.0584768463459198 -0.195472435167249 -0.978964241190913 0.997724531717028 -0.0444096803908439 -0.0507300610952458 0 0 0 0 0 0
8.18921674385563 5.48075269109941 12.9500052081956 -0.471737920979844 0.16651743534063 0.865872552768167 0.530999833852127 0.837616211622194 0.128211771984704 0 0 0 0 0 0
-0.784998111208639 -7.06744518666979 16.9173402278311 0.507877557189518 0.861410749209532 -0.00564872103944195 0.784655368934933 -0.465309702724583 -0.40963744036864 0 0 0 0 0 0
18.2950112989424 3.35047195498998 1.23405301585582 -0.63872526604029 -0.38681397156203 0.665135313996547 -0.147425129552635 -0.786906782982495 -0.59920242495467 0 0 0 0 0 0
6.37789101352434 9.13274619985707 -3.77793727130326 -0.623142867715733 -0.134405010349251 -0.770472750722495 -0.174913164552809 -0.93622181445774 0.304785332644662 0 0 0 0 0 0
-1.50947744066364 8.81006565190095 4.040475915984 -0.855630271872789 -0.368468003126236 0.363494385824975 0.0486450544376406 -0.756424873051182 -0.652269169980472 0 0 0 0 0 0
-0.499845732390257 2.2379683882044 10.3727506423427 0.750958188114725 -0.496812809166625 0.435015898963475 -0.309601808450283 0.316985936214679 0.896474559843229 0 0 0 0 0 0
0.00427127815428938 15.2454940922674 -10.0082865928823 -0.6501732981088 -0.612827306491316 -0.449129574672652 -0.0285249451344059 -0.571021352746872 0.820439481138833 0 0 0 0 0 0
2.93422924681712 3.02071900574086 4.7068712752008 0.274369687626323 0.617424374457485 -0.737230232924821 0.906300585702637 -0.422315602330672 -0.0163945229833762 0 0 0 0 0 0
-0.742476590186486 -9.33111504062208 5.69592391469595 0.0897738480554458 0.688462347508191 -0.719694554841457 0.132556193072167 0.707924274289416 0.693737758486329 0 0 0 0 0 0
5.75411880649919 4.41924917079257 7.48829053398284 0.908150778408328 0.326246140252614 -0.262346373417095 0.396247883287438 -0.467640958855622 0.790126286482847 0 0 0 0 0 0
-0.488306545735513 2.33531342187039 11.1782852432492 0.0830954130499979 0.895707244705862 -0.436810810432268 -0.0581358383600615 -0.433223125704608 -0.899409777382992 0 0 0 0 0 0
-1.29187418420906 9.49564828831336 4.40009396853913 -0.876502529788821 0.0911736141181875 -0.472684553756882 0.0508901707437332 -0.958850409499366 -0.279313592081603 0 0 0 0 0 0
20.1867648525202 -7.01111410092724 17.211118329 -0.20324956907824 0.922067702520338 0.329364182387279 -0.903733132395035 -0.306108691415854 0.299272274780084 0 0 0 0 0 0
3.43966460848791 3.54344835798989 -4.98710195590848 0.232837917839962 -0.787064174641384 -0.571241182873681 -0.421579421853785 -0.611012448115065 0.670025804963463 0 0 0 0 0 0
-17.3893344215433 -5.24813211908327 5.03765736890255 0.623268589394093 -0.758212142977965 0.191443494836027 -0.775321290673409 -0.567190573022505 0.277798038334346 0 0 0 0 0 0
28.0147198085273 4.14184280996953 18.8693182098615 -0.540694024568336 -0.720245545812122 -0.434622049064837 -0.52321612076564 0.692497607462449 -0.496680938459643 0 0 0 0 0 0
11.5435629055186 3.55440104228016 5.44070631644057 0.470622106949666 -0.705550339365399 0.529824075586525 0.789188245369429 0.0680626812545959 -0.610368237042783 0 0 0 0 0 0
2.15041568694725 -0.617763589687732 -2.89421794631175 -0.98090987518754 -0.0851124198698034 0.174847627220628 0.16062950004413 -0.861420653178641 0.481822189188303 0 0 0 0 0 0
3.19058025384439 2.83228085694535 6.19257149776826 -0.638664893959605 -0.454951009123291 -0.620585797872923 -0.0602502258792438 -0.774452732094102 0.629756203648689 0 0 0 0 0 0
4.92333342067262 19.3612189590338 -0.350119378864955 0.589665041537034 -0.166770010270836 0.790242306171238 0.253541134009739 0.967209404155731 0.0149285590707272 0 0 0 0 0 0
0.103690927326177 10.2214566106703 3.81208971913658 -0.917781668428649 -0.357572219653689 0.172681547447432 0.39410751706927 -0.767098705709176 0.50620039578107 0 0 0 0 0 0
-1.11608179020848 2.81487185970995 -8.55706895531602 0.0326756346043466 -0.0301001076112813 -0.999012655788787 0.988642825154695 0.147674223845216 0.0278870558029777 0 0 0 0 0 0
0.139875077345119 -1.99592143495924 4.6634289279328 0.543162597533562 -0.715221206606623 -0.439810207088755 -0.257726609071116 -0.640550556596684 0.723375406976476 0 0 0 0 0 0
0.134397661075096 8.17436212517636 15.9536659340938 0.924399429300189 -0.253450440269245 0.285041346890976 -0.363504944913532 -0.811760154267507 0.457066304782662 0 0 0 0 0 0
