        0.0000   1.167166   0.361205   1.528371 
      100.0000  -0.134359   0.357153   0.222793 
      200.0000  -0.247963   0.363164   0.115201 
      300.0000  -0.347642   0.361073   0.013431 
      400.0000  -0.446651   0.368640  -0.078011 
      500.0000  -0.500195   0.363427  -0.136768 
      600.0000  -0.563570   0.365570  -0.198001 
      700.0000  -0.610436   0.362770  -0.247666 
      800.0000  -0.656878   0.363667  -0.293211 
      900.0000  -0.709100   0.355791  -0.353309 
     1000.0000  -0.742343   0.357086  -0.385257 
     1100.0000  -0.770426   0.364408  -0.406017 
     1200.0000  -0.801648   0.354115  -0.447532 
     1300.0000  -0.809599   0.364581  -0.445018 
     1400.0000  -0.837924   0.360902  -0.477022 
     1500.0000  -0.861463   0.355036  -0.506427 
     1600.0000  -0.870373   0.368150  -0.502223 
     1700.0000  -0.880290   0.354657  -0.525633 
     1800.0000  -0.883587   0.358644  -0.524943 
     1900.0000  -0.898948   0.361249  -0.537699 
     2000.0000  -0.906028   0.365090  -0.540938 
     2100.0000  -0.935381   0.362578  -0.572803 
     2200.0000  -0.937143   0.357825  -0.579318 
     2300.0000  -0.965446   0.361442  -0.604004 
     2400.0000  -0.959167   0.360472  -0.598695 
     2500.0000  -0.988446   0.357327  -0.631119 
     2600.0000  -0.986588   0.371899  -0.614689 
     2700.0000  -0.983492   0.364151  -0.619341 
     2800.0000  -1.000161   0.365936  -0.634225 
     2900.0000  -0.995997   0.365624  -0.630373 
     3000.0000  -0.995122   0.364045  -0.631077 
     3100.0000  -1.005547   0.363138  -0.642409 
     3200.0000  -1.000290   0.365879  -0.634411 
     3300.0000  -1.005955   0.350643  -0.655312 
     3400.0000  -1.014471   0.363859  -0.650612 
     3500.0000  -1.031914   0.363427  -0.668488 
     3600.0000  -1.034307   0.361104  -0.673203 
     3700.0000  -1.037762   0.356482  -0.681280 
     3800.0000  -1.040981   0.363498  -0.677483 
     3900.0000  -1.029040   0.361537  -0.667503 
     4000.0000  -1.035815   0.362883  -0.672932 
     4100.0000  -1.048257   0.355060  -0.693197 
     4200.0000  -1.060389   0.366939  -0.693450 
     4300.0000  -1.060475   0.358495  -0.701980 
     4400.0000  -1.078247   0.360137  -0.718110 
     4500.0000  -1.063865   0.358530  -0.705335 
     4600.0000  -1.060386   0.363820  -0.696566 
     4700.0000  -1.065556   0.366376  -0.699180 
     4800.0000  -1.093092   0.364385  -0.728707 
     4900.0000  -1.085207   0.357517  -0.727690 
     5000.0000  -1.106962   0.358020  -0.748942 
     5100.0000  -1.123976   0.356304  -0.767672 
     5200.0000  -1.128064   0.361968  -0.766096 
     5300.0000  -1.134052   0.363076  -0.770976 
     5400.0000  -1.128945   0.357751  -0.771195 
     5500.0000  -1.141760   0.363637  -0.778123 
     5600.0000  -1.143288   0.360962  -0.782325 
     5700.0000  -1.146216   0.365724  -0.780492 
     5800.0000  -1.162821   0.359248  -0.803573 
     5900.0000  -1.178459   0.365969  -0.812490 
     6000.0000  -1.190046   0.367651  -0.822395 
     6100.0000  -1.178438   0.351790  -0.826648 
     6200.0000  -1.183113   0.358173  -0.824941 
     6300.0000  -1.188739   0.354714  -0.834024 
     6400.0000  -1.188351   0.361300  -0.827050 
     6500.0000  -1.185164   0.365946  -0.819217 
     6600.0000  -1.207206   0.366246  -0.840961 
     6700.0000  -1.214257   0.362631  -0.851626 
     6800.0000  -1.208193   0.356696  -0.851497 
     6900.0000  -1.218285   0.361563  -0.856722 
     7000.0000  -1.221906   0.357358  -0.864548 
     7100.0000  -1.227630   0.361311  -0.866319 
     7200.0000  -1.243136   0.359455  -0.883681 
     7300.0000  -1.261599   0.354790  -0.906810 
     7400.0000  -1.262416   0.367491  -0.894925 
     7500.0000  -1.275889   0.355868  -0.920021 
     7600.0000  -1.277076   0.360382  -0.916694 
     7700.0000  -1.281964   0.354155  -0.927809 
     7800.0000  -1.288870   0.354629  -0.934241 
     7900.0000  -1.285968   0.354287  -0.931680 
     8000.0000  -1.299140   0.358681  -0.940459 
     8100.0000  -1.293440   0.355997  -0.937444 
     8200.0000  -1.299019   0.359916  -0.939103 
     8300.0000  -1.299328   0.351638  -0.947690 
     8400.0000  -1.308521   0.351750  -0.956772 
     8500.0000  -1.316514   0.361160  -0.955355 
     8600.0000  -1.323519   0.365329  -0.958189 
     8700.0000  -1.317754   0.354005  -0.963748 
     8800.0000  -1.324387   0.362497  -0.961890 
     8900.0000  -1.337528   0.368060  -0.969468 
     9000.0000  -1.330974   0.360422  -0.970551 
     9100.0000  -1.352300   0.358675  -0.993625 
     9200.0000  -1.341448   0.353739  -0.987709 
     9300.0000  -1.351836   0.356741  -0.995095 
     9400.0000  -1.336168   0.361750  -0.974418 
     9500.0000  -1.324685   0.367929  -0.956757 
     9600.0000  -1.334654   0.361915  -0.972739 
     9700.0000  -1.343775   0.359464  -0.984311 
     9800.0000  -1.361158   0.353806  -1.007352 
     9900.0000  -1.354080   0.364652  -0.989428 
    10000.0000  -1.339325   0.363809  -0.975516 
    10100.0000  -1.353688   0.360779  -0.992909 
    10200.0000  -1.367050   0.364024  -1.003026 
    10300.0000  -1.378192   0.358387  -1.019805 
    10400.0000  -1.384346   0.355703  -1.028643 
    10500.0000  -1.376162   0.361733  -1.014428 
    10600.0000  -1.375404   0.363210  -1.012194 
    10700.0000  -1.377179   0.357191  -1.019987 
    10800.0000  -1.382505   0.366038  -1.016467 
    10900.0000  -1.365385   0.361708  -1.003677 
    11000.0000  -1.367688   0.359325  -1.008364 
    11100.0000  -1.383173   0.366059  -1.017114 
    11200.0000  -1.385813   0.358393  -1.027420 
    11300.0000  -1.393721   0.367289  -1.026432 
    11400.0000  -1.390292   0.360975  -1.029317 
    11500.0000  -1.387439   0.364550  -1.022889 
    11600.0000  -1.407238   0.361385  -1.045853 
    11700.0000  -1.400605   0.354508  -1.046097 
    11800.0000  -1.413177   0.364373  -1.048804 
    11900.0000  -1.408367   0.356888  -1.051479 
    12000.0000  -1.394375   0.354047  -1.040328 
    12100.0000  -1.404260   0.352583  -1.051678 
    12200.0000  -1.399121   0.365243  -1.033877 
    12300.0000  -1.424770   0.362468  -1.062302 
    12400.0000  -1.441761   0.354903  -1.086858 
    12500.0000  -1.445516   0.362779  -1.082737 
    12600.0000  -1.433201   0.356044  -1.077157 
    12700.0000  -1.441394   0.366113  -1.075280 
    12800.0000  -1.460894   0.359847  -1.101047 
    12900.0000  -1.477964   0.354761  -1.123203 
    13000.0000  -1.477268   0.359203  -1.118065 
    13100.0000  -1.484925   0.361711  -1.123214 
    13200.0000  -1.479742   0.360225  -1.119517 
    13300.0000  -1.469746   0.361148  -1.108598 
    13400.0000  -1.463601   0.363096  -1.100505 
    13500.0000  -1.466741   0.361058  -1.105683 
    13600.0000  -1.474559   0.364393  -1.110166 
    13700.0000  -1.481969   0.354209  -1.127761 
    13800.0000  -1.483186   0.356944  -1.126241 
    13900.0000  -1.489480   0.360732  -1.128748 
    14000.0000  -1.484651   0.356087  -1.128564 
    14100.0000  -1.481657   0.359405  -1.122252 
    14200.0000  -1.485261   0.362486  -1.122776 
    14300.0000  -1.486637   0.352227  -1.134410 
    14400.0000  -1.492317   0.367560  -1.124757 
    14500.0000  -1.506217   0.359107  -1.147110 
    14600.0000  -1.516208   0.360853  -1.155354 
    14700.0000  -1.517161   0.355705  -1.161456 
    14800.0000  -1.503896   0.361199  -1.142697 
    14900.0000  -1.501538   0.350861  -1.150677 
    15000.0000  -1.498210   0.359848  -1.138363 
    15100.0000  -1.518130   0.364051  -1.154078 
    15200.0000  -1.517967   0.359504  -1.158464 
    15300.0000  -1.512826   0.371203  -1.141623 
    15400.0000  -1.513050   0.361412  -1.151637 
    15500.0000  -1.539620   0.357979  -1.181641 
    15600.0000  -1.533206   0.358934  -1.174272 
    15700.0000  -1.525930   0.354564  -1.171366 
    15800.0000  -1.520620   0.356155  -1.164465 
    15900.0000  -1.524140   0.354619  -1.169520 
    16000.0000  -1.537715   0.357304  -1.180411 
    16100.0000  -1.538599   0.355963  -1.182635 
    16200.0000  -1.542387   0.358344  -1.184042 
    16300.0000  -1.550084   0.363561  -1.186523 
    16400.0000  -1.549214   0.355094  -1.194120 
    16500.0000  -1.562887   0.358820  -1.204068 
    16600.0000  -1.546388   0.362813  -1.183575 
    16700.0000  -1.562567   0.357909  -1.204658 
    16800.0000  -1.556150   0.354622  -1.201528 
    16900.0000  -1.551746   0.363357  -1.188388 
    17000.0000  -1.561000   0.359856  -1.201145 
    17100.0000  -1.567224   0.359438  -1.207786 
    17200.0000  -1.565751   0.360047  -1.205704 
    17300.0000  -1.566749   0.364887  -1.201863 
    17400.0000  -1.580462   0.356268  -1.224194 
    17500.0000  -1.599436   0.357014  -1.242423 
    17600.0000  -1.577121   0.364757  -1.212364 
    17700.0000  -1.581736   0.360941  -1.220795 
    17800.0000  -1.595377   0.371101  -1.224276 
    17900.0000  -1.595291   0.367030  -1.228261 
    18000.0000  -1.599255   0.358725  -1.240530 
    18100.0000  -1.602993   0.363608  -1.239385 
    18200.0000  -1.625992   0.372008  -1.253984 
    18300.0000  -1.628947   0.357736  -1.271212 
    18400.0000  -1.623362   0.360016  -1.263346 
    18500.0000  -1.628794   0.360894  -1.267901 
    18600.0000  -1.630820   0.358226  -1.272594 
    18700.0000  -1.624105   0.358444  -1.265661 
    18800.0000  -1.631715   0.356703  -1.275012 
    18900.0000  -1.634453   0.366930  -1.267523 
    19000.0000  -1.627871   0.357450  -1.270421 
    19100.0000  -1.632654   0.366249  -1.266405 
    19200.0000  -1.653820   0.357758  -1.296062 
    19300.0000  -1.644676   0.369004  -1.275672 
    19400.0000  -1.646419   0.359111  -1.287307 
    19500.0000  -1.645243   0.359110  -1.286133 
    19600.0000  -1.633704   0.365281  -1.268424 
    19700.0000  -1.654277   0.367177  -1.287099 
    19800.0000  -1.650813   0.356601  -1.294213 
    19900.0000  -1.656522   0.359590  -1.296933 
    20000.0000  -1.655164   0.360560  -1.294604 
    20100.0000  -1.656147   0.358277  -1.297870 
    20200.0000  -1.673004   0.356502  -1.316503 
    20300.0000  -1.670107   0.357457  -1.312650 
    20400.0000  -1.676996   0.363213  -1.313783 
    20500.0000  -1.685926   0.360426  -1.325500 
    20600.0000  -1.685706   0.366489  -1.319217 
    20700.0000  -1.671999   0.362415  -1.309584 
    20800.0000  -1.673283   0.367097  -1.306186 
    20900.0000  -1.681020   0.350987  -1.330033 
    21000.0000  -1.689294   0.360721  -1.328573 
    21100.0000  -1.689683   0.363278  -1.326405 
    21200.0000  -1.702701   0.360545  -1.342156 
    21300.0000  -1.698565   0.369975  -1.328590 
    21400.0000  -1.698995   0.358824  -1.340171 
    21500.0000  -1.715640   0.358353  -1.357287 
    21600.0000  -1.716187   0.356412  -1.359775 
    21700.0000  -1.722960   0.349931  -1.373029 
    21800.0000  -1.728350   0.364235  -1.364115 
    21900.0000  -1.718407   0.358586  -1.359821 
    22000.0000  -1.724316   0.362823  -1.361493 
    22100.0000  -1.721734   0.362035  -1.359699 
    22200.0000  -1.732885   0.374877  -1.358008 
    22300.0000  -1.731821   0.354366  -1.377455 
    22400.0000  -1.731551   0.348102  -1.383448 
    22500.0000  -1.717982   0.371838  -1.346144 
    22600.0000  -1.713103   0.359356  -1.353748 
    22700.0000  -1.715848   0.360577  -1.355271 
    22800.0000  -1.727928   0.361353  -1.366575 
    22900.0000  -1.732681   0.369970  -1.362711 
    23000.0000  -1.741243   0.361463  -1.379780 
    23100.0000  -1.745921   0.347155  -1.398766 
    23200.0000  -1.745056   0.358215  -1.386841 
    23300.0000  -1.741551   0.360945  -1.380606 
    23400.0000  -1.747524   0.367572  -1.379952 
    23500.0000  -1.735356   0.357236  -1.378120 
    23600.0000  -1.739338   0.361461  -1.377877 
    23700.0000  -1.735093   0.368015  -1.367077 
    23800.0000  -1.752855   0.364243  -1.388612 
    23900.0000  -1.757822   0.359491  -1.398331 
    24000.0000  -1.740659   0.355113  -1.385547 
    24100.0000  -1.743665   0.350235  -1.393431 
    24200.0000  -1.747692   0.365305  -1.382387 
    24300.0000  -1.751118   0.361084  -1.390034 
    24400.0000  -1.739325   0.357413  -1.381912 
    24500.0000  -1.751290   0.353099  -1.398190 
    24600.0000  -1.751706   0.360393  -1.391314 
    24700.0000  -1.769863   0.358057  -1.411806 
    24800.0000  -1.773677   0.354871  -1.418805 
    24900.0000  -1.774028   0.360816  -1.413212 
    25000.0000  -1.765959   0.361523  -1.404436 
    25100.0000  -1.777907   0.356617  -1.421290 
    25200.0000  -1.797340   0.361756  -1.435584 
    25300.0000  -1.792564   0.360348  -1.432217 
    25400.0000  -1.789574   0.360237  -1.429337 
    25500.0000  -1.794610   0.358361  -1.436249 
    25600.0000  -1.799687   0.356370  -1.443317 
    25700.0000  -1.810439   0.355407  -1.455033 
    25800.0000  -1.822526   0.348751  -1.473776 
    25900.0000  -1.822083   0.348031  -1.474052 
    26000.0000  -1.835291   0.363542  -1.471749 
    26100.0000  -1.824752   0.357036  -1.467716 
    26200.0000  -1.826721   0.356451  -1.470270 
    26300.0000  -1.829992   0.354627  -1.475365 
    26400.0000  -1.838130   0.356649  -1.481481 
    26500.0000  -1.839510   0.361712  -1.477798 
    26600.0000  -1.849032   0.367656  -1.481376 
    26700.0000  -1.841905   0.368506  -1.473399 
    26800.0000  -1.841395   0.365788  -1.475607 
    26900.0000  -1.846321   0.355836  -1.490485 
    27000.0000  -1.845539   0.351393  -1.494145 
    27100.0000  -1.836344   0.354354  -1.481990 
    27200.0000  -1.846240   0.356673  -1.489566 
    27300.0000  -1.858603   0.364970  -1.493633 
    27400.0000  -1.861735   0.372642  -1.489093 
    27500.0000  -1.869771   0.367919  -1.501852 
    27600.0000  -1.870779   0.365899  -1.504880 
    27700.0000  -1.881414   0.350200  -1.531213 
    27800.0000  -1.883444   0.362909  -1.520534 
    27900.0000  -1.878401   0.359635  -1.518765 
    28000.0000  -1.893125   0.364220  -1.528904 
    28100.0000  -1.893880   0.358770  -1.535110 
    28200.0000  -1.890590   0.355918  -1.534672 
    28300.0000  -1.888137   0.367225  -1.520912 
    28400.0000  -1.899853   0.366536  -1.533317 
    28500.0000  -1.885033   0.364876  -1.520157 
    28600.0000  -1.889511   0.355788  -1.533723 
    28700.0000  -1.892263   0.361165  -1.531097 
    28800.0000  -1.892140   0.355014  -1.537126 
    28900.0000  -1.894546   0.357386  -1.537159 
    29000.0000  -1.902110   0.358437  -1.543673 
    29100.0000  -1.889545   0.356902  -1.532643 
    29200.0000  -1.892907   0.356162  -1.536745 
    29300.0000  -1.900157   0.367267  -1.532890 
    29400.0000  -1.897503   0.360092  -1.537411 
    29500.0000  -1.893027   0.361511  -1.531516 
    29600.0000  -1.906808   0.361158  -1.545650 
    29700.0000  -1.904323   0.360705  -1.543618 
    29800.0000  -1.914276   0.360364  -1.553911 
    29900.0000  -1.908784   0.361772  -1.547012 
    30000.0000  -1.913064   0.360022  -1.553041 
    30100.0000  -1.917732   0.357083  -1.560649 
    30200.0000  -1.915014   0.353963  -1.561050 
    30300.0000  -1.929583   0.362049  -1.567534 
    30400.0000  -1.927476   0.355954  -1.571522 
    30500.0000  -1.931512   0.359514  -1.571998 
    30600.0000  -1.935663   0.355451  -1.580212 
    30700.0000  -1.935802   0.362811  -1.572990 
    30800.0000  -1.930277   0.362108  -1.568169 
    30900.0000  -1.933782   0.358972  -1.574810 
    31000.0000  -1.925529   0.358319  -1.567210 
    31100.0000  -1.941741   0.358510  -1.583231 
    31200.0000  -1.931043   0.360150  -1.570893 
    31300.0000  -1.933724   0.356633  -1.577090 
    31400.0000  -1.934411   0.372363  -1.562048 
    31500.0000  -1.935636   0.360616  -1.575020 
    31600.0000  -1.941087   0.360376  -1.580711 
    31700.0000  -1.947042   0.359280  -1.587762 
    31800.0000  -1.949938   0.363489  -1.586450 
    31900.0000  -1.950191   0.346421  -1.603770 
    32000.0000  -1.947769   0.361595  -1.586173 
    32100.0000  -1.940173   0.358895  -1.581278 
    32200.0000  -1.945483   0.364107  -1.581375 
    32300.0000  -1.952081   0.360129  -1.591952 
    32400.0000  -1.945604   0.357323  -1.588281 
    32500.0000  -1.938029   0.355121  -1.582909 
    32600.0000  -1.946855   0.353554  -1.593301 
    32700.0000  -1.938422   0.358170  -1.580252 
    32800.0000  -1.945351   0.363212  -1.582139 
    32900.0000  -1.950616   0.359215  -1.591401 
    33000.0000  -1.949671   0.364459  -1.585212 
    33100.0000  -1.947852   0.355979  -1.591873 
    33200.0000  -1.949793   0.355702  -1.594091 
    33300.0000  -1.953132   0.354478  -1.598654 
    33400.0000  -1.961965   0.357423  -1.604542 
    33500.0000  -1.963241   0.363447  -1.599793 
    33600.0000  -1.972123   0.356534  -1.615590 
    33700.0000  -1.976012   0.366184  -1.609828 
    33800.0000  -1.980837   0.359938  -1.620898 
    33900.0000  -1.974770   0.354004  -1.620766 
    34000.0000  -1.985452   0.360333  -1.625119 
    34100.0000  -1.998341   0.357082  -1.641259 
    34200.0000  -1.989608   0.354099  -1.635509 
    34300.0000  -1.995769   0.366011  -1.629758 
    34400.0000  -1.983619   0.353803  -1.629817 
    34500.0000  -1.987868   0.356340  -1.631528 
    34600.0000  -1.996931   0.361111  -1.635820 
    34700.0000  -1.992154   0.356177  -1.635977 
    34800.0000  -1.990098   0.352093  -1.638004 
    34900.0000  -1.991857   0.366395  -1.625462 
    35000.0000  -1.996023   0.364119  -1.631904 
    35100.0000  -2.003280   0.356943  -1.646337 
    35200.0000  -2.000881   0.357993  -1.642888 
    35300.0000  -2.002102   0.356664  -1.645438 
    35400.0000  -2.016155   0.360414  -1.655742 
    35500.0000  -2.007044   0.366520  -1.640523 
    35600.0000  -2.011833   0.360497  -1.651336 
    35700.0000  -2.023618   0.357341  -1.666276 
    35800.0000  -2.022828   0.373653  -1.649175 
    35900.0000  -2.024017   0.356217  -1.667800 
    36000.0000  -2.015405   0.361294  -1.654111 
    36100.0000  -2.028978   0.369757  -1.659221 
    36200.0000  -2.030502   0.355560  -1.674942 
    36300.0000  -2.025886   0.361873  -1.664013 
    36400.0000  -2.037417   0.353624  -1.683793 
    36500.0000  -2.041477   0.368187  -1.673290 
    36600.0000  -2.034298   0.364161  -1.670137 
    36700.0000  -2.029511   0.363349  -1.666161 
    36800.0000  -2.032985   0.360986  -1.671999 
    36900.0000  -2.035059   0.356255  -1.678804 
    37000.0000  -2.032245   0.361431  -1.670814 
    37100.0000  -2.045853   0.359131  -1.686722 
    37200.0000  -2.041430   0.362010  -1.679420 
    37300.0000  -2.034365   0.357407  -1.676958 
    37400.0000  -2.037116   0.357509  -1.679607 
    37500.0000  -2.037951   0.355243  -1.682708 
    37600.0000  -2.044924   0.364343  -1.680581 
    37700.0000  -2.059293   0.360294  -1.698999 
    37800.0000  -2.046834   0.357939  -1.688895 
    37900.0000  -2.031331   0.360681  -1.670650 
    38000.0000  -2.040501   0.363399  -1.677102 
    38100.0000  -2.045025   0.357482  -1.687543 
    38200.0000  -2.046927   0.362909  -1.684018 
    38300.0000  -2.044690   0.360997  -1.683693 
    38400.0000  -2.061269   0.355102  -1.706166 
    38500.0000  -2.055107   0.353833  -1.701275 
    38600.0000  -2.060850   0.358862  -1.701988 
    38700.0000  -2.067254   0.354222  -1.713032 
    38800.0000  -2.057298   0.348721  -1.708577 
    38900.0000  -2.062877   0.357687  -1.705190 
    39000.0000  -2.068084   0.355292  -1.712791 
    39100.0000  -2.062936   0.365983  -1.696952 
    39200.0000  -2.076440   0.364566  -1.711874 
    39300.0000  -2.064963   0.361357  -1.703605 
    39400.0000  -2.071933   0.364524  -1.707408 
    39500.0000  -2.075123   0.362730  -1.712393 
    39600.0000  -2.074211   0.350561  -1.723650 
    39700.0000  -2.074784   0.357997  -1.716788 
    39800.0000  -2.076366   0.359987  -1.716378 
    39900.0000  -2.079164   0.358316  -1.720848 
    40000.0000  -2.078866   0.354729  -1.724137 
    40100.0000  -2.086682   0.353864  -1.732818 
    40200.0000  -2.087817   0.368827  -1.718989 
    40300.0000  -2.078676   0.373519  -1.705157 
    40400.0000  -2.087693   0.369667  -1.718026 
    40500.0000  -2.080040   0.361291  -1.718749 
    40600.0000  -2.080130   0.354048  -1.726082 
    40700.0000  -2.085622   0.365748  -1.719874 
    40800.0000  -2.083162   0.360630  -1.722531 
    40900.0000  -2.086568   0.361535  -1.725033 
    41000.0000  -2.092924   0.356156  -1.736768 
    41100.0000  -2.095104   0.360285  -1.734819 
    41200.0000  -2.088884   0.365377  -1.723507 
    41300.0000  -2.087239   0.357549  -1.729690 
    41400.0000  -2.083817   0.354187  -1.729630 
    41500.0000  -2.096339   0.360150  -1.736189 
    41600.0000  -2.082797   0.354500  -1.728297 
    41700.0000  -2.095009   0.362696  -1.732312 
    41800.0000  -2.083070   0.357892  -1.725178 
    41900.0000  -2.094324   0.361114  -1.733209 
    42000.0000  -2.096039   0.357478  -1.738561 
    42100.0000  -2.096898   0.354250  -1.742649 
    42200.0000  -2.093947   0.362688  -1.731259 
    42300.0000  -2.092936   0.363024  -1.729912 
    42400.0000  -2.096592   0.360657  -1.735935 
    42500.0000  -2.099225   0.358777  -1.740448 
    42600.0000  -2.103241   0.352384  -1.750856 
    42700.0000  -2.083453   0.352562  -1.730892 
    42800.0000  -2.088527   0.356882  -1.731644 
    42900.0000  -2.101920   0.356505  -1.745415 
    43000.0000  -2.112577   0.359313  -1.753263 
    43100.0000  -2.109133   0.365706  -1.743426 
    43200.0000  -2.116903   0.356117  -1.760786 
    43300.0000  -2.116572   0.363515  -1.753057 
    43400.0000  -2.115019   0.358999  -1.756020 
    43500.0000  -2.124606   0.357634  -1.766971 
    43600.0000  -2.117087   0.360515  -1.756572 
    43700.0000  -2.113429   0.360468  -1.752961 
    43800.0000  -2.119453   0.353972  -1.765481 
    43900.0000  -2.115297   0.359921  -1.755376 
    44000.0000  -2.112587   0.367527  -1.745060 
    44100.0000  -2.115507   0.364962  -1.750546 
    44200.0000  -2.113303   0.365321  -1.747982 
    44300.0000  -2.119400   0.367499  -1.751901 
    44400.0000  -2.121924   0.365649  -1.756276 
    44500.0000  -2.114332   0.356320  -1.758012 
    44600.0000  -2.117991   0.362503  -1.755487 
    44700.0000  -2.106205   0.355483  -1.750722 
    44800.0000  -2.114090   0.357090  -1.756999 
    44900.0000  -2.110970   0.363233  -1.747737 
    45000.0000  -2.109477   0.356530  -1.752946 
    45100.0000  -2.111560   0.357291  -1.754268 
    45200.0000  -2.117881   0.365903  -1.751978 
    45300.0000  -2.125918   0.352024  -1.773895 
    45400.0000  -2.123542   0.366793  -1.756750 
    45500.0000  -2.124832   0.363548  -1.761284 
    45600.0000  -2.119207   0.358581  -1.760625 
    45700.0000  -2.114394   0.366311  -1.748083 
    45800.0000  -2.122167   0.361355  -1.760812 
    45900.0000  -2.124656   0.354423  -1.770232 
    46000.0000  -2.119005   0.364177  -1.754828 
    46100.0000  -2.115468   0.366831  -1.748637 
    46200.0000  -2.112099   0.366089  -1.746010 
    46300.0000  -2.110088   0.356988  -1.753100 
    46400.0000  -2.111736   0.362800  -1.748936 
    46500.0000  -2.103467   0.362505  -1.740962 
    46600.0000  -2.108051   0.350955  -1.757096 
    46700.0000  -2.118790   0.359014  -1.759775 
    46800.0000  -2.118866   0.357986  -1.760879 
    46900.0000  -2.111897   0.357411  -1.754486 
    47000.0000  -2.114008   0.351066  -1.762942 
    47100.0000  -2.116549   0.369301  -1.747248 
    47200.0000  -2.115281   0.361410  -1.753871 
    47300.0000  -2.117423   0.359887  -1.757536 
    47400.0000  -2.125793   0.358289  -1.767504 
    47500.0000  -2.127028   0.354468  -1.772561 
    47600.0000  -2.126787   0.359464  -1.767323 
    47700.0000  -2.131255   0.363675  -1.767580 
    47800.0000  -2.119003   0.361320  -1.757682 
    47900.0000  -2.128940   0.366090  -1.762850 
    48000.0000  -2.122206   0.360540  -1.761666 
    48100.0000  -2.119095   0.359386  -1.759709 
    48200.0000  -2.120021   0.364306  -1.755714 
    48300.0000  -2.123170   0.371114  -1.752056 
    48400.0000  -2.128293   0.359535  -1.768758 
    48500.0000  -2.128432   0.354416  -1.774017 
    48600.0000  -2.129610   0.354881  -1.774728 
    48700.0000  -2.144419   0.353786  -1.790634 
    48800.0000  -2.146424   0.366873  -1.779550 
    48900.0000  -2.150056   0.359918  -1.790138 
    49000.0000  -2.156301   0.357226  -1.799075 
    49100.0000  -2.151915   0.353877  -1.798038 
    49200.0000  -2.146177   0.361522  -1.784655 
    49300.0000  -2.143220   0.353001  -1.790219 
    49400.0000  -2.134101   0.362686  -1.771414 
    49500.0000  -2.132585   0.362015  -1.770570 
    49600.0000  -2.134363   0.366735  -1.767629 
    49700.0000  -2.149442   0.364789  -1.784653 
    49800.0000  -2.153099   0.355351  -1.797749 
    49900.0000  -2.151913   0.363198  -1.788715 
    50000.0000  -2.150331   0.356496  -1.793835 
    50100.0000  -2.156067   0.360273  -1.795794 
    50200.0000  -2.156481   0.352272  -1.804209 
    50300.0000  -2.153982   0.356168  -1.797815 
    50400.0000  -2.151146   0.362876  -1.788271 
    50500.0000  -2.160465   0.349792  -1.810673 
    50600.0000  -2.162060   0.368550  -1.793509 
    50700.0000  -2.161375   0.363145  -1.798230 
    50800.0000  -2.161783   0.363153  -1.798629 
    50900.0000  -2.164103   0.359833  -1.804271 
    51000.0000  -2.153652   0.356027  -1.797625 
    51100.0000  -2.159104   0.366309  -1.792794 
    51200.0000  -2.156029   0.355946  -1.800084 
    51300.0000  -2.158172   0.359974  -1.798199 
    51400.0000  -2.162239   0.363193  -1.799046 
    51500.0000  -2.153085   0.360099  -1.792986 
    51600.0000  -2.156734   0.354080  -1.802653 
    51700.0000  -2.159571   0.362845  -1.796726 
    51800.0000  -2.163951   0.359357  -1.804593 
    51900.0000  -2.171552   0.364236  -1.807316 
    52000.0000  -2.160967   0.369007  -1.791960 
    52100.0000  -2.160756   0.353917  -1.806838 
    52200.0000  -2.163997   0.363696  -1.800301 
    52300.0000  -2.163548   0.352890  -1.810658 
    52400.0000  -2.164017   0.356680  -1.807337 
    52500.0000  -2.166418   0.356273  -1.810145 
    52600.0000  -2.166351   0.363604  -1.802746 
    52700.0000  -2.165401   0.360269  -1.805132 
    52800.0000  -2.163875   0.369103  -1.794772 
    52900.0000  -2.166451   0.359722  -1.806730 
    53000.0000  -2.166057   0.355214  -1.810842 
    53100.0000  -2.171443   0.361445  -1.809998 
    53200.0000  -2.172056   0.364879  -1.807177 
    53300.0000  -2.182905   0.366163  -1.816742 
    53400.0000  -2.180553   0.360687  -1.819866 
    53500.0000  -2.185660   0.357852  -1.827807 
    53600.0000  -2.181773   0.355186  -1.826588 
    53700.0000  -2.186903   0.371715  -1.815187 
    53800.0000  -2.184256   0.359130  -1.825127 
    53900.0000  -2.179865   0.359180  -1.820685 
    54000.0000  -2.188603   0.365904  -1.822700 
    54100.0000  -2.189508   0.359604  -1.829905 
    54200.0000  -2.182079   0.364740  -1.817339 
    54300.0000  -2.177709   0.361531  -1.816178 
    54400.0000  -2.186150   0.370503  -1.815647 
    54500.0000  -2.190757   0.357493  -1.833265 
    54600.0000  -2.179949   0.358138  -1.821812 
    54700.0000  -2.187006   0.356816  -1.830190 
    54800.0000  -2.185565   0.360108  -1.825457 
    54900.0000  -2.191750   0.353191  -1.838559 
    55000.0000  -2.189931   0.363170  -1.826761 
    55100.0000  -2.189659   0.374713  -1.814947 
    55200.0000  -2.185918   0.362305  -1.823613 
    55300.0000  -2.182954   0.357319  -1.825635 
    55400.0000  -2.192888   0.356574  -1.836314 
    55500.0000  -2.192580   0.359068  -1.833512 
    55600.0000  -2.190958   0.356272  -1.834686 
    55700.0000  -2.188445   0.367985  -1.820460 
    55800.0000  -2.190810   0.362721  -1.828089 
    55900.0000  -2.190895   0.362552  -1.828343 
    56000.0000  -2.190710   0.357143  -1.833567 
    56100.0000  -2.194927   0.367628  -1.827298 
    56200.0000  -2.194311   0.363499  -1.830811 
    56300.0000  -2.193631   0.360973  -1.832658 
    56400.0000  -2.199541   0.357712  -1.841829 
    56500.0000  -2.207109   0.360479  -1.846630 
    56600.0000  -2.199089   0.361452  -1.837637 
    56700.0000  -2.208529   0.365229  -1.843300 
    56800.0000  -2.201996   0.365243  -1.836753 
    56900.0000  -2.206989   0.353442  -1.853547 
    57000.0000  -2.211938   0.366146  -1.845792 
    57100.0000  -2.204635   0.365806  -1.838829 
    57200.0000  -2.206954   0.361695  -1.845259 
    57300.0000  -2.211237   0.347292  -1.863945 
    57400.0000  -2.217798   0.358197  -1.859602 
    57500.0000  -2.211057   0.363367  -1.847690 
    57600.0000  -2.210141   0.352561  -1.857580 
    57700.0000  -2.206685   0.369562  -1.837123 
    57800.0000  -2.203066   0.365499  -1.837567 
    57900.0000  -2.205933   0.356422  -1.849511 
    58000.0000  -2.204886   0.354810  -1.850076 
    58100.0000  -2.206845   0.367104  -1.839740 
    58200.0000  -2.208133   0.362176  -1.845957 
    58300.0000  -2.209889   0.364771  -1.845118 
    58400.0000  -2.210822   0.357444  -1.853377 
    58500.0000  -2.211948   0.360555  -1.851393 
    58600.0000  -2.217793   0.358541  -1.859252 
    58700.0000  -2.212965   0.364620  -1.848346 
    58800.0000  -2.208078   0.362837  -1.845241 
    58900.0000  -2.212013   0.360673  -1.851340 
    59000.0000  -2.202134   0.366672  -1.835461 
    59100.0000  -2.203400   0.352780  -1.850619 
    59200.0000  -2.206592   0.357222  -1.849370 
    59300.0000  -2.214814   0.353841  -1.860973 
    59400.0000  -2.204804   0.359165  -1.845639 
    59500.0000  -2.222604   0.364233  -1.858371 
    59600.0000  -2.210496   0.359460  -1.851036 
    59700.0000  -2.211372   0.368634  -1.842738 
    59800.0000  -2.207472   0.355366  -1.852105 
    59900.0000  -2.222165   0.358650  -1.863516 
    60000.0000  -2.224085   0.355207  -1.868878 
    60100.0000  -2.213424   0.365465  -1.847959 
    60200.0000  -2.223993   0.363499  -1.860495 
    60300.0000  -2.222521   0.353322  -1.869200 
    60400.0000  -2.215731   0.362482  -1.853249 
    60500.0000  -2.222825   0.361099  -1.861725 
    60600.0000  -2.220924   0.353830  -1.867093 
    60700.0000  -2.227343   0.366742  -1.860602 
    60800.0000  -2.232540   0.365859  -1.866681 
    60900.0000  -2.229603   0.358290  -1.871314 
    61000.0000  -2.226293   0.358732  -1.867561 
    61100.0000  -2.224539   0.357408  -1.867131 
    61200.0000  -2.217645   0.355964  -1.861681 
    61300.0000  -2.215631   0.356927  -1.858704 
    61400.0000  -2.224061   0.363912  -1.860149 
    61500.0000  -2.228000   0.355094  -1.872906 
    61600.0000  -2.235714   0.354228  -1.881486 
    61700.0000  -2.232427   0.360934  -1.871493 
    61800.0000  -2.233174   0.364122  -1.869052 
    61900.0000  -2.239418   0.358831  -1.880587 
    62000.0000  -2.223245   0.356178  -1.867068 
    62100.0000  -2.233184   0.363848  -1.869336 
    62200.0000  -2.234054   0.363384  -1.870671 
    62300.0000  -2.230202   0.361269  -1.868933 
    62400.0000  -2.229167   0.349040  -1.880127 
    62500.0000  -2.223088   0.353438  -1.869650 
    62600.0000  -2.227768   0.365790  -1.861978 
    62700.0000  -2.235194   0.366244  -1.868950 
    62800.0000  -2.230156   0.370262  -1.859894 
    62900.0000  -2.237678   0.358685  -1.878994 
    63000.0000  -2.237530   0.365077  -1.872454 
    63100.0000  -2.239105   0.365604  -1.873501 
    63200.0000  -2.239213   0.364659  -1.874554 
    63300.0000  -2.241721   0.361722  -1.879999 
    63400.0000  -2.238435   0.359156  -1.879278 
    63500.0000  -2.242033   0.356560  -1.885473 
    63600.0000  -2.240748   0.354679  -1.886068 
    63700.0000  -2.242798   0.355392  -1.887405 
    63800.0000  -2.242028   0.357615  -1.884413 
    63900.0000  -2.240390   0.354307  -1.886083 
    64000.0000  -2.236402   0.362442  -1.873960 
    64100.0000  -2.230247   0.360268  -1.869979 
    64200.0000  -2.243514   0.351473  -1.892041 
    64300.0000  -2.240920   0.360194  -1.880726 
    64400.0000  -2.246652   0.358383  -1.888269 
    64500.0000  -2.247513   0.359319  -1.888194 
    64600.0000  -2.245865   0.356197  -1.889669 
    64700.0000  -2.248901   0.363463  -1.885438 
    64800.0000  -2.246111   0.357546  -1.888564 
    64900.0000  -2.250696   0.361055  -1.889641 
    65000.0000  -2.247758   0.362032  -1.885726 
    65100.0000  -2.254594   0.364793  -1.889801 
    65200.0000  -2.247387   0.358061  -1.889326 
    65300.0000  -2.259579   0.366989  -1.892590 
    65400.0000  -2.255731   0.364130  -1.891601 
    65500.0000  -2.253109   0.360234  -1.892876 
    65600.0000  -2.254062   0.365547  -1.888515 
    65700.0000  -2.256263   0.365591  -1.890673 
    65800.0000  -2.253508   0.354478  -1.899030 
    65900.0000  -2.251683   0.363338  -1.888345 
    66000.0000  -2.251534   0.359117  -1.892417 
    66100.0000  -2.263520   0.357896  -1.905624 
    66200.0000  -2.256785   0.365192  -1.891593 
    66300.0000  -2.265308   0.361071  -1.904238 
    66400.0000  -2.252179   0.355482  -1.896696 
    66500.0000  -2.258995   0.364427  -1.894568 
    66600.0000  -2.261880   0.364908  -1.896973 
    66700.0000  -2.261918   0.360373  -1.901546 
    66800.0000  -2.261431   0.363741  -1.897690 
    66900.0000  -2.263375   0.369183  -1.894192 
    67000.0000  -2.272649   0.366022  -1.906627 
    67100.0000  -2.261901   0.367221  -1.894680 
    67200.0000  -2.270638   0.353532  -1.917106 
    67300.0000  -2.270197   0.363085  -1.907112 
    67400.0000  -2.270574   0.357387  -1.913186 
    67500.0000  -2.266470   0.359989  -1.906481 
    67600.0000  -2.265699   0.357650  -1.908049 
    67700.0000  -2.271013   0.361688  -1.909325 
    67800.0000  -2.264555   0.359084  -1.905471 
    67900.0000  -2.269959   0.359462  -1.910497 
    68000.0000  -2.264945   0.360332  -1.904612 
    68100.0000  -2.271220   0.355924  -1.915296 
    68200.0000  -2.272839   0.365958  -1.906881 
    68300.0000  -2.272063   0.362309  -1.909754 
    68400.0000  -2.276428   0.352840  -1.923588 
    68500.0000  -2.275747   0.361892  -1.913855 
    68600.0000  -2.275466   0.359341  -1.916124 
    68700.0000  -2.281172   0.361452  -1.919720 
    68800.0000  -2.281246   0.350744  -1.930502 
    68900.0000  -2.282264   0.363318  -1.918946 
    69000.0000  -2.282481   0.351141  -1.931340 
    69100.0000  -2.283633   0.360365  -1.923268 
    69200.0000  -2.276248   0.355942  -1.920305 
    69300.0000  -2.277691   0.367013  -1.910678 
    69400.0000  -2.285129   0.357290  -1.927839 
    69500.0000  -2.282107   0.359868  -1.922238 
    69600.0000  -2.278536   0.368969  -1.909567 
    69700.0000  -2.277368   0.354997  -1.922371 
    69800.0000  -2.280414   0.359673  -1.920741 
    69900.0000  -2.283791   0.356362  -1.927429 
    70000.0000  -2.273433   0.357904  -1.915530 
    70100.0000  -2.274983   0.353123  -1.921860 
    70200.0000  -2.270385   0.366662  -1.903723 
    70300.0000  -2.274271   0.361292  -1.912979 
    70400.0000  -2.270435   0.355753  -1.914681 
    70500.0000  -2.276719   0.364181  -1.912538 
    70600.0000  -2.274408   0.360981  -1.913427 
    70700.0000  -2.278913   0.361213  -1.917700 
    70800.0000  -2.283419   0.357064  -1.926355 
    70900.0000  -2.281956   0.361226  -1.920730 
    71000.0000  -2.280437   0.362961  -1.917476 
    71100.0000  -2.286861   0.361428  -1.925434 
    71200.0000  -2.285902   0.361266  -1.924637 
    71300.0000  -2.288178   0.364359  -1.923819 
    71400.0000  -2.290528   0.357458  -1.933069 
    71500.0000  -2.294257   0.351753  -1.942504 
    71600.0000  -2.296204   0.359392  -1.936812 
    71700.0000  -2.292476   0.359798  -1.932679 
    71800.0000  -2.292325   0.360842  -1.931483 
    71900.0000  -2.284211   0.356789  -1.927421 
    72000.0000  -2.287791   0.353780  -1.934011 
    72100.0000  -2.289110   0.358445  -1.930665 
    72200.0000  -2.283069   0.361127  -1.921942 
    72300.0000  -2.283180   0.356453  -1.926727 
    72400.0000  -2.290109   0.353757  -1.936352 
    72500.0000  -2.285481   0.369124  -1.916356 
    72600.0000  -2.285522   0.362429  -1.923093 
    72700.0000  -2.287098   0.365667  -1.921431 
    72800.0000  -2.293493   0.357472  -1.936021 
    72900.0000  -2.289232   0.360053  -1.929179 
    73000.0000  -2.297088   0.359791  -1.937298 
    73100.0000  -2.288495   0.360415  -1.928080 
    73200.0000  -2.285241   0.363486  -1.921754 
    73300.0000  -2.288092   0.353485  -1.934607 
    73400.0000  -2.283038   0.358316  -1.924722 
    73500.0000  -2.287934   0.364398  -1.923536 
    73600.0000  -2.289023   0.359308  -1.929716 
    73700.0000  -2.293697   0.359867  -1.933831 
    73800.0000  -2.289930   0.352038  -1.937892 
    73900.0000  -2.290432   0.366382  -1.924050 
    74000.0000  -2.297309   0.354380  -1.942929 
    74100.0000  -2.288941   0.357852  -1.931089 
    74200.0000  -2.295300   0.361843  -1.933456 
    74300.0000  -2.293251   0.357883  -1.935368 
    74400.0000  -2.290442   0.359090  -1.931351 
    74500.0000  -2.287647   0.358620  -1.929026 
    74600.0000  -2.291203   0.369574  -1.921630 
    74700.0000  -2.297625   0.362442  -1.935183 
    74800.0000  -2.295280   0.361898  -1.933383 
    74900.0000  -2.291528   0.360306  -1.931222 
    75000.0000  -2.294466   0.354631  -1.939836 
    75100.0000  -2.294181   0.357214  -1.936967 
    75200.0000  -2.296703   0.358988  -1.937715 
    75300.0000  -2.294286   0.360580  -1.933706 
    75400.0000  -2.298927   0.359153  -1.939773 
    75500.0000  -2.303160   0.360850  -1.942310 
    75600.0000  -2.296444   0.358456  -1.937988 
    75700.0000  -2.301301   0.365960  -1.935341 
    75800.0000  -2.303712   0.366415  -1.937297 
    75900.0000  -2.303763   0.362810  -1.940953 
    76000.0000  -2.307669   0.361562  -1.946107 
    76100.0000  -2.306072   0.361949  -1.944123 
    76200.0000  -2.304114   0.358012  -1.946102 
    76300.0000  -2.301086   0.359173  -1.941912 
    76400.0000  -2.307308   0.362045  -1.945263 
    76500.0000  -2.297425   0.358022  -1.939403 
    76600.0000  -2.299141   0.356496  -1.942645 
    76700.0000  -2.301089   0.356318  -1.944771 
    76800.0000  -2.298803   0.356726  -1.942077 
    76900.0000  -2.293752   0.351862  -1.941889 
    77000.0000  -2.299042   0.366708  -1.932334 
    77100.0000  -2.305229   0.356254  -1.948975 
    77200.0000  -2.294216   0.359106  -1.935109 
    77300.0000  -2.297460   0.352359  -1.945101 
    77400.0000  -2.302025   0.366064  -1.935961 
    77500.0000  -2.307291   0.358467  -1.948823 
    77600.0000  -2.300038   0.359123  -1.940915 
    77700.0000  -2.295777   0.360114  -1.935663 
    77800.0000  -2.298964   0.355967  -1.942998 
    77900.0000  -2.294059   0.368318  -1.925741 
    78000.0000  -2.294150   0.361004  -1.933146 
    78100.0000  -2.302774   0.352833  -1.949941 
    78200.0000  -2.302491   0.365170  -1.937321 
    78300.0000  -2.309084   0.353384  -1.955700 
    78400.0000  -2.291056   0.360368  -1.930688 
    78500.0000  -2.303523   0.363299  -1.940224 
    78600.0000  -2.298774   0.359955  -1.938819 
    78700.0000  -2.298419   0.357632  -1.940788 
    78800.0000  -2.309493   0.364596  -1.944896 
    78900.0000  -2.299983   0.370900  -1.929083 
    79000.0000  -2.302164   0.355840  -1.946323 
    79100.0000  -2.304634   0.359399  -1.945235 
    79200.0000  -2.306960   0.352283  -1.954677 
    79300.0000  -2.305577   0.361315  -1.944262 
    79400.0000  -2.301014   0.358896  -1.942118 
    79500.0000  -2.296094   0.363847  -1.932246 
    79600.0000  -2.296845   0.365101  -1.931743 
    79700.0000  -2.303933   0.359014  -1.944919 
    79800.0000  -2.291089   0.363562  -1.927527 
    79900.0000  -2.297829   0.363997  -1.933832 
    80000.0000  -2.293530   0.368059  -1.925471 
    80100.0000  -2.293022   0.359425  -1.933596 
    80200.0000  -2.297011   0.355663  -1.941347 
    80300.0000  -2.289988   0.356187  -1.933801 
    80400.0000  -2.289799   0.357597  -1.932202 
    80500.0000  -2.291735   0.355856  -1.935879 
    80600.0000  -2.290397   0.359825  -1.930572 
    80700.0000  -2.288647   0.362523  -1.926124 
    80800.0000  -2.292799   0.367227  -1.925573 
    80900.0000  -2.285279   0.367013  -1.918267 
    81000.0000  -2.294879   0.366828  -1.928052 
    81100.0000  -2.291786   0.349407  -1.942378 
    81200.0000  -2.290997   0.361811  -1.929186 
    81300.0000  -2.288648   0.352741  -1.935907 
    81400.0000  -2.284640   0.361201  -1.923438 
    81500.0000  -2.286851   0.366891  -1.919961 
    81600.0000  -2.282136   0.360962  -1.921174 
    81700.0000  -2.282577   0.350711  -1.931866 
    81800.0000  -2.296095   0.351668  -1.944427 
    81900.0000  -2.290939   0.362958  -1.927981 
    82000.0000  -2.290672   0.357782  -1.932890 
    82100.0000  -2.291832   0.365164  -1.926668 
    82200.0000  -2.291511   0.366755  -1.924756 
    82300.0000  -2.288262   0.359730  -1.928532 
    82400.0000  -2.290533   0.362985  -1.927547 
    82500.0000  -2.300899   0.365000  -1.935899 
    82600.0000  -2.293791   0.363323  -1.930468 
    82700.0000  -2.297791   0.361740  -1.936051 
    82800.0000  -2.296915   0.357217  -1.939698 
    82900.0000  -2.294198   0.360063  -1.934134 
    83000.0000  -2.299091   0.359159  -1.939931 
    83100.0000  -2.308302   0.364049  -1.944253 
    83200.0000  -2.311703   0.350964  -1.960739 
    83300.0000  -2.304739   0.355356  -1.949382 
    83400.0000  -2.306852   0.366174  -1.940678 
    83500.0000  -2.305405   0.356979  -1.948427 
    83600.0000  -2.302222   0.361236  -1.940986 
    83700.0000  -2.300286   0.362382  -1.937904 
    83800.0000  -2.301578   0.356692  -1.944886 
    83900.0000  -2.294397   0.357116  -1.937280 
    84000.0000  -2.300497   0.364635  -1.935862 
    84100.0000  -2.301848   0.363729  -1.938119 
    84200.0000  -2.304962   0.362383  -1.942579 
    84300.0000  -2.296913   0.367976  -1.928938 
    84400.0000  -2.309093   0.354719  -1.954374 
    84500.0000  -2.306077   0.360089  -1.945987 
    84600.0000  -2.303029   0.366903  -1.936125 
    84700.0000  -2.302065   0.354216  -1.947849 
    84800.0000  -2.305480   0.358376  -1.947104 
    84900.0000  -2.312416   0.362983  -1.949433 
    85000.0000  -2.308185   0.367866  -1.940319 
    85100.0000  -2.312618   0.362956  -1.949662 
    85200.0000  -2.301328   0.367541  -1.933787 
    85300.0000  -2.310284   0.361355  -1.948929 
    85400.0000  -2.309662   0.363431  -1.946231 
    85500.0000  -2.309746   0.360247  -1.949498 
    85600.0000  -2.303175   0.369460  -1.933715 
    85700.0000  -2.315217   0.360488  -1.954728 
    85800.0000  -2.317380   0.362222  -1.955158 
    85900.0000  -2.306010   0.360157  -1.945853 
    86000.0000  -2.306035   0.352830  -1.953205 
    86100.0000  -2.310099   0.357408  -1.952690 
    86200.0000  -2.310117   0.367133  -1.942984 
    86300.0000  -2.309060   0.357521  -1.951539 
    86400.0000  -2.310176   0.361136  -1.949040 
    86500.0000  -2.304944   0.360004  -1.944940 
    86600.0000  -2.311574   0.358587  -1.952987 
    86700.0000  -2.307401   0.359881  -1.947520 
    86800.0000  -2.310552   0.366933  -1.943619 
    86900.0000  -2.307564   0.356145  -1.951420 
    87000.0000  -2.311137   0.367642  -1.943495 
    87100.0000  -2.309559   0.359223  -1.950337 
    87200.0000  -2.306628   0.350754  -1.955874 
    87300.0000  -2.309580   0.361546  -1.948035 
    87400.0000  -2.312933   0.361475  -1.951457 
    87500.0000  -2.312910   0.355770  -1.957140 
    87600.0000  -2.319133   0.359559  -1.959575 
    87700.0000  -2.310862   0.355515  -1.955347 
    87800.0000  -2.318631   0.357203  -1.961428 
    87900.0000  -2.318503   0.362628  -1.955875 
    88000.0000  -2.317992   0.362183  -1.955809 
    88100.0000  -2.314135   0.357671  -1.956464 
    88200.0000  -2.316867   0.354506  -1.962361 
    88300.0000  -2.314079   0.362959  -1.951120 
    88400.0000  -2.313994   0.361386  -1.952609 
    88500.0000  -2.310744   0.361077  -1.949666 
    88600.0000  -2.302281   0.370109  -1.932172 
    88700.0000  -2.302453   0.355890  -1.946564 
    88800.0000  -2.308167   0.362287  -1.945880 
    88900.0000  -2.315896   0.359198  -1.956698 
    89000.0000  -2.313088   0.362548  -1.950540 
    89100.0000  -2.308180   0.356640  -1.951540 
    89200.0000  -2.312018   0.365113  -1.946904 
    89300.0000  -2.313621   0.356048  -1.957573 
    89400.0000  -2.309571   0.356983  -1.952588 
    89500.0000  -2.303767   0.359396  -1.944371 
    89600.0000  -2.310839   0.365629  -1.945210 
    89700.0000  -2.310924   0.348512  -1.962412 
    89800.0000  -2.306095   0.357195  -1.948900 
    89900.0000  -2.311234   0.362442  -1.948793 
    90000.0000  -2.312765   0.361623  -1.951143 
    90100.0000  -2.313241   0.349313  -1.963929 
    90200.0000  -2.312846   0.365247  -1.947599 
    90300.0000  -2.315568   0.359273  -1.956295 
    90400.0000  -2.308895   0.357535  -1.951360 
    90500.0000  -2.313714   0.363097  -1.950617 
    90600.0000  -2.312645   0.356828  -1.955817 
    90700.0000  -2.315763   0.362595  -1.953168 
    90800.0000  -2.313657   0.371473  -1.942184 
    90900.0000  -2.310403   0.362865  -1.947538 
    91000.0000  -2.312392   0.361748  -1.950645 
    91100.0000  -2.320265   0.354711  -1.965554 
    91200.0000  -2.315205   0.367315  -1.947890 
    91300.0000  -2.313751   0.359248  -1.954503 
    91400.0000  -2.320781   0.367311  -1.953471 
    91500.0000  -2.315234   0.366858  -1.948376 
    91600.0000  -2.317755   0.366653  -1.951102 
    91700.0000  -2.311972   0.353486  -1.958486 
    91800.0000  -2.314242   0.360517  -1.953726 
    91900.0000  -2.314470   0.364574  -1.949896 
    92000.0000  -2.316542   0.358207  -1.958335 
    92100.0000  -2.316243   0.354034  -1.962209 
    92200.0000  -2.316831   0.356014  -1.960817 
    92300.0000  -2.316246   0.363919  -1.952327 
    92400.0000  -2.309793   0.366197  -1.943597 
    92500.0000  -2.318694   0.366820  -1.951874 
    92600.0000  -2.319889   0.359586  -1.960303 
    92700.0000  -2.321266   0.365244  -1.956022 
    92800.0000  -2.316557   0.364879  -1.951678 
    92900.0000  -2.317712   0.360234  -1.957478 
    93000.0000  -2.318258   0.362975  -1.955283 
    93100.0000  -2.317992   0.350765  -1.967227 
    93200.0000  -2.318120   0.355105  -1.963015 
    93300.0000  -2.317462   0.352404  -1.965058 
    93400.0000  -2.318689   0.367321  -1.951368 
    93500.0000  -2.319074   0.363289  -1.955785 
    93600.0000  -2.317741   0.359566  -1.958175 
    93700.0000  -2.321277   0.360197  -1.961080 
    93800.0000  -2.315804   0.355479  -1.960325 
    93900.0000  -2.320608   0.362421  -1.958187 
    94000.0000  -2.321875   0.359535  -1.962340 
    94100.0000  -2.332628   0.359754  -1.972874 
    94200.0000  -2.331424   0.358680  -1.972744 
    94300.0000  -2.334913   0.362006  -1.972907 
    94400.0000  -2.324965   0.361978  -1.962987 
    94500.0000  -2.325493   0.361982  -1.963511 
    94600.0000  -2.328417   0.356268  -1.972149 
    94700.0000  -2.332679   0.360113  -1.972566 
    94800.0000  -2.329267   0.364557  -1.964711 
    94900.0000  -2.328618   0.357244  -1.971374 
    95000.0000  -2.327314   0.356377  -1.970937 
    95100.0000  -2.326038   0.349903  -1.976136 
    95200.0000  -2.326138   0.353660  -1.972478 
    95300.0000  -2.330924   0.360831  -1.970093 
    95400.0000  -2.325887   0.349982  -1.975905 
    95500.0000  -2.332176   0.363790  -1.968386 
    95600.0000  -2.332410   0.364439  -1.967971 
    95700.0000  -2.332682   0.364438  -1.968244 
    95800.0000  -2.333390   0.352588  -1.980802 
    95900.0000  -2.337699   0.363500  -1.974199 
    96000.0000  -2.337089   0.358016  -1.979073 
    96100.0000  -2.336712   0.366285  -1.970428 
    96200.0000  -2.343561   0.365704  -1.977857 
    96300.0000  -2.340976   0.361406  -1.979569 
    96400.0000  -2.347493   0.368847  -1.978646 
    96500.0000  -2.344209   0.362882  -1.981326 
    96600.0000  -2.337557   0.361446  -1.976112 
    96700.0000  -2.343522   0.366327  -1.977196 
    96800.0000  -2.341174   0.359381  -1.981793 
    96900.0000  -2.332267   0.369838  -1.962429 
    97000.0000  -2.335888   0.355856  -1.980031 
    97100.0000  -2.337880   0.352402  -1.985478 
    97200.0000  -2.339504   0.361175  -1.978329 
    97300.0000  -2.336899   0.349324  -1.987575 
    97400.0000  -2.336591   0.366027  -1.970565 
    97500.0000  -2.333072   0.359215  -1.973857 
    97600.0000  -2.341441   0.354272  -1.987169 
    97700.0000  -2.336901   0.360378  -1.976522 
    97800.0000  -2.335042   0.364791  -1.970251 
    97900.0000  -2.339191   0.363034  -1.976157 
    98000.0000  -2.343000   0.363150  -1.979850 
    98100.0000  -2.338772   0.353807  -1.984965 
    98200.0000  -2.343016   0.370432  -1.972584 
    98300.0000  -2.341288   0.363114  -1.978174 
    98400.0000  -2.335875   0.359196  -1.976678 
    98500.0000  -2.337878   0.369616  -1.968262 
    98600.0000  -2.338521   0.358957  -1.979564 
    98700.0000  -2.337165   0.355375  -1.981790 
    98800.0000  -2.343652   0.366705  -1.976947 
    98900.0000  -2.335993   0.353679  -1.982313 
    99000.0000  -2.338921   0.354600  -1.984321 
    99100.0000  -2.334818   0.361350  -1.973468 
    99200.0000  -2.329617   0.358563  -1.971054 
    99300.0000  -2.342202   0.367817  -1.974384 
    99400.0000  -2.337222   0.357258  -1.979964 
    99500.0000  -2.347308   0.367072  -1.980236 
    99600.0000  -2.339264   0.360318  -1.978946 
    99700.0000  -2.344849   0.365524  -1.979324 
    99800.0000  -2.339313   0.352584  -1.986729 
    99900.0000  -2.330206   0.362031  -1.968175 
   100000.0000  -2.329867   0.357438  -1.972429 
   100100.0000  -2.339264   0.361363  -1.977901 
   100200.0000  -2.334494   0.350000  -1.984494 
   100300.0000  -2.340695   0.355436  -1.985259 
   100400.0000  -2.339645   0.357149  -1.982495 
   100500.0000  -2.341385   0.355571  -1.985814 
   100600.0000  -2.334240   0.359072  -1.975168 
   100700.0000  -2.339470   0.356297  -1.983173 
   100800.0000  -2.332872   0.363868  -1.969004 
   100900.0000  -2.346729   0.371244  -1.975485 
   101000.0000  -2.339095   0.358218  -1.980877 
   101100.0000  -2.344116   0.359182  -1.984934 
   101200.0000  -2.357562   0.363396  -1.994166 
   101300.0000  -2.353886   0.368151  -1.985735 
   101400.0000  -2.345541   0.360162  -1.985378 
   101500.0000  -2.356046   0.363015  -1.993031 
   101600.0000  -2.353274   0.362215  -1.991059 
   101700.0000  -2.351093   0.360639  -1.990455 
   101800.0000  -2.352510   0.352331  -2.000180 
   101900.0000  -2.358074   0.360335  -1.997739 
   102000.0000  -2.359625   0.364156  -1.995469 
   102100.0000  -2.365397   0.359554  -2.005843 
   102200.0000  -2.362981   0.365053  -1.997928 
   102300.0000  -2.357295   0.363342  -1.993953 
   102400.0000  -2.364113   0.360665  -2.003448 
   102500.0000  -2.359222   0.358744  -2.000478 
   102600.0000  -2.363917   0.355635  -2.008282 
   102700.0000  -2.359860   0.358297  -2.001563 
   102800.0000  -2.362193   0.357706  -2.004487 
   102900.0000  -2.353899   0.354181  -1.999719 
   103000.0000  -2.362006   0.361029  -2.000976 
   103100.0000  -2.359326   0.356842  -2.002484 
   103200.0000  -2.356821   0.358521  -1.998300 
   103300.0000  -2.354894   0.359067  -1.995827 
   103400.0000  -2.361293   0.361944  -1.999349 
   103500.0000  -2.358216   0.361957  -1.996260 
   103600.0000  -2.356538   0.360407  -1.996131 
   103700.0000  -2.355224   0.357703  -1.997521 
   103800.0000  -2.365126   0.361600  -2.003526 
   103900.0000  -2.360355   0.359462  -2.000893 
   104000.0000  -2.360792   0.355098  -2.005694 
   104100.0000  -2.355408   0.358630  -1.996778 
   104200.0000  -2.370226   0.360374  -2.009852 
   104300.0000  -2.362752   0.361334  -2.001419 
   104400.0000  -2.359863   0.362929  -1.996934 
   104500.0000  -2.362911   0.355821  -2.007090 
   104600.0000  -2.365032   0.364181  -2.000851 
   104700.0000  -2.356225   0.359422  -1.996803 
   104800.0000  -2.364741   0.371503  -1.993238 
   104900.0000  -2.357062   0.365073  -1.991989 
   105000.0000  -2.360578   0.356021  -2.004557 
   105100.0000  -2.364373   0.368632  -1.995741 
   105200.0000  -2.367109   0.361103  -2.006006 
   105300.0000  -2.360363   0.361237  -1.999125 
   105400.0000  -2.365342   0.358136  -2.007206 
   105500.0000  -2.368243   0.358934  -2.009309 
   105600.0000  -2.364015   0.359764  -2.004251 
   105700.0000  -2.356758   0.363669  -1.993089 
   105800.0000  -2.374713   0.362894  -2.011819 
   105900.0000  -2.366293   0.354766  -2.011527 
   106000.0000  -2.365075   0.355911  -2.009164 
   106100.0000  -2.362972   0.363534  -1.999438 
   106200.0000  -2.365696   0.359214  -2.006482 
   106300.0000  -2.369161   0.358057  -2.011104 
   106400.0000  -2.369435   0.360938  -2.008497 
   106500.0000  -2.367474   0.358939  -2.008535 
   106600.0000  -2.374302   0.353351  -2.020952 
   106700.0000  -2.366506   0.352363  -2.014143 
   106800.0000  -2.368238   0.360062  -2.008176 
   106900.0000  -2.365532   0.360072  -2.005460 
   107000.0000  -2.366906   0.365666  -2.001240 
   107100.0000  -2.370138   0.355090  -2.015048 
   107200.0000  -2.372527   0.365308  -2.007219 
   107300.0000  -2.371773   0.354069  -2.017704 
   107400.0000  -2.374017   0.360985  -2.013033 
   107500.0000  -2.373998   0.355920  -2.018078 
   107600.0000  -2.373900   0.365508  -2.008392 
   107700.0000  -2.366082   0.360484  -2.005598 
   107800.0000  -2.371530   0.361140  -2.010390 
   107900.0000  -2.375773   0.357376  -2.018397 
   108000.0000  -2.369560   0.360043  -2.009517 
   108100.0000  -2.373098   0.361785  -2.011313 
   108200.0000  -2.368321   0.362088  -2.006233 
   108300.0000  -2.379345   0.366274  -2.013071 
   108400.0000  -2.377488   0.357552  -2.019936 
   108500.0000  -2.372554   0.358208  -2.014346 
   108600.0000  -2.377729   0.358519  -2.019210 
   108700.0000  -2.376661   0.356168  -2.020494 
   108800.0000  -2.373134   0.359612  -2.013522 
   108900.0000  -2.382168   0.353869  -2.028299 
   109000.0000  -2.383274   0.358188  -2.025087 
   109100.0000  -2.377328   0.351770  -2.025558 
   109200.0000  -2.382748   0.361025  -2.021723 
   109300.0000  -2.381224   0.355694  -2.025529 
   109400.0000  -2.380217   0.367978  -2.012239 
   109500.0000  -2.377735   0.359709  -2.018026 
   109600.0000  -2.384414   0.365225  -2.019189 
   109700.0000  -2.388894   0.355438  -2.033457 
   109800.0000  -2.385564   0.362665  -2.022898 
   109900.0000  -2.388118   0.363025  -2.025093 
   110000.0000  -2.383849   0.355441  -2.028408 
   110100.0000  -2.382004   0.364482  -2.017521 
   110200.0000  -2.381950   0.351267  -2.030683 
   110300.0000  -2.385978   0.361366  -2.024612 
   110400.0000  -2.382704   0.357382  -2.025322 
   110500.0000  -2.377489   0.362453  -2.015037 
   110600.0000  -2.378071   0.364700  -2.013371 
   110700.0000  -2.383671   0.363177  -2.020494 
   110800.0000  -2.381969   0.355769  -2.026200 
   110900.0000  -2.382321   0.358196  -2.024125 
   111000.0000  -2.379220   0.360529  -2.018691 
   111100.0000  -2.369480   0.357066  -2.012414 
   111200.0000  -2.385382   0.351474  -2.033907 
   111300.0000  -2.378453   0.367554  -2.010899 
   111400.0000  -2.382143   0.370113  -2.012029 
   111500.0000  -2.375991   0.355249  -2.020741 
   111600.0000  -2.374381   0.357850  -2.016531 
   111700.0000  -2.371777   0.355054  -2.016723 
   111800.0000  -2.387031   0.366091  -2.020940 
   111900.0000  -2.379851   0.363634  -2.016217 
   112000.0000  -2.379681   0.364567  -2.015113 
   112100.0000  -2.376247   0.360953  -2.015294 
   112200.0000  -2.385043   0.349734  -2.035309 
   112300.0000  -2.381732   0.358461  -2.023271 
   112400.0000  -2.379148   0.360651  -2.018497 
   112500.0000  -2.385668   0.355483  -2.030185 
   112600.0000  -2.383459   0.356468  -2.026991 
   112700.0000  -2.382198   0.353141  -2.029057 
   112800.0000  -2.377455   0.361957  -2.015498 
   112900.0000  -2.379215   0.359905  -2.019310 
   113000.0000  -2.379314   0.358493  -2.020822 
   113100.0000  -2.381509   0.365257  -2.016252 
   113200.0000  -2.378977   0.361680  -2.017297 
   113300.0000  -2.384145   0.361812  -2.022333 
   113400.0000  -2.382038   0.357712  -2.024326 
   113500.0000  -2.383194   0.365741  -2.017452 
   113600.0000  -2.379023   0.361184  -2.017839 
   113700.0000  -2.379705   0.367754  -2.011951 
   113800.0000  -2.378195   0.364089  -2.014106 
