t = 828495810
b = 10.8576704663796 10.8576704663796 10.8576704663796
E = -1.78508589897881 -1.78508589897881 0
575.255591857788 -244.799142162107 -398.449120151539 0.385566942521815 0.828112368346132 -0.406900526208122 0.874309589253891 -0.46882022996359 -0.125659596201101 0 0 0 0 0 0
127.909077642274 -390.874366963244 -663.950654254001 -0.578566861820991 -0.671785160611368 -0.46256360036999 0.810097414924483 -0.407319918252848 -0.421702101641622 0 0 0 0 0 0
-139.787017682403 -547.286686028887 200.714921017806 0.59458771936806 -0.730360554161138 -0.336212588848333 -0.687321999531527 -0.244733396743742 -0.683881593170125 0 0 0 0 0 0
233.850732510272 8.5984865201915 298.979731894925 -0.597016170990838 0.794421971878316 -0.111648655052859 -0.296599981226152 -0.34789223206947 -0.889381496324962 0 0 0 0 0 0
282.691229900769 -58.1025494041238 -267.882943237099 0.827434145696535 -0.537095780059955 -0.163953827574113 -0.229074407497431 -0.589387686480006 0.774691597253578 0 0 0 0 0 0
-511.02980567571 170.882615339944 -428.468146401589 -0.126237648468476 -0.224427730784805 0.966279591922887 0.188785020631408 -0.961705646831379 -0.198701949762576 0 0 0 0 0 0
-44.2047393575362 -478.830755724129 -163.813241539365 -0.599436429919462 -0.588892152554137 0.542108844371412 0.487490717450565 0.268574858520343 0.830795008272823 0 0 0 0 0 0
-66.4298857922188 -236.967327968866 523.142698639218 0.997138278045657 -0.0138096504893936 0.0743273032575577 -0.018311079826809 -0.998016817137077 0.0602257176607028 0 0 0 0 0 0
38.1847490463021 733.088979358557 -46.8332080121166 0.906293203408817 0.0129034518027392 -0.422452518498222 -0.318474579717361 0.677968497550062 -0.662519930569726 0 0 0 0 0 0
1101.24840211998 355.110564728117 -107.53362672177 0.2155647354593 0.309585284128263 0.926114893884718 0.247588416332523 -0.934748858190572 0.254842202561208 0 0 0 0 0 0
-620.030498807665 -642.813989972618 -59.6974686739005 -0.545172838393783 -0.740563861502347 -0.392876244268306 0.544095998653888 -0.669099395684039 0.506226770272526 0 0 0 0 0 0
-134.309074354324 -129.670693033215 -151.836020546817 0.920028699935966 0.376824800591257 0.107472140352701 -0.377684641992992 0.925842682548918 -0.0130245295901515 0 0 0 0 0 0
797.658489357074 -203.621510783197 -73.5805298482374 0.861061581588301 0.435905122041317 -0.261839029348269 0.278742703038651 -0.835285821215714 -0.473919932453159 0 0 0 0 0 0
-555.412656459793 -19.3588503551765 381.461900153267 -0.155927912860068 0.938895218589662 0.306858688163892 -0.463194237136237 0.204883143187044 -0.862249381746006 0 0 0 0 0 0
831.724900741412 50.9972206454977 34.5450618113227 -0.715737011551363 -0.184478877341173 0.673563711992317 0.477811936224042 -0.83276216394799 0.279647871263916 0 0 0 0 0 0
-246.821968543369 -494.844013806437 -62.5906006137922 0.316241835306979 0.851667904993914 -0.417914921013383 0.934982690954013 -0.354388834591218 -0.0146942686960063 0 0 0 0 0 0
277.258213465586 316.411383203991 -36.2701526691319 0.367276941967271 0.153936194056781 0.917284740992937 -0.0741754623943363 -0.978220625561526 0.193861828390344 0 0 0 0 0 0
-15.9738114025778 -307.778892491412 -699.349063704988 0.861691343304879 -0.0052127528064813 -0.507406007139959 0.437246487119785 -0.499791617392003 0.747678974350785 0 0 0 0 0 0
-517.884923762184 -400.002222517697 -52.8389723573868 -0.526050219722051 -0.0120830085957404 0.850367665915366 0.849722402019055 -0.0489192344136343 0.52495594864057 0 0 0 0 0 0
236.420779686366 253.816077227283 133.323410371215 -0.176215517221596 0.808349357654818 -0.56171114237645 0.951926190958078 -0.00531636343719648 -0.306281346560394 0 0 0 0 0 0
-25.8613047571162 -807.430283622738 -301.623441173627 0.83019620889873 -0.449192517768775 -0.33015199031789 -0.117775901984127 -0.7201904517933 0.683706479460748 0 0 0 0 0 0
4.79966977533707 -613.881593767417 229.125779682172 0.676807094929026 0.486134852049981 -0.552815576731856 0.229683349392686 0.574012383224429 0.785974136291711 0 0 0 0 0 0
305.371228739222 -106.886762529849 -335.109634979251 -0.0603369133091772 0.971318316327877 -0.230000402743132 0.462008171687604 0.231428284723265 0.856148000246513 0 0 0 0 0 0
-258.316538205784 537.127693226824 -26.7619036735297 -0.384172852826526 -0.870862712710799 -0.306609449888416 -0.921356951771805 0.382940405912055 0.06676835284154 0 0 0 0 0 0
-15.8008410087262 -212.178296201748 26.7540312426288 0.510070674997343 -0.180236005348929 -0.841036794013029 -0.0461450777018893 0.970656839362936 -0.235999855934742 0 0 0 0 0 0
99.5820108048209 63.8790300602377 84.7050085208405 0.565609594682934 0.809894160015076 -0.155425982306409 0.736995725284391 -0.580983093612105 -0.345392451928301 0 0 0 0 0 0
609.878182171268 -577.354567988684 155.272884039724 0.377840924551297 0.864458568256794 -0.331583503060914 0.147895725861831 0.297181199665937 0.943297508127082 0 0 0 0 0 0
-1.47765709492005 -74.2113524644087 -213.329366040221 -0.957010882269832 -0.285777846341303 0.0496104198897422 0.259684778690404 -0.920380469424266 -0.292341593389055 0 0 0 0 0 0
-374.723612935279 -157.358616417191 30.0181759816678 0.801583687527056 0.591695062265863 -0.0857936196938549 0.288259440520049 -0.508187315515988 -0.811573870513361 0 0 0 0 0 0
204.493092941402 -11.391266822851 -626.489770301271 -0.494636097924178 -0.470939459945442 0.730445860893817 0.0385659430687786 -0.851527973512167 -0.522888877642302 0 0 0 0 0 0
899.356656156927 -185.887118866694 -29.6427535236559 0.591526406577558 0.124504397001167 -0.796614816236587 -0.140773834973318 -0.956882323681021 -0.254084525328463 0 0 0 0 0 0
-79.9547025824109 -379.151350425924 -476.708955690692 -0.551578757426882 0.0724788333981482 0.830967925411804 0.138146820989112 0.990397503164349 0.00531428000868061 0 0 0 0 0 0
196.909864585778 -365.321883811872 242.788270103369 0.83947834509385 -0.514759028449266 -0.174066799666609 -0.46336384656068 -0.51079092643929 -0.724145410237031 0 0 0 0 0 0
-654.586596278312 156.512451609246 -326.171873880317 -0.499092042475443 -0.151318282144436 0.853234968005142 0.674586258526582 -0.68587824746487 0.272954958669407 0 0 0 0 0 0
139.043663546462 -546.769556375797 180.056841305456 -0.452937292198613 -0.76909892693397 0.450926435159293 0.14843368753564 0.433669965107747 0.888761948875846 0 0 0 0 0 0
428.932382518244 349.5814959857 251.720088000211 0.894921738357853 -0.172985428841494 0.411328486278295 0.219376101821221 -0.632146984270304 -0.743144882393702 0 0 0 0 0 0
364.182840566291 304.879554885484 -470.15565864761 -0.301607124196196 -0.779889734601966 -0.548457058025083 0.256238970236661 -0.620385013692109 0.741258406305802 0 0 0 0 0 0
-189.252299124715 -273.355138212169 98.9490833143216 -0.723163581132409 -0.272953187118147 0.634453302117283 0.494687623380429 -0.845744446895903 0.200001214550494 0 0 0 0 0 0
-32.0007933522534 113.401959488835 133.351737280481 -0.0894231180664563 -0.17266672748567 0.980912690902977 -0.98462985843997 0.163673470753279 -0.0609511020362382 0 0 0 0 0 0
159.415041742934 -604.732521409672 -295.514802274597 0.858822538632681 -0.300986204492467 -0.414525212553035 -0.0601658137979316 -0.862852086454374 0.501862881425498 0 0 0 0 0 0
188.043149018881 451.415018217897 299.685085509824 0.968328191428356 0.197410730712182 -0.152870916422941 -0.156436814072451 0.956880894389299 0.244757997125799 0 0 0 0 0 0
-352.04048015743 182.594256102185 -468.651284683615 0.466457180420192 0.738148581124167 0.487395497533044 -0.329498015173723 0.656357401857212 -0.678694348746711 0 0 0 0 0 0
346.340356442023 270.543704469903 50.9542435034434 -0.00320165332716389 0.950068144598083 0.312026072684744 0.233199863888027 -0.302715261532314 0.92411108310489 0 0 0 0 0 0
-301.670264333415 249.975188055866 -165.737170185673 -0.223051499500474 0.340596400658159 0.91336855673249 0.311480299957234 0.912756439139797 -0.264302299547036 0 0 0 0 0 0
492.689762253462 188.679695453978 201.101812631569 0.977211314958878 -0.0724482704315124 -0.199522665443611 -0.211433882549935 -0.248928280935781 -0.945161586319952 0 0 0 0 0 0
-56.6999316367472 35.9484893050154 -564.148191061941 -0.0163519011888928 -0.904374526376874 -0.42642623203113 0.53480409634911 -0.368259770952785 0.76050596291151 0 0 0 0 0 0
51.5024172961693 492.532733396744 521.180627127349 0.623120743023147 0.759596589904939 -0.186369418679894 -0.719880508928343 0.463853592881961 -0.516344746497525 0 0 0 0 0 0
292.852370739448 -380.52303023441 -32.1677432830633 -0.951112938894572 0.197712619240068 -0.237263350858027 0.108887035919252 0.933569718179525 0.341454528021006 0 0 0 0 0 0
-299.651173459293 -100.272293596385 -140.51780676497 -0.590729699444952 -0.133372776897902 0.795770145567589 0.545568001086113 -0.792648890982846 0.272145717980658 0 0 0 0 0 0
702.492358569324 100.271054837445 -523.238828232211 0.698640300490395 0.339460614876627 -0.629816021930461 -0.526996603086401 0.839540182577918 -0.132086570761071 0 0 0 0 0 0
-443.091436813999 183.128727635174 58.188414504609 -0.988800364819518 -0.129299234720116 0.0745355380545139 -0.000291411006077616 -0.497746274085394 -0.867322639918417 0 0 0 0 0 0
392.742863375063 -658.885785485199 -219.586469872541 0.36470407794594 0.5175048544017 -0.774066961702595 -0.248704807036535 0.855263113087116 0.454610741567423 0 0 0 0 0 0
-1068.15382084479 -524.195915622556 -68.5078300900479 -0.382940306877467 -0.710931247420535 0.589858866857715 0.808409062913411 0.0510889057705568 0.586399787437794 0 0 0 0 0 0
-468.979812462275 593.162816421539 342.131674635151 0.92092430968359 0.0235351051394399 -0.389030223323298 -0.380085515317427 -0.166579284558068 -0.909827644667656 0 0 0 0 0 0
109.011098366424 203.481089430714 -47.1817356102754 0.261345733537385 -0.010387443111032 -0.965189364107586 0.842748366090393 0.489981957877022 0.222918981715602 0 0 0 0 0 0
-317.657485229638 -270.916619522678 -44.6121392319223 0.111274883010085 0.918138095024713 -0.380316103887911 -0.5544273310314 0.374955518179146 0.742979605368227 0 0 0 0 0 0
26.8199367446058 -373.551861614389 230.01006047099 0.705767473753671 0.706404591459045 -0.0537105776776336 -0.53648467477296 0.483405274636586 -0.691739498789023 0 0 0 0 0 0
69.1506222904531 388.593750605711 -156.040010345577 0.814601650447238 -0.561976731247027 -0.143548962458039 -0.57205359096233 -0.81929815366152 -0.0387972224499997 0 0 0 0 0 0
-80.0507691879003 82.1512832951237 463.203295728006 -0.149755344450541 -0.0266536660018528 -0.988363758387644 -0.158672418191922 0.987327902468715 -0.00258393277169142 0 0 0 0 0 0
639.038587808796 652.4841101599 144.783062608711 -0.603436907183284 -0.0355721188160341 -0.796616923880766 0.0895885390344421 -0.99570391230343 -0.0234011260383297 0 0 0 0 0 0
251.731096688254 -638.75311001352 -2.69630193845172 0.325447299091152 0.549382199979828 -0.769586417407612 -0.258155256718859 0.834598628129738 0.486622023084368 0 0 0 0 0 0
-278.02150105147 -321.7980957321 59.1776117631735 0.528365370902129 0.756416641359042 -0.385569578036386 -0.0715424366452984 0.492187938106825 0.867544069970217 0 0 0 0 0 0
261.970797943619 209.613123003116 307.331384661059 -0.910076442326774 0.106261429330698 -0.400586292523427 0.229943116346463 -0.674689557598824 -0.701370204750806 0 0 0 0 0 0
-193.512314270015 -724.831552929722 420.884642050158 -0.567444440807144 0.421381709334371 -0.707420851852473 0.132088934536441 0.894590967222955 0.426918627769407 0 0 0 0 0 0
-373.050876467619 -776.335342971488 -242.247865618058 -0.0768533817536894 -0.70580651147821 -0.704223491561332 0.211856865500869 -0.701743472332418 0.680200534826266 0 0 0 0 0 0
-203.520183776694 -85.1040970155558 196.272206144063 -0.938386849269331 -0.0238713891085319 0.344761189664675 -0.344794242810598 -0.00284740570465882 -0.938673970238926 0 0 0 0 0 0
708.144654572728 698.557791659056 -517.773825388745 0.204721040115903 0.207759717237058 -0.956517221813995 -0.952032102013372 -0.184792426628716 -0.243898822866488 0 0 0 0 0 0
-295.196951525664 -149.163146537492 250.652759924029 -0.832546043662572 0.380833901082419 0.40228425891257 -0.146844065824259 0.548500863150737 -0.823154677721237 0 0 0 0 0 0
-430.909850541927 -163.916841024152 -385.416193372933 0.485899066205344 0.467091300316122 0.738733926813708 0.381477824288214 -0.873799977626849 0.301576306544725 0 0 0 0 0 0
-0.0410948420799269 -289.210726699905 162.410676150472 0.0700491931516286 0.432637366042032 -0.898842600258005 -0.0812410036466847 0.900537067965111 0.427121632021527 0 0 0 0 0 0
-5.98565694914555 -231.809000638643 555.256656583011 -0.0747836047584041 0.851617636145236 0.518801324465321 -0.275955538785787 0.482267189615016 -0.831424619815234 0 0 0 0 0 0
-63.8354458260663 -485.770745074684 143.846347154926 0.865308603779352 -0.473324554086963 -0.164939039421526 -0.412081346645891 -0.484435217234244 -0.771693905672604 0 0 0 0 0 0
317.758981640235 242.828920487773 -450.214043044374 -0.530215122477003 -0.847487257499479 0.0252442523587205 0.782596220957973 -0.477727713883069 0.399148326231738 0 0 0 0 0 0
443.386421751567 -99.6991669608211 -225.51005663768 0.931474766116564 -0.345730307678814 -0.113248904817591 -0.344025476363737 -0.735819849109108 -0.583280053895077 0 0 0 0 0 0
-383.787396510259 189.29670489138 181.561666759012 0.147952413871529 0.147746287766782 0.977896271432027 0.0719079259832222 -0.987768296604589 0.138358383934723 0 0 0 0 0 0
-383.057066436979 533.885567280066 -175.391627944848 0.06775809157933 -0.307493708259536 -0.949134584980041 -0.288807416984994 0.904546225535227 -0.313666067280764 0 0 0 0 0 0
-906.10706655718 88.5044010874489 -367.609244329533 0.473486778322493 0.303453266256838 0.826877491500819 -0.795691804252563 0.549963906150292 0.253799634704356 0 0 0 0 0 0
-778.095662646061 -19.8669330349776 40.2626310537079 -0.00336147487750473 0.225659161958022 0.974200514838766 0.149648927472879 0.963349068692332 -0.222629221705748 0 0 0 0 0 0
238.734109871665 438.914383205774 -616.381187024061 -0.475841019741354 0.879141517392329 -0.0261823667716204 -0.756851573200733 -0.394123032360974 0.521385396330603 0 0 0 0 0 0
64.1783056197311 -179.880382294225 524.057833759391 0.47501249536464 0.172593487092945 0.862887372407145 0.877269085102767 -0.169775742311397 -0.448971212489746 0 0 0 0 0 0
-134.906295231988 -89.7190419160167 -459.96976256698 0.371439699463424 -0.0839827514080533 -0.924650986657261 -0.881823438317922 0.279746218113585 -0.379643881925711 0 0 0 0 0 0
-52.6134917906022 -534.522663976349 -551.042005216006 0.948779317941696 0.313370369333552 -0.0402096689001571 -0.230496133426611 0.773602917873534 0.590262702476827 0 0 0 0 0 0
-17.2595986997585 -408.157659837552 760.699927067217 -0.367265008961231 -0.0494624499558343 0.928800236455113 0.546684558940196 0.796411694499101 0.258581526570725 0 0 0 0 0 0
-171.625384696541 131.348336932122 149.231413566351 -0.384125397497976 0.272248163876836 0.882229344480075 0.0676237099666329 0.961266840971684 -0.267194862032487 0 0 0 0 0 0
-688.898411901802 358.458910483768 138.275591134499 -0.446219647052505 -0.140789807420497 -0.883779529470476 0.0280469136359824 0.984862444007326 -0.171053608609712 0 0 0 0 0 0
-553.675637612405 -177.177221635618 -426.839957559272 -0.563808104752682 0.0510984041880785 0.824323585799597 0.416595157361087 -0.844214982594417 0.337267754207516 0 0 0 0 0 0
-569.612660623524 -527.722977187916 -189.95908779237 0.933168321588672 0.314383886399221 -0.174240223706792 -0.358790343102562 0.785596299605135 -0.504091205776784 0 0 0 0 0 0
-296.259640206983 -61.2582179015383 -191.983464137062 -0.766833184580153 0.613736299474753 -0.187868628928641 -0.556876218149315 -0.490637857726767 0.670196516125345 0 0 0 0 0 0
450.943373223499 -37.625177716608 -103.54952755941 0.426967432404946 0.552983141203502 0.715477782470716 -0.309735835373149 0.832795730939033 -0.458819117750666 0 0 0 0 0 0
233.176866424373 333.217935054573 190.578080443558 0.359986517048807 0.343040838838207 -0.867601688814752 -0.903274914248295 0.360860898424275 -0.232107391692946 0 0 0 0 0 0
-15.9221056601025 -584.087549030691 -764.142336945684 -0.94227288569434 0.228350630843711 -0.244903651010249 0.316372770272412 0.846712539826146 -0.427768798685611 0 0 0 0 0 0
-178.914312752767 321.013698182363 -481.764486360835 0.747216169370295 0.643189443730032 0.167258290400202 -0.207419095802477 0.464806350588485 -0.860774288154922 0 0 0 0 0 0
135.769283931899 -553.429789191917 264.256486689321 0.722195573900217 0.557544713522577 -0.409362242351165 -0.000625259247950053 -0.591303520747462 -0.806448854797622 0 0 0 0 0 0
631.870884685075 -342.797688122067 2.7226238011289 0.550208163345486 0.681175544527426 0.482981215501009 0.829492424195187 -0.379371449022548 -0.409901966171589 0 0 0 0 0 0
560.668207213675 195.772062229718 538.300054006986 0.927525377357613 -0.304316014537485 -0.216998704263127 -0.357422584300282 -0.891958514773062 -0.27687380546868 0 0 0 0 0 0
259.28838578755 -131.254924218016 115.32969302907 0.144056983502465 -0.911166428720753 0.386035393037899 0.157291368068825 0.406228504328421 0.900132116859928 0 0 0 0 0 0
-634.556973173106 205.740880008677 -827.671860337778 0.951089007301285 -0.249498554235702 0.182154252279021 -0.304802625349454 -0.853837812809267 0.4219672368773 0 0 0 0 0 0
275.257274743369 -719.661922405581 571.362092569577 -0.972314119527882 -0.149878906966532 0.179280691128779 0.12541719185499 -0.982060087940409 -0.14081374812245 0 0 0 0 0 0
-233.758878534636 112.359696917928 96.4139482112669 -0.296399652387986 0.926740509029684 -0.230866357425959 0.189457664615023 -0.179871168651652 -0.965273099184272 0 0 0 0 0 0
-110.008156969962 -270.381758476937 425.485563303597 -0.0496584347671151 0.535346881455725 -0.843171249729273 0.676131225173757 0.63937138256225 0.366129487345377 0 0 0 0 0 0
-598.150460761482 -283.406813584286 400.014143273499 0.720310661645719 -0.398698766425107 -0.567619453835769 -0.554060425675461 0.161631216528369 -0.816634798760008 0 0 0 0 0 0
354.65863874899 -126.280882273189 8.18423768265041 -0.685299827233636 -0.244284859346104 0.686067820471265 0.481307377495846 -0.858917900453549 0.174937842236261 0 0 0 0 0 0
389.20244093178 401.985661184518 35.9945930543566 -0.318834807722711 0.229037583673354 0.919720691649587 0.291478764798895 0.947032632590522 -0.134793629222566 0 0 0 0 0 0
375.528460696264 -187.187569632895 -74.4192521261778 -0.71631016553624 -0.688630186080861 -0.112641970709949 0.535496032589601 -0.646003107087982 0.543988956423322 0 0 0 0 0 0
320.669028461606 -333.66300140779 -254.247253328268 -0.387381171679515 -0.123261411298931 -0.913642409433551 0.187699910211792 0.959719681844331 -0.209061895119294 0 0 0 0 0 0
206.794941141436 -102.130907234552 -289.073853464702 0.896044890249278 0.0837769611969371 0.435987356961921 -0.172035314620246 -0.839787632005856 0.51493745605924 0 0 0 0 0 0
-146.005520234594 178.781212921399 366.20424610639 0.697554405472368 0.209838366500682 -0.68511729751334 0.591726591051459 -0.70790822729372 0.385649560060344 0 0 0 0 0 0
378.093898142967 119.867812504067 219.155387089424 0.484530722849453 -0.873920390702266 0.0386410316934515 -0.865773585819262 -0.485397538433522 -0.121759302644618 0 0 0 0 0 0
-528.88487847018 -563.427721425512 36.572164026159 0.165238954095989 0.927044371495666 -0.336578105836252 0.21859710995441 -0.367206675640791 -0.904087695351127 0 0 0 0 0 0
-438.307516222859 -471.513286380047 -366.345109927635 -0.0337863060776497 0.790338108705801 0.611738636554482 -0.178913257144226 0.597417668787907 -0.781717452435427 0 0 0 0 0 0
222.983142045906 101.328421509429 -352.39283213013 0.433750959933679 0.735930807336972 0.519871091297068 -0.118604006554071 0.618585303752895 -0.776714433758527 0 0 0 0 0 0
802.540839746853 -272.348719933068 40.8753215555414 0.827454175061952 0.521538383657518 0.208128091679751 -0.125311822566701 -0.189792730006284 0.973794468438532 0 0 0 0 0 0
-409.680073152831 185.742661955301 -71.2354560294455 0.642937770340812 -0.522026968603654 0.560463083102165 -0.542763064050857 0.20576803121821 0.814289735678574 0 0 0 0 0 0
4.15503392705909 5.48236676193245 -83.7928069728106 0.869041514410581 0.46089782118 -0.179833380274519 0.100454041859658 0.191535421552087 0.976331484571826 0 0 0 0 0 0
-46.6799296099193 -105.801220576107 -404.785397242505 -0.595482240071624 -0.599226706053001 0.535096492711688 -0.791397184539341 0.552104137608211 -0.262433834592378 0 0 0 0 0 0
88.2101029498131 37.3054754964933 209.174009757064 0.382570427774068 0.865975661248573 -0.322065244821496 0.898852813126758 -0.429501103363453 -0.0871345083615887 0 0 0 0 0 0
494.939767253753 147.899786091504 -394.938560479906 0.354091990892413 -0.764819437459392 -0.538210079867681 0.693857002774528 -0.171014256086923 0.699511675325295 0 0 0 0 0 0
272.686104719429 143.456732902686 729.527336832013 -0.917426350654826 0.0118607612565624 -0.397728819003204 0.280220353514618 -0.69038973814711 -0.666962190035168 0 0 0 0 0 0
-549.96688309402 -316.451698717129 -428.385957917821 0.97374613347715 0.223913667076692 0.0410016735447818 0.14889343470271 -0.762740549776266 0.629331072511357 0 0 0 0 0 0
-115.599985584664 -494.26751602795 -106.184155458982 -0.0714564165178742 -0.996796461785615 0.0359276259711941 -0.411608720032197 -0.00334142526092067 -0.911354539391458 0 0 0 0 0 0
49.5606799220557 139.866134248034 -230.148454844417 0.880278576759584 0.418133718069253 -0.224218244374455 -0.47428791829485 0.788125242656329 -0.392313105115169 0 0 0 0 0 0
-218.958149705884 351.780322156828 -40.8129654847874 -0.240906571719499 -0.938041455692662 -0.249082819761873 -0.788764246021065 0.0396866948741778 0.613413343877236 0 0 0 0 0 0
-137.524923239038 -144.979909521133 386.669782580451 -0.826469198390545 0.474463129554466 0.30304026597499 0.512607573457779 0.856754627968207 0.0566125700239021 0 0 0 0 0 0
516.050721042737 -409.785281969492 -116.49222160303 0.713647991083799 0.618906724002032 -0.328117375045966 0.699486152975978 -0.654849993137008 0.286165351297546 0 0 0 0 0 0
-12.6233219139302 -404.35828125803 23.7474405614904 0.638408457598221 0.130921136096819 -0.758481573534919 -0.23263686318339 -0.906519198007049 -0.352282604646383 0 0 0 0 0 0
-258.220696645811 -576.472933914088 -657.810263757514 0.686283190205646 -0.537293492408861 0.490235745187215 0.115844275932672 0.746158954683471 0.655611865421943 0 0 0 0 0 0
24.4305787049467 66.3118978170159 48.9928376383129 -0.73146807557 -0.386642598188624 -0.561660000077103 0.556968056045003 0.136402800121488 -0.819256285092235 0 0 0 0 0 0
193.29499206659 -25.805414475941 254.473697783575 0.947610626944625 0.150405752323293 0.281801719952169 -0.287045431068226 0.0139166237502495 0.957815873791312 0 0 0 0 0 0
