        0.0000   1.167166   0.364215   1.531381 
      100.0000  -0.136353   0.368985   0.232633 
      200.0000  -0.252601   0.363408   0.110807 
      300.0000  -0.342001   0.359417   0.017416 
      400.0000  -0.440936   0.368087  -0.072849 
      500.0000  -0.518614   0.357711  -0.160903 
      600.0000  -0.567771   0.359094  -0.208677 
      700.0000  -0.587739   0.360414  -0.227325 
      800.0000  -0.619865   0.370513  -0.249353 
      900.0000  -0.643923   0.357520  -0.286403 
     1000.0000  -0.673429   0.354255  -0.319173 
     1100.0000  -0.689914   0.363883  -0.326032 
     1200.0000  -0.700295   0.360729  -0.339566 
     1300.0000  -0.729263   0.360932  -0.368331 
     1400.0000  -0.755934   0.366670  -0.389263 
     1500.0000  -0.767596   0.359871  -0.407725 
     1600.0000  -0.770771   0.361400  -0.409371 
     1700.0000  -0.793440   0.364147  -0.429293 
     1800.0000  -0.802365   0.366588  -0.435777 
     1900.0000  -0.828113   0.361955  -0.466158 
     2000.0000  -0.835910   0.358831  -0.477080 
     2100.0000  -0.850325   0.369423  -0.480902 
     2200.0000  -0.879754   0.361633  -0.518121 
     2300.0000  -0.886824   0.368523  -0.518300 
     2400.0000  -0.873088   0.365854  -0.507233 
     2500.0000  -0.901705   0.350496  -0.551210 
     2600.0000  -0.897153   0.363812  -0.533340 
     2700.0000  -0.904559   0.362425  -0.542135 
     2800.0000  -0.899403   0.354050  -0.545353 
     2900.0000  -0.919354   0.369881  -0.549473 
     3000.0000  -0.919528   0.362036  -0.557492 
     3100.0000  -0.910697   0.369670  -0.541027 
     3200.0000  -0.933698   0.365549  -0.568149 
     3300.0000  -0.940562   0.354328  -0.586234 
     3400.0000  -0.935486   0.360782  -0.574704 
     3500.0000  -0.941252   0.370394  -0.570858 
     3600.0000  -0.966367   0.357197  -0.609170 
     3700.0000  -0.957330   0.361287  -0.596043 
     3800.0000  -0.955643   0.361723  -0.593920 
     3900.0000  -0.959527   0.368156  -0.591370 
     4000.0000  -0.964903   0.362346  -0.602557 
     4100.0000  -0.975083   0.363224  -0.611858 
     4200.0000  -0.993022   0.368540  -0.624482 
     4300.0000  -1.012664   0.365336  -0.647328 
     4400.0000  -1.003086   0.356641  -0.646445 
     4500.0000  -0.994899   0.373760  -0.621139 
     4600.0000  -1.006962   0.365451  -0.641511 
     4700.0000  -1.018369   0.365845  -0.652524 
     4800.0000  -1.014988   0.366228  -0.648759 
     4900.0000  -1.014470   0.356375  -0.658095 
     5000.0000  -1.021887   0.363516  -0.658370 
     5100.0000  -1.031238   0.357956  -0.673282 
     5200.0000  -1.047087   0.364247  -0.682840 
     5300.0000  -1.051102   0.364636  -0.686466 
     5400.0000  -1.048208   0.367683  -0.680525 
     5500.0000  -1.048307   0.362820  -0.685487 
     5600.0000  -1.083658   0.358789  -0.724869 
     5700.0000  -1.087559   0.364495  -0.723063 
     5800.0000  -1.088452   0.363470  -0.724981 
     5900.0000  -1.073244   0.362661  -0.710583 
     6000.0000  -1.076131   0.361850  -0.714281 
     6100.0000  -1.079705   0.363917  -0.715788 
     6200.0000  -1.077919   0.360569  -0.717350 
     6300.0000  -1.083981   0.371667  -0.712314 
     6400.0000  -1.075035   0.359719  -0.715316 
     6500.0000  -1.058371   0.357125  -0.701247 
     6600.0000  -1.059621   0.362225  -0.697396 
     6700.0000  -1.058182   0.366470  -0.691711 
     6800.0000  -1.062900   0.366593  -0.696307 
     6900.0000  -1.068688   0.360881  -0.707808 
     7000.0000  -1.083850   0.366112  -0.717739 
     7100.0000  -1.101608   0.354358  -0.747249 
     7200.0000  -1.100529   0.365003  -0.735526 
     7300.0000  -1.106395   0.355661  -0.750734 
     7400.0000  -1.099018   0.370170  -0.728848 
     7500.0000  -1.114459   0.355487  -0.758971 
     7600.0000  -1.094380   0.362142  -0.732239 
     7700.0000  -1.093983   0.359675  -0.734308 
     7800.0000  -1.093540   0.360110  -0.733430 
     7900.0000  -1.091258   0.373920  -0.717338 
     8000.0000  -1.085874   0.356734  -0.729140 
     8100.0000  -1.079313   0.365036  -0.714278 
     8200.0000  -1.079880   0.362262  -0.717618 
     8300.0000  -1.088650   0.361463  -0.727187 
     8400.0000  -1.089613   0.361178  -0.728435 
     8500.0000  -1.093404   0.364877  -0.728527 
     8600.0000  -1.104728   0.362739  -0.741989 
     8700.0000  -1.092497   0.366125  -0.726371 
     8800.0000  -1.102304   0.353320  -0.748983 
     8900.0000  -1.087152   0.361527  -0.725625 
     9000.0000  -1.089722   0.362068  -0.727654 
     9100.0000  -1.097430   0.357159  -0.740271 
     9200.0000  -1.097356   0.361823  -0.735534 
     9300.0000  -1.107371   0.360226  -0.747145 
     9400.0000  -1.107650   0.357885  -0.749765 
     9500.0000  -1.107577   0.366512  -0.741065 
     9600.0000  -1.111027   0.354096  -0.756931 
     9700.0000  -1.130097   0.361011  -0.769086 
     9800.0000  -1.118010   0.369834  -0.748175 
     9900.0000  -1.114481   0.360744  -0.753737 
    10000.0000  -1.143809   0.361493  -0.782316 
    10100.0000  -1.152824   0.360683  -0.792140 
    10200.0000  -1.150032   0.356152  -0.793880 
    10300.0000  -1.146566   0.370464  -0.776102 
    10400.0000  -1.152163   0.362590  -0.789573 
    10500.0000  -1.155227   0.357060  -0.798166 
    10600.0000  -1.165822   0.359204  -0.806619 
    10700.0000  -1.173555   0.372208  -0.801347 
    10800.0000  -1.185958   0.373858  -0.812100 
    10900.0000  -1.203054   0.363432  -0.839622 
    11000.0000  -1.209904   0.364843  -0.845062 
    11100.0000  -1.204570   0.373928  -0.830642 
    11200.0000  -1.210043   0.360591  -0.849452 
    11300.0000  -1.223392   0.365180  -0.858212 
    11400.0000  -1.215951   0.362353  -0.853597 
    11500.0000  -1.207122   0.364333  -0.842789 
    11600.0000  -1.209559   0.360051  -0.849508 
    11700.0000  -1.220340   0.359994  -0.860347 
    11800.0000  -1.213792   0.364166  -0.849625 
    11900.0000  -1.231566   0.365758  -0.865808 
    12000.0000  -1.231548   0.364608  -0.866940 
    12100.0000  -1.250134   0.364958  -0.885176 
    12200.0000  -1.250388   0.368928  -0.881460 
    12300.0000  -1.256503   0.358160  -0.898344 
    12400.0000  -1.253890   0.369490  -0.884400 
    12500.0000  -1.248622   0.366312  -0.882310 
    12600.0000  -1.248081   0.365245  -0.882837 
    12700.0000  -1.255163   0.368286  -0.886877 
    12800.0000  -1.264393   0.362961  -0.901432 
    12900.0000  -1.254965   0.361682  -0.893283 
    13000.0000  -1.271113   0.368022  -0.903091 
    13100.0000  -1.280894   0.363152  -0.917742 
    13200.0000  -1.282868   0.368249  -0.914619 
    13300.0000  -1.278074   0.356451  -0.921623 
    13400.0000  -1.294004   0.364505  -0.929499 
    13500.0000  -1.315094   0.357837  -0.957257 
    13600.0000  -1.306845   0.359286  -0.947558 
    13700.0000  -1.330084   0.369288  -0.960796 
    13800.0000  -1.332918   0.356181  -0.976738 
    13900.0000  -1.335034   0.369760  -0.965274 
    14000.0000  -1.340727   0.362104  -0.978623 
    14100.0000  -1.356916   0.362807  -0.994109 
    14200.0000  -1.353395   0.358580  -0.994815 
    14300.0000  -1.344094   0.358901  -0.985193 
    14400.0000  -1.357928   0.363377  -0.994552 
    14500.0000  -1.354089   0.375642  -0.978447 
    14600.0000  -1.359852   0.372645  -0.987206 
    14700.0000  -1.371388   0.367310  -1.004078 
    14800.0000  -1.367477   0.365790  -1.001687 
    14900.0000  -1.379163   0.352511  -1.026652 
    15000.0000  -1.384110   0.360502  -1.023608 
    15100.0000  -1.377416   0.356509  -1.020907 
    15200.0000  -1.384007   0.356454  -1.027553 
    15300.0000  -1.386600   0.364389  -1.022211 
    15400.0000  -1.381307   0.366499  -1.014807 
    15500.0000  -1.397212   0.365312  -1.031900 
    15600.0000  -1.397468   0.359127  -1.038341 
    15700.0000  -1.407546   0.362767  -1.044779 
    15800.0000  -1.403555   0.358843  -1.044712 
    15900.0000  -1.405977   0.363297  -1.042681 
    16000.0000  -1.390897   0.350648  -1.040249 
    16100.0000  -1.408498   0.366445  -1.042053 
    16200.0000  -1.414646   0.366290  -1.048357 
    16300.0000  -1.422612   0.360964  -1.061648 
    16400.0000  -1.435192   0.364477  -1.070715 
    16500.0000  -1.422466   0.358946  -1.063520 
    16600.0000  -1.421523   0.356019  -1.065503 
    16700.0000  -1.420692   0.359233  -1.061459 
    16800.0000  -1.438955   0.360559  -1.078395 
    16900.0000  -1.436260   0.359016  -1.077245 
    17000.0000  -1.436591   0.371949  -1.064642 
    17100.0000  -1.432237   0.366485  -1.065752 
    17200.0000  -1.438173   0.365471  -1.072702 
    17300.0000  -1.455390   0.360479  -1.094911 
    17400.0000  -1.454556   0.356059  -1.098497 
    17500.0000  -1.471999   0.358432  -1.113567 
    17600.0000  -1.474256   0.363146  -1.111110 
    17700.0000  -1.477231   0.358757  -1.118474 
    17800.0000  -1.488438   0.357978  -1.130460 
    17900.0000  -1.507625   0.362157  -1.145467 
    18000.0000  -1.503350   0.360996  -1.142354 
    18100.0000  -1.509581   0.362510  -1.147071 
    18200.0000  -1.521190   0.363955  -1.157235 
    18300.0000  -1.522691   0.370378  -1.152313 
    18400.0000  -1.528393   0.372448  -1.155945 
    18500.0000  -1.507359   0.365851  -1.141508 
    18600.0000  -1.524531   0.362770  -1.161761 
    18700.0000  -1.526627   0.365413  -1.161214 
    18800.0000  -1.535217   0.363878  -1.171339 
    18900.0000  -1.516249   0.367338  -1.148911 
    19000.0000  -1.537223   0.364044  -1.173179 
    19100.0000  -1.541184   0.356041  -1.185142 
    19200.0000  -1.544998   0.365345  -1.179652 
    19300.0000  -1.565082   0.367830  -1.197252 
    19400.0000  -1.562318   0.359540  -1.202778 
    19500.0000  -1.554037   0.361188  -1.192849 
    19600.0000  -1.571263   0.370923  -1.200340 
    19700.0000  -1.580199   0.364709  -1.215490 
    19800.0000  -1.589489   0.365167  -1.224322 
    19900.0000  -1.596442   0.359295  -1.237147 
    20000.0000  -1.608380   0.366200  -1.242181 
    20100.0000  -1.603731   0.357485  -1.246246 
    20200.0000  -1.625316   0.365531  -1.259785 
    20300.0000  -1.637136   0.356405  -1.280731 
    20400.0000  -1.635671   0.358733  -1.276938 
    20500.0000  -1.650756   0.362624  -1.288132 
    20600.0000  -1.646200   0.363577  -1.282623 
    20700.0000  -1.665811   0.378693  -1.287117 
    20800.0000  -1.670393   0.356941  -1.313452 
    20900.0000  -1.665806   0.365841  -1.299965 
    21000.0000  -1.678688   0.362181  -1.316507 
    21100.0000  -1.680103   0.356541  -1.323562 
    21200.0000  -1.694100   0.362416  -1.331684 
    21300.0000  -1.692310   0.362547  -1.329763 
    21400.0000  -1.687753   0.362910  -1.324843 
    21500.0000  -1.692795   0.365430  -1.327366 
    21600.0000  -1.706956   0.365982  -1.340974 
    21700.0000  -1.714390   0.357707  -1.356683 
    21800.0000  -1.709119   0.369070  -1.340049 
    21900.0000  -1.709623   0.366847  -1.342775 
    22000.0000  -1.719784   0.366047  -1.353737 
    22100.0000  -1.726424   0.361756  -1.364668 
    22200.0000  -1.736802   0.360891  -1.375910 
    22300.0000  -1.718556   0.357397  -1.361158 
    22400.0000  -1.724895   0.362992  -1.361902 
    22500.0000  -1.734663   0.368820  -1.365843 
    22600.0000  -1.735933   0.360974  -1.374959 
    22700.0000  -1.739494   0.365973  -1.373520 
    22800.0000  -1.742939   0.358192  -1.384748 
    22900.0000  -1.741944   0.358484  -1.383460 
    23000.0000  -1.725134   0.362684  -1.362451 
    23100.0000  -1.720130   0.364907  -1.355223 
    23200.0000  -1.725483   0.361111  -1.364373 
    23300.0000  -1.745968   0.361049  -1.384919 
    23400.0000  -1.741603   0.365729  -1.375874 
    23500.0000  -1.752487   0.359468  -1.393020 
    23600.0000  -1.754670   0.355760  -1.398910 
    23700.0000  -1.750004   0.364061  -1.385943 
    23800.0000  -1.759322   0.358772  -1.400551 
    23900.0000  -1.765626   0.356529  -1.409097 
    24000.0000  -1.755354   0.362746  -1.392608 
    24100.0000  -1.765546   0.358344  -1.407202 
    24200.0000  -1.771753   0.360728  -1.411025 
    24300.0000  -1.784718   0.363507  -1.421211 
    24400.0000  -1.780515   0.371989  -1.408527 
    24500.0000  -1.777178   0.355938  -1.421240 
    24600.0000  -1.780011   0.359334  -1.420678 
    24700.0000  -1.803614   0.359249  -1.444365 
    24800.0000  -1.807078   0.364718  -1.442360 
    24900.0000  -1.805919   0.356134  -1.449785 
    25000.0000  -1.813766   0.368940  -1.444826 
    25100.0000  -1.809943   0.365251  -1.444692 
    25200.0000  -1.819202   0.366779  -1.452423 
    25300.0000  -1.826967   0.359984  -1.466984 
    25400.0000  -1.837086   0.368536  -1.468550 
    25500.0000  -1.839725   0.366758  -1.472967 
    25600.0000  -1.842207   0.361811  -1.480395 
    25700.0000  -1.849542   0.372324  -1.477218 
    25800.0000  -1.855423   0.362557  -1.492867 
    25900.0000  -1.860113   0.359085  -1.501029 
    26000.0000  -1.855590   0.365129  -1.490461 
    26100.0000  -1.858991   0.363071  -1.495920 
    26200.0000  -1.849358   0.357873  -1.491486 
    26300.0000  -1.853870   0.361544  -1.492327 
    26400.0000  -1.868049   0.363434  -1.504615 
    26500.0000  -1.861533   0.360328  -1.501205 
    26600.0000  -1.867192   0.359819  -1.507373 
    26700.0000  -1.877112   0.360104  -1.517008 
    26800.0000  -1.896719   0.361864  -1.534855 
    26900.0000  -1.904115   0.357886  -1.546229 
    27000.0000  -1.905107   0.358625  -1.546482 
    27100.0000  -1.904101   0.354145  -1.549955 
    27200.0000  -1.901674   0.361017  -1.540656 
    27300.0000  -1.907960   0.368277  -1.539683 
    27400.0000  -1.904256   0.360556  -1.543700 
    27500.0000  -1.907947   0.362275  -1.545672 
    27600.0000  -1.901351   0.362371  -1.538979 
    27700.0000  -1.907396   0.368365  -1.539031 
    27800.0000  -1.894624   0.354052  -1.540571 
    27900.0000  -1.898981   0.365632  -1.533349 
    28000.0000  -1.904684   0.357092  -1.547593 
    28100.0000  -1.907379   0.360330  -1.547049 
    28200.0000  -1.905672   0.362212  -1.543460 
    28300.0000  -1.909650   0.359834  -1.549816 
    28400.0000  -1.913698   0.362992  -1.550706 
    28500.0000  -1.918285   0.361865  -1.556421 
    28600.0000  -1.927406   0.354747  -1.572660 
    28700.0000  -1.941491   0.355770  -1.585720 
    28800.0000  -1.939768   0.361451  -1.578317 
    28900.0000  -1.930830   0.359796  -1.571034 
    29000.0000  -1.944267   0.363107  -1.581160 
    29100.0000  -1.940711   0.364329  -1.576382 
    29200.0000  -1.940693   0.357484  -1.583209 
    29300.0000  -1.936777   0.359566  -1.577211 
    29400.0000  -1.952007   0.363517  -1.588491 
    29500.0000  -1.960444   0.357616  -1.602828 
    29600.0000  -1.958687   0.362052  -1.596635 
    29700.0000  -1.955709   0.355610  -1.600100 
    29800.0000  -1.957064   0.370812  -1.586252 
    29900.0000  -1.956138   0.365413  -1.590725 
    30000.0000  -1.969131   0.362855  -1.606275 
    30100.0000  -1.972817   0.362259  -1.610558 
    30200.0000  -1.963488   0.360710  -1.602777 
    30300.0000  -1.980795   0.358797  -1.621998 
    30400.0000  -1.977443   0.363298  -1.614146 
    30500.0000  -1.985518   0.361409  -1.624110 
    30600.0000  -1.982019   0.357887  -1.624132 
    30700.0000  -1.984501   0.365524  -1.618977 
    30800.0000  -1.988119   0.360579  -1.627540 
    30900.0000  -1.985381   0.363604  -1.621777 
    31000.0000  -1.995405   0.358410  -1.636994 
    31100.0000  -2.000632   0.359656  -1.640976 
    31200.0000  -1.992098   0.363972  -1.628126 
    31300.0000  -1.996301   0.368698  -1.627603 
    31400.0000  -2.005929   0.363442  -1.642487 
    31500.0000  -1.996023   0.359025  -1.636999 
    31600.0000  -2.006490   0.356499  -1.649991 
    31700.0000  -2.015281   0.359562  -1.655718 
    31800.0000  -2.015652   0.367207  -1.648446 
    31900.0000  -2.021327   0.362482  -1.658845 
    32000.0000  -2.012247   0.366657  -1.645590 
    32100.0000  -2.023000   0.360936  -1.662064 
    32200.0000  -2.021157   0.359779  -1.661378 
    32300.0000  -2.020375   0.366211  -1.654164 
    32400.0000  -2.027117   0.372683  -1.654435 
    32500.0000  -2.022393   0.359207  -1.663186 
    32600.0000  -2.020020   0.361843  -1.658177 
    32700.0000  -2.023013   0.356954  -1.666059 
    32800.0000  -2.033151   0.360870  -1.672281 
    32900.0000  -2.025602   0.359112  -1.666490 
    33000.0000  -2.037137   0.362125  -1.675012 
    33100.0000  -2.035775   0.362721  -1.673054 
    33200.0000  -2.038511   0.361203  -1.677308 
    33300.0000  -2.034473   0.366311  -1.668162 
    33400.0000  -2.043780   0.352543  -1.691237 
    33500.0000  -2.044429   0.360824  -1.683605 
    33600.0000  -2.055115   0.364729  -1.690385 
    33700.0000  -2.057802   0.366460  -1.691342 
    33800.0000  -2.059271   0.370570  -1.688701 
    33900.0000  -2.053702   0.364929  -1.688773 
    34000.0000  -2.059731   0.363388  -1.696343 
    34100.0000  -2.060485   0.363129  -1.697357 
    34200.0000  -2.061308   0.359516  -1.701793 
    34300.0000  -2.070588   0.358307  -1.712282 
    34400.0000  -2.069979   0.362553  -1.707427 
    34500.0000  -2.075954   0.370296  -1.705658 
    34600.0000  -2.078888   0.368937  -1.709951 
    34700.0000  -2.070040   0.364642  -1.705397 
    34800.0000  -2.081417   0.369386  -1.712030 
    34900.0000  -2.070767   0.363189  -1.707577 
    35000.0000  -2.077920   0.367968  -1.709953 
    35100.0000  -2.078675   0.363858  -1.714817 
    35200.0000  -2.080842   0.368708  -1.712134 
    35300.0000  -2.082052   0.367233  -1.714820 
    35400.0000  -2.077296   0.366554  -1.710743 
    35500.0000  -2.079677   0.370652  -1.709024 
    35600.0000  -2.086411   0.358432  -1.727980 
    35700.0000  -2.095927   0.363822  -1.732106 
    35800.0000  -2.093626   0.367698  -1.725927 
    35900.0000  -2.087251   0.352326  -1.734925 
    36000.0000  -2.096201   0.368551  -1.727650 
    36100.0000  -2.105433   0.357257  -1.748177 
    36200.0000  -2.104412   0.357837  -1.746575 
    36300.0000  -2.108856   0.363919  -1.744937 
    36400.0000  -2.111915   0.355810  -1.756105 
    36500.0000  -2.111505   0.366711  -1.744795 
    36600.0000  -2.111777   0.366296  -1.745480 
    36700.0000  -2.108307   0.357572  -1.750735 
    36800.0000  -2.116548   0.366661  -1.749887 
    36900.0000  -2.117815   0.358433  -1.759383 
    37000.0000  -2.125281   0.359228  -1.766053 
    37100.0000  -2.119383   0.368635  -1.750748 
    37200.0000  -2.132408   0.359564  -1.772844 
    37300.0000  -2.126252   0.365960  -1.760292 
    37400.0000  -2.130313   0.362398  -1.767915 
    37500.0000  -2.126490   0.366802  -1.759687 
    37600.0000  -2.124314   0.362814  -1.761500 
    37700.0000  -2.129925   0.361892  -1.768033 
    37800.0000  -2.119575   0.365802  -1.753772 
    37900.0000  -2.120564   0.370960  -1.749603 
    38000.0000  -2.123666   0.359759  -1.763907 
    38100.0000  -2.134894   0.361038  -1.773855 
    38200.0000  -2.132091   0.366272  -1.765819 
    38300.0000  -2.136877   0.363101  -1.773776 
    38400.0000  -2.135040   0.367096  -1.767944 
    38500.0000  -2.142567   0.361531  -1.781036 
    38600.0000  -2.140098   0.368317  -1.771782 
    38700.0000  -2.145643   0.362336  -1.783307 
    38800.0000  -2.135656   0.362448  -1.773208 
    38900.0000  -2.142446   0.360674  -1.781772 
    39000.0000  -2.149821   0.368965  -1.780857 
    39100.0000  -2.146281   0.369378  -1.776904 
    39200.0000  -2.143789   0.358019  -1.785770 
    39300.0000  -2.148521   0.362086  -1.786435 
    39400.0000  -2.153752   0.369180  -1.784572 
    39500.0000  -2.154711   0.361106  -1.793604 
    39600.0000  -2.149854   0.366115  -1.783739 
    39700.0000  -2.154060   0.373071  -1.780989 
    39800.0000  -2.160909   0.360148  -1.800761 
    39900.0000  -2.162838   0.358789  -1.804049 
    40000.0000  -2.170963   0.362255  -1.808707 
    40100.0000  -2.168653   0.360497  -1.808156 
    40200.0000  -2.174372   0.364315  -1.810057 
    40300.0000  -2.167822   0.363422  -1.804400 
    40400.0000  -2.172310   0.358121  -1.814189 
    40500.0000  -2.177909   0.364796  -1.813113 
    40600.0000  -2.165293   0.360642  -1.804651 
    40700.0000  -2.171804   0.362485  -1.809318 
    40800.0000  -2.170604   0.358966  -1.811638 
    40900.0000  -2.178700   0.364957  -1.813743 
    41000.0000  -2.186719   0.363136  -1.823583 
    41100.0000  -2.187732   0.359411  -1.828321 
    41200.0000  -2.178119   0.353165  -1.824953 
    41300.0000  -2.190996   0.366248  -1.824748 
    41400.0000  -2.191098   0.357312  -1.833786 
    41500.0000  -2.191701   0.361074  -1.830626 
    41600.0000  -2.203091   0.372212  -1.830879 
    41700.0000  -2.197339   0.363149  -1.834191 
    41800.0000  -2.195517   0.360514  -1.835003 
    41900.0000  -2.188597   0.359879  -1.828718 
    42000.0000  -2.195305   0.374997  -1.820308 
    42100.0000  -2.196989   0.360466  -1.836524 
    42200.0000  -2.186177   0.357036  -1.829141 
    42300.0000  -2.176877   0.354407  -1.822470 
    42400.0000  -2.176304   0.362072  -1.814232 
    42500.0000  -2.174537   0.360006  -1.814531 
    42600.0000  -2.176757   0.369565  -1.807192 
    42700.0000  -2.180721   0.365948  -1.814773 
    42800.0000  -2.183694   0.364096  -1.819598 
    42900.0000  -2.174571   0.358557  -1.816014 
    43000.0000  -2.173657   0.366865  -1.806792 
    43100.0000  -2.180384   0.364517  -1.815867 
    43200.0000  -2.177781   0.366242  -1.811539 
    43300.0000  -2.181929   0.360882  -1.821047 
    43400.0000  -2.186712   0.358819  -1.827893 
    43500.0000  -2.187770   0.362746  -1.825024 
    43600.0000  -2.187222   0.363208  -1.824014 
    43700.0000  -2.193937   0.359946  -1.833991 
    43800.0000  -2.198709   0.356859  -1.841850 
    43900.0000  -2.197711   0.366212  -1.831499 
    44000.0000  -2.206266   0.370387  -1.835878 
    44100.0000  -2.208212   0.360779  -1.847433 
    44200.0000  -2.191291   0.363466  -1.827825 
    44300.0000  -2.194225   0.356485  -1.837740 
    44400.0000  -2.192199   0.364510  -1.827688 
    44500.0000  -2.192691   0.366546  -1.826145 
    44600.0000  -2.194767   0.364179  -1.830588 
    44700.0000  -2.206327   0.374023  -1.832304 
    44800.0000  -2.208294   0.357628  -1.850666 
    44900.0000  -2.205826   0.359565  -1.846261 
    45000.0000  -2.205743   0.365478  -1.840264 
    45100.0000  -2.212718   0.364965  -1.847752 
    45200.0000  -2.214246   0.355372  -1.858873 
    45300.0000  -2.213161   0.360156  -1.853005 
    45400.0000  -2.220386   0.365173  -1.855213 
    45500.0000  -2.221885   0.363840  -1.858045 
    45600.0000  -2.210968   0.351736  -1.859233 
    45700.0000  -2.215238   0.367528  -1.847709 
    45800.0000  -2.210567   0.369315  -1.841252 
    45900.0000  -2.211710   0.363619  -1.848091 
    46000.0000  -2.214746   0.362678  -1.852068 
    46100.0000  -2.211366   0.361700  -1.849665 
    46200.0000  -2.220736   0.362922  -1.857815 
    46300.0000  -2.220576   0.357150  -1.863426 
    46400.0000  -2.216208   0.359754  -1.856454 
    46500.0000  -2.224514   0.371187  -1.853327 
    46600.0000  -2.216889   0.367787  -1.849101 
    46700.0000  -2.218776   0.367864  -1.850912 
    46800.0000  -2.217335   0.358498  -1.858836 
    46900.0000  -2.223011   0.360785  -1.862226 
    47000.0000  -2.220271   0.360891  -1.859379 
    47100.0000  -2.238015   0.368687  -1.869328 
    47200.0000  -2.228930   0.357059  -1.871871 
    47300.0000  -2.237071   0.367160  -1.869912 
    47400.0000  -2.234475   0.362375  -1.872100 
    47500.0000  -2.236141   0.363277  -1.872863 
    47600.0000  -2.237966   0.354803  -1.883163 
    47700.0000  -2.238254   0.355979  -1.882274 
    47800.0000  -2.239901   0.368252  -1.871648 
    47900.0000  -2.227934   0.358845  -1.869089 
    48000.0000  -2.228134   0.363664  -1.864470 
    48100.0000  -2.228024   0.364862  -1.863162 
    48200.0000  -2.225460   0.355539  -1.869921 
    48300.0000  -2.215620   0.366152  -1.849468 
    48400.0000  -2.215980   0.359695  -1.856284 
    48500.0000  -2.216563   0.362780  -1.853783 
    48600.0000  -2.224636   0.362235  -1.862401 
    48700.0000  -2.230657   0.361072  -1.869584 
    48800.0000  -2.236752   0.366797  -1.869955 
    48900.0000  -2.232859   0.362105  -1.870755 
    49000.0000  -2.242915   0.357194  -1.885721 
    49100.0000  -2.234390   0.361494  -1.872896 
    49200.0000  -2.236944   0.361566  -1.875378 
    49300.0000  -2.239263   0.365953  -1.873310 
    49400.0000  -2.237471   0.364732  -1.872739 
    49500.0000  -2.238580   0.364796  -1.873784 
    49600.0000  -2.240434   0.362509  -1.877925 
    49700.0000  -2.230671   0.362234  -1.868437 
    49800.0000  -2.236019   0.366065  -1.869954 
    49900.0000  -2.244388   0.365092  -1.879296 
    50000.0000  -2.247183   0.370719  -1.876463 
    50100.0000  -2.239623   0.357225  -1.882398 
    50200.0000  -2.250194   0.367051  -1.883143 
    50300.0000  -2.243262   0.356911  -1.886351 
    50400.0000  -2.245017   0.361626  -1.883391 
    50500.0000  -2.248387   0.359693  -1.888694 
    50600.0000  -2.249124   0.359760  -1.889364 
    50700.0000  -2.244420   0.372084  -1.872336 
    50800.0000  -2.240505   0.368956  -1.871549 
    50900.0000  -2.244196   0.358509  -1.885686 
    51000.0000  -2.249098   0.358247  -1.890851 
    51100.0000  -2.245354   0.365356  -1.879998 
    51200.0000  -2.254361   0.358191  -1.896170 
    51300.0000  -2.252591   0.353328  -1.899263 
    51400.0000  -2.250794   0.366626  -1.884168 
    51500.0000  -2.252311   0.366427  -1.885883 
    51600.0000  -2.257268   0.356663  -1.900605 
    51700.0000  -2.250875   0.362966  -1.887909 
    51800.0000  -2.256431   0.367986  -1.888445 
    51900.0000  -2.252300   0.357540  -1.894760 
    52000.0000  -2.253608   0.360549  -1.893060 
    52100.0000  -2.257810   0.371412  -1.886398 
    52200.0000  -2.263247   0.361912  -1.901335 
    52300.0000  -2.262569   0.365382  -1.897187 
    52400.0000  -2.262658   0.363410  -1.899248 
    52500.0000  -2.257069   0.364472  -1.892597 
    52600.0000  -2.262400   0.369018  -1.893382 
    52700.0000  -2.265826   0.360873  -1.904953 
    52800.0000  -2.256449   0.358392  -1.898057 
    52900.0000  -2.257173   0.359916  -1.897257 
    53000.0000  -2.250932   0.366675  -1.884257 
    53100.0000  -2.255103   0.362953  -1.892151 
    53200.0000  -2.255191   0.376107  -1.879085 
    53300.0000  -2.260255   0.366915  -1.893339 
    53400.0000  -2.261797   0.358860  -1.902937 
    53500.0000  -2.261120   0.362315  -1.898805 
    53600.0000  -2.269361   0.362078  -1.907283 
    53700.0000  -2.256797   0.364896  -1.891901 
    53800.0000  -2.257251   0.368711  -1.888540 
    53900.0000  -2.266292   0.358441  -1.907851 
    54000.0000  -2.265931   0.361564  -1.904367 
    54100.0000  -2.270488   0.361338  -1.909150 
    54200.0000  -2.269715   0.362218  -1.907497 
    54300.0000  -2.268362   0.359325  -1.909037 
    54400.0000  -2.273553   0.367148  -1.906405 
    54500.0000  -2.268002   0.364468  -1.903534 
    54600.0000  -2.271091   0.365113  -1.905979 
    54700.0000  -2.267998   0.366434  -1.901564 
    54800.0000  -2.271172   0.359659  -1.911513 
    54900.0000  -2.269012   0.355607  -1.913405 
    55000.0000  -2.264197   0.366331  -1.897866 
    55100.0000  -2.271775   0.361391  -1.910384 
    55200.0000  -2.276500   0.369287  -1.907213 
    55300.0000  -2.265909   0.359235  -1.906673 
    55400.0000  -2.272339   0.359157  -1.913182 
    55500.0000  -2.270316   0.362723  -1.907593 
    55600.0000  -2.266920   0.362130  -1.904790 
    55700.0000  -2.264767   0.360002  -1.904764 
    55800.0000  -2.272980   0.364562  -1.908418 
    55900.0000  -2.269886   0.365747  -1.904138 
    56000.0000  -2.270036   0.360861  -1.909175 
    56100.0000  -2.267938   0.361481  -1.906457 
    56200.0000  -2.264977   0.366037  -1.898941 
    56300.0000  -2.272554   0.354564  -1.917991 
    56400.0000  -2.272439   0.365359  -1.907080 
    56500.0000  -2.271273   0.359756  -1.911517 
    56600.0000  -2.269850   0.366287  -1.903563 
    56700.0000  -2.275139   0.367368  -1.907771 
    56800.0000  -2.283521   0.359794  -1.923727 
    56900.0000  -2.290685   0.365727  -1.924958 
    57000.0000  -2.284315   0.365127  -1.919188 
    57100.0000  -2.281363   0.360419  -1.920944 
    57200.0000  -2.281831   0.371047  -1.910784 
    57300.0000  -2.280321   0.364572  -1.915748 
    57400.0000  -2.280571   0.369049  -1.911523 
    57500.0000  -2.288427   0.361094  -1.927333 
    57600.0000  -2.277033   0.370149  -1.906884 
    57700.0000  -2.295185   0.357563  -1.937623 
    57800.0000  -2.289755   0.361546  -1.928209 
    57900.0000  -2.295790   0.355870  -1.939919 
    58000.0000  -2.293553   0.359792  -1.933761 
    58100.0000  -2.293701   0.368221  -1.925480 
    58200.0000  -2.293820   0.360912  -1.932908 
    58300.0000  -2.295179   0.358746  -1.936433 
    58400.0000  -2.292408   0.364022  -1.928386 
    58500.0000  -2.291112   0.360596  -1.930516 
    58600.0000  -2.295224   0.368384  -1.926841 
    58700.0000  -2.295995   0.360145  -1.935850 
    58800.0000  -2.296244   0.369763  -1.926480 
    58900.0000  -2.299680   0.366732  -1.932948 
    59000.0000  -2.303170   0.353329  -1.949840 
    59100.0000  -2.303214   0.362623  -1.940592 
    59200.0000  -2.302801   0.363955  -1.938846 
    59300.0000  -2.308003   0.361102  -1.946901 
    59400.0000  -2.300203   0.368517  -1.931686 
    59500.0000  -2.297954   0.358802  -1.939152 
    59600.0000  -2.297502   0.366794  -1.930708 
    59700.0000  -2.301919   0.357709  -1.944210 
    59800.0000  -2.297775   0.380020  -1.917755 
    59900.0000  -2.299657   0.367803  -1.931854 
    60000.0000  -2.299119   0.367680  -1.931439 
    60100.0000  -2.302983   0.354791  -1.948192 
    60200.0000  -2.300366   0.358582  -1.941784 
    60300.0000  -2.298786   0.362196  -1.936590 
    60400.0000  -2.300327   0.367161  -1.933165 
    60500.0000  -2.300753   0.358010  -1.942744 
    60600.0000  -2.304149   0.361431  -1.942719 
    60700.0000  -2.308190   0.357574  -1.950617 
    60800.0000  -2.304983   0.362008  -1.942975 
    60900.0000  -2.311207   0.362470  -1.948737 
    61000.0000  -2.306431   0.367398  -1.939034 
    61100.0000  -2.312824   0.361181  -1.951643 
    61200.0000  -2.306614   0.361771  -1.944842 
    61300.0000  -2.311352   0.363702  -1.947650 
    61400.0000  -2.310152   0.358532  -1.951620 
    61500.0000  -2.305109   0.360720  -1.944389 
    61600.0000  -2.305483   0.371745  -1.933738 
    61700.0000  -2.312302   0.357612  -1.954690 
    61800.0000  -2.313620   0.366853  -1.946767 
    61900.0000  -2.310742   0.361730  -1.949011 
    62000.0000  -2.312949   0.363466  -1.949483 
    62100.0000  -2.311579   0.371599  -1.939981 
    62200.0000  -2.306379   0.365031  -1.941349 
    62300.0000  -2.309998   0.369135  -1.940864 
    62400.0000  -2.304930   0.369226  -1.935703 
    62500.0000  -2.316490   0.370046  -1.946444 
    62600.0000  -2.307794   0.361197  -1.946597 
    62700.0000  -2.311076   0.364905  -1.946171 
    62800.0000  -2.303961   0.360798  -1.943164 
    62900.0000  -2.301105   0.359690  -1.941415 
    63000.0000  -2.308757   0.372063  -1.936694 
    63100.0000  -2.311029   0.362397  -1.948632 
    63200.0000  -2.303842   0.359629  -1.944213 
    63300.0000  -2.309662   0.355030  -1.954632 
    63400.0000  -2.306860   0.365596  -1.941264 
    63500.0000  -2.303944   0.357547  -1.946397 
    63600.0000  -2.306576   0.370975  -1.935601 
    63700.0000  -2.317949   0.365552  -1.952397 
    63800.0000  -2.312250   0.368275  -1.943975 
    63900.0000  -2.304880   0.373910  -1.930970 
    64000.0000  -2.315412   0.361783  -1.953629 
    64100.0000  -2.320353   0.357524  -1.962829 
    64200.0000  -2.312121   0.354243  -1.957878 
    64300.0000  -2.311487   0.368347  -1.943140 
    64400.0000  -2.302829   0.358163  -1.944666 
    64500.0000  -2.307924   0.359305  -1.948619 
    64600.0000  -2.313534   0.356103  -1.957431 
    64700.0000  -2.309191   0.361876  -1.947315 
    64800.0000  -2.305059   0.359792  -1.945267 
    64900.0000  -2.312889   0.373306  -1.939584 
    65000.0000  -2.312391   0.358756  -1.953635 
    65100.0000  -2.310144   0.360342  -1.949802 
    65200.0000  -2.309718   0.358863  -1.950854 
    65300.0000  -2.311186   0.352960  -1.958226 
    65400.0000  -2.310423   0.358276  -1.952147 
    65500.0000  -2.311456   0.367104  -1.944352 
    65600.0000  -2.323540   0.363940  -1.959601 
    65700.0000  -2.315217   0.364471  -1.950746 
    65800.0000  -2.316983   0.360178  -1.956806 
    65900.0000  -2.317482   0.368128  -1.949354 
    66000.0000  -2.329313   0.359430  -1.969883 
    66100.0000  -2.323604   0.371001  -1.952603 
    66200.0000  -2.325985   0.362194  -1.963790 
    66300.0000  -2.326387   0.373402  -1.952985 
    66400.0000  -2.320050   0.362745  -1.957305 
    66500.0000  -2.312541   0.354922  -1.957619 
    66600.0000  -2.317354   0.365233  -1.952121 
    66700.0000  -2.311599   0.363108  -1.948491 
    66800.0000  -2.316704   0.363552  -1.953152 
    66900.0000  -2.318001   0.356218  -1.961783 
    67000.0000  -2.319207   0.359335  -1.959872 
    67100.0000  -2.320070   0.360061  -1.960009 
    67200.0000  -2.314137   0.360909  -1.953228 
    67300.0000  -2.316185   0.364108  -1.952077 
    67400.0000  -2.311654   0.364598  -1.947057 
    67500.0000  -2.316054   0.361720  -1.954333 
    67600.0000  -2.310934   0.359240  -1.951694 
    67700.0000  -2.318371   0.371844  -1.946527 
    67800.0000  -2.323702   0.369531  -1.954171 
    67900.0000  -2.320346   0.356588  -1.963758 
    68000.0000  -2.322362   0.355139  -1.967223 
    68100.0000  -2.327646   0.365045  -1.962601 
    68200.0000  -2.318959   0.358909  -1.960050 
    68300.0000  -2.319134   0.358803  -1.960331 
    68400.0000  -2.325613   0.361218  -1.964395 
    68500.0000  -2.316631   0.362258  -1.954373 
    68600.0000  -2.329143   0.359100  -1.970043 
    68700.0000  -2.324999   0.369432  -1.955567 
    68800.0000  -2.321046   0.361564  -1.959481 
    68900.0000  -2.326112   0.354310  -1.971801 
    69000.0000  -2.325961   0.361901  -1.964060 
    69100.0000  -2.318443   0.358772  -1.959672 
    69200.0000  -2.320068   0.361208  -1.958860 
    69300.0000  -2.323964   0.370911  -1.953054 
    69400.0000  -2.324964   0.361852  -1.963112 
    69500.0000  -2.316562   0.358047  -1.958515 
    69600.0000  -2.318008   0.372578  -1.945431 
    69700.0000  -2.323890   0.367574  -1.956315 
    69800.0000  -2.331985   0.361552  -1.970432 
    69900.0000  -2.323965   0.358565  -1.965401 
    70000.0000  -2.324535   0.367593  -1.956942 
    70100.0000  -2.325790   0.365283  -1.960507 
    70200.0000  -2.327246   0.372628  -1.954618 
    70300.0000  -2.325106   0.368938  -1.956168 
    70400.0000  -2.326288   0.368065  -1.958223 
    70500.0000  -2.321604   0.368087  -1.953517 
    70600.0000  -2.332375   0.371638  -1.960736 
    70700.0000  -2.332296   0.361683  -1.970613 
    70800.0000  -2.324808   0.362135  -1.962674 
    70900.0000  -2.333606   0.361938  -1.971668 
    71000.0000  -2.332116   0.358744  -1.973372 
    71100.0000  -2.327661   0.362456  -1.965204 
    71200.0000  -2.325380   0.355537  -1.969843 
    71300.0000  -2.333945   0.365200  -1.968745 
    71400.0000  -2.339907   0.363620  -1.976287 
    71500.0000  -2.342196   0.361885  -1.980311 
    71600.0000  -2.341230   0.360190  -1.981040 
    71700.0000  -2.340716   0.361940  -1.978776 
    71800.0000  -2.339924   0.365945  -1.973979 
    71900.0000  -2.336429   0.363056  -1.973373 
    72000.0000  -2.341201   0.356955  -1.984246 
    72100.0000  -2.332964   0.370121  -1.962843 
    72200.0000  -2.330890   0.360787  -1.970103 
    72300.0000  -2.335387   0.361516  -1.973871 
    72400.0000  -2.331453   0.362579  -1.968874 
    72500.0000  -2.329811   0.365961  -1.963849 
    72600.0000  -2.332362   0.354713  -1.977650 
    72700.0000  -2.329804   0.358020  -1.971784 
    72800.0000  -2.324777   0.363908  -1.960868 
    72900.0000  -2.328631   0.359506  -1.969125 
    73000.0000  -2.324301   0.363688  -1.960614 
    73100.0000  -2.329061   0.364154  -1.964907 
    73200.0000  -2.330890   0.364164  -1.966726 
    73300.0000  -2.327551   0.362793  -1.964759 
    73400.0000  -2.337463   0.351696  -1.985767 
    73500.0000  -2.337315   0.361556  -1.975759 
    73600.0000  -2.331239   0.354564  -1.976675 
    73700.0000  -2.330927   0.362588  -1.968339 
    73800.0000  -2.333598   0.356009  -1.977588 
    73900.0000  -2.334200   0.371687  -1.962513 
    74000.0000  -2.338722   0.367205  -1.971518 
    74100.0000  -2.331027   0.363159  -1.967868 
    74200.0000  -2.333453   0.364460  -1.968993 
    74300.0000  -2.332834   0.363994  -1.968840 
    74400.0000  -2.332629   0.361107  -1.971522 
    74500.0000  -2.331530   0.362252  -1.969278 
    74600.0000  -2.334595   0.364548  -1.970047 
    74700.0000  -2.331912   0.361632  -1.970280 
    74800.0000  -2.333141   0.361979  -1.971162 
    74900.0000  -2.339469   0.362731  -1.976737 
    75000.0000  -2.332705   0.375188  -1.957517 
    75100.0000  -2.343786   0.364612  -1.979174 
    75200.0000  -2.341917   0.358169  -1.983747 
    75300.0000  -2.341099   0.365333  -1.975766 
    75400.0000  -2.343496   0.355121  -1.988374 
    75500.0000  -2.339505   0.367487  -1.972018 
    75600.0000  -2.340749   0.364723  -1.976026 
    75700.0000  -2.329216   0.372019  -1.957197 
    75800.0000  -2.342021   0.364377  -1.977644 
    75900.0000  -2.341048   0.366829  -1.974220 
    76000.0000  -2.335984   0.365266  -1.970717 
    76100.0000  -2.341605   0.356130  -1.985475 
    76200.0000  -2.340904   0.360263  -1.980640 
    76300.0000  -2.337012   0.370442  -1.966570 
    76400.0000  -2.336368   0.360767  -1.975600 
    76500.0000  -2.337841   0.359720  -1.978121 
    76600.0000  -2.341162   0.355715  -1.985446 
    76700.0000  -2.339062   0.364890  -1.974172 
    76800.0000  -2.336279   0.360619  -1.975660 
    76900.0000  -2.342292   0.364207  -1.978085 
    77000.0000  -2.345003   0.360225  -1.984778 
    77100.0000  -2.341057   0.368173  -1.972885 
    77200.0000  -2.340883   0.361210  -1.979673 
    77300.0000  -2.339275   0.368944  -1.970331 
    77400.0000  -2.345207   0.361407  -1.983801 
    77500.0000  -2.352822   0.359310  -1.993512 
    77600.0000  -2.347301   0.373088  -1.974212 
    77700.0000  -2.347538   0.364126  -1.983412 
    77800.0000  -2.350297   0.363038  -1.987260 
    77900.0000  -2.351753   0.367243  -1.984510 
    78000.0000  -2.352074   0.359097  -1.992977 
    78100.0000  -2.353943   0.367703  -1.986239 
    78200.0000  -2.348709   0.365391  -1.983317 
    78300.0000  -2.347517   0.370791  -1.976726 
    78400.0000  -2.344083   0.359874  -1.984209 
    78500.0000  -2.339867   0.360114  -1.979753 
    78600.0000  -2.339712   0.362579  -1.977133 
    78700.0000  -2.340486   0.370285  -1.970201 
    78800.0000  -2.342572   0.364619  -1.977952 
    78900.0000  -2.346905   0.369101  -1.977804 
    79000.0000  -2.351005   0.365111  -1.985893 
    79100.0000  -2.342130   0.368657  -1.973473 
    79200.0000  -2.346960   0.365510  -1.981451 
    79300.0000  -2.347090   0.359295  -1.987795 
    79400.0000  -2.348413   0.366409  -1.982004 
    79500.0000  -2.342639   0.361543  -1.981096 
    79600.0000  -2.343208   0.364928  -1.978280 
    79700.0000  -2.339515   0.361081  -1.978434 
    79800.0000  -2.344081   0.363488  -1.980593 
    79900.0000  -2.332576   0.359042  -1.973534 
    80000.0000  -2.338342   0.356709  -1.981634 
    80100.0000  -2.340602   0.370918  -1.969684 
    80200.0000  -2.341799   0.360376  -1.981423 
    80300.0000  -2.337561   0.365766  -1.971795 
    80400.0000  -2.338952   0.364928  -1.974024 
    80500.0000  -2.336688   0.366792  -1.969896 
    80600.0000  -2.338393   0.368478  -1.969915 
    80700.0000  -2.337236   0.374191  -1.963044 
    80800.0000  -2.330973   0.364587  -1.966386 
    80900.0000  -2.331897   0.362294  -1.969603 
    81000.0000  -2.339538   0.364159  -1.975379 
    81100.0000  -2.335258   0.366526  -1.968732 
    81200.0000  -2.339059   0.351795  -1.987264 
    81300.0000  -2.338132   0.369797  -1.968335 
    81400.0000  -2.329984   0.358920  -1.971063 
    81500.0000  -2.337208   0.371039  -1.966169 
    81600.0000  -2.337777   0.361269  -1.976507 
    81700.0000  -2.341734   0.361654  -1.980080 
    81800.0000  -2.343419   0.366902  -1.976517 
    81900.0000  -2.343623   0.364577  -1.979046 
    82000.0000  -2.350927   0.350909  -2.000018 
    82100.0000  -2.350320   0.365034  -1.985286 
    82200.0000  -2.352861   0.364807  -1.988054 
    82300.0000  -2.340622   0.362051  -1.978571 
    82400.0000  -2.349383   0.363285  -1.986099 
    82500.0000  -2.347009   0.361970  -1.985038 
    82600.0000  -2.354515   0.367032  -1.987483 
    82700.0000  -2.356513   0.358075  -1.998439 
    82800.0000  -2.354165   0.363980  -1.990185 
    82900.0000  -2.352042   0.363960  -1.988082 
    83000.0000  -2.347479   0.365661  -1.981818 
    83100.0000  -2.349385   0.353385  -1.996000 
    83200.0000  -2.353705   0.361986  -1.991718 
    83300.0000  -2.355042   0.363493  -1.991548 
    83400.0000  -2.351251   0.355991  -1.995259 
    83500.0000  -2.353369   0.364034  -1.989336 
    83600.0000  -2.349477   0.361076  -1.988401 
    83700.0000  -2.354704   0.357782  -1.996922 
    83800.0000  -2.349383   0.363440  -1.985943 
    83900.0000  -2.356916   0.354166  -2.002750 
    84000.0000  -2.344954   0.358274  -1.986679 
    84100.0000  -2.353891   0.371247  -1.982644 
    84200.0000  -2.351710   0.361457  -1.990252 
    84300.0000  -2.358635   0.354202  -2.004433 
    84400.0000  -2.357757   0.353683  -2.004074 
    84500.0000  -2.353121   0.363522  -1.989600 
    84600.0000  -2.351416   0.369594  -1.981822 
    84700.0000  -2.350598   0.362636  -1.987961 
    84800.0000  -2.356092   0.362400  -1.993692 
    84900.0000  -2.347026   0.362238  -1.984788 
    85000.0000  -2.349304   0.363829  -1.985475 
    85100.0000  -2.349549   0.361353  -1.988196 
    85200.0000  -2.354271   0.363879  -1.990392 
    85300.0000  -2.355009   0.356948  -1.998061 
    85400.0000  -2.357782   0.374245  -1.983537 
    85500.0000  -2.360249   0.353483  -2.006766 
    85600.0000  -2.356478   0.363843  -1.992636 
    85700.0000  -2.357320   0.361091  -1.996229 
    85800.0000  -2.354980   0.366104  -1.988875 
    85900.0000  -2.354235   0.365970  -1.988265 
    86000.0000  -2.355568   0.368352  -1.987215 
    86100.0000  -2.353170   0.364295  -1.988876 
    86200.0000  -2.349923   0.357337  -1.992586 
    86300.0000  -2.353326   0.360490  -1.992836 
    86400.0000  -2.355581   0.366712  -1.988869 
    86500.0000  -2.357684   0.359686  -1.997998 
    86600.0000  -2.355122   0.364578  -1.990544 
    86700.0000  -2.354019   0.363366  -1.990653 
    86800.0000  -2.358107   0.363925  -1.994182 
    86900.0000  -2.359761   0.361076  -1.998685 
    87000.0000  -2.358993   0.363787  -1.995206 
    87100.0000  -2.354062   0.368566  -1.985495 
    87200.0000  -2.359452   0.362056  -1.997396 
    87300.0000  -2.353386   0.362449  -1.990937 
    87400.0000  -2.354195   0.365735  -1.988461 
    87500.0000  -2.356502   0.357312  -1.999190 
    87600.0000  -2.356390   0.369342  -1.987048 
    87700.0000  -2.354139   0.361939  -1.992200 
    87800.0000  -2.364398   0.362353  -2.002045 
    87900.0000  -2.364576   0.363492  -2.001084 
    88000.0000  -2.363007   0.359877  -2.003130 
    88100.0000  -2.363336   0.364532  -1.998804 
    88200.0000  -2.365390   0.358865  -2.006526 
    88300.0000  -2.369444   0.366560  -2.002884 
    88400.0000  -2.368390   0.371043  -1.997347 
    88500.0000  -2.360830   0.369517  -1.991313 
    88600.0000  -2.357819   0.363021  -1.994798 
    88700.0000  -2.367906   0.361096  -2.006811 
    88800.0000  -2.365603   0.372539  -1.993064 
    88900.0000  -2.359437   0.363375  -1.996062 
    89000.0000  -2.362938   0.364831  -1.998107 
    89100.0000  -2.361914   0.368428  -1.993486 
    89200.0000  -2.363924   0.368971  -1.994953 
    89300.0000  -2.358954   0.370883  -1.988071 
    89400.0000  -2.358527   0.364713  -1.993814 
    89500.0000  -2.362472   0.361563  -2.000909 
    89600.0000  -2.359101   0.365223  -1.993878 
    89700.0000  -2.356477   0.362264  -1.994213 
    89800.0000  -2.351502   0.354943  -1.996559 
    89900.0000  -2.358205   0.359864  -1.998341 
    90000.0000  -2.364369   0.363364  -2.001005 
    90100.0000  -2.361550   0.365204  -1.996346 
    90200.0000  -2.356040   0.363774  -1.992266 
    90300.0000  -2.360779   0.354330  -2.006449 
    90400.0000  -2.362734   0.361107  -2.001627 
    90500.0000  -2.360237   0.356055  -2.004182 
    90600.0000  -2.368087   0.355250  -2.012837 
    90700.0000  -2.360221   0.362154  -1.998067 
    90800.0000  -2.360845   0.361115  -1.999730 
    90900.0000  -2.361135   0.361282  -1.999853 
    91000.0000  -2.357078   0.358605  -1.998473 
    91100.0000  -2.362639   0.374738  -1.987901 
    91200.0000  -2.365515   0.361303  -2.004212 
    91300.0000  -2.357011   0.360372  -1.996639 
    91400.0000  -2.355569   0.366061  -1.989507 
    91500.0000  -2.364733   0.365884  -1.998849 
    91600.0000  -2.369660   0.364079  -2.005581 
    91700.0000  -2.367836   0.357915  -2.009920 
    91800.0000  -2.368046   0.365302  -2.002744 
    91900.0000  -2.364529   0.360144  -2.004385 
    92000.0000  -2.368449   0.357007  -2.011442 
    92100.0000  -2.363768   0.361956  -2.001812 
    92200.0000  -2.368430   0.359622  -2.008808 
    92300.0000  -2.367537   0.356094  -2.011443 
    92400.0000  -2.368827   0.358653  -2.010174 
    92500.0000  -2.362218   0.358528  -2.003690 
    92600.0000  -2.369024   0.369479  -1.999545 
    92700.0000  -2.365642   0.366170  -1.999472 
    92800.0000  -2.365843   0.358534  -2.007309 
    92900.0000  -2.368706   0.353630  -2.015075 
    93000.0000  -2.363373   0.368092  -1.995281 
    93100.0000  -2.374491   0.366933  -2.007558 
    93200.0000  -2.373384   0.364152  -2.009232 
    93300.0000  -2.376739   0.365406  -2.011334 
    93400.0000  -2.365813   0.357955  -2.007858 
    93500.0000  -2.373274   0.350592  -2.022682 
    93600.0000  -2.369287   0.365918  -2.003369 
    93700.0000  -2.372136   0.362591  -2.009545 
    93800.0000  -2.367176   0.359798  -2.007378 
    93900.0000  -2.374369   0.362898  -2.011471 
    94000.0000  -2.376375   0.353088  -2.023287 
    94100.0000  -2.376402   0.365343  -2.011059 
    94200.0000  -2.377387   0.371443  -2.005944 
    94300.0000  -2.373812   0.361531  -2.012281 
    94400.0000  -2.376133   0.358092  -2.018042 
    94500.0000  -2.368762   0.365116  -2.003647 
    94600.0000  -2.364108   0.366860  -1.997248 
    94700.0000  -2.375287   0.364738  -2.010550 
    94800.0000  -2.377034   0.364006  -2.013028 
    94900.0000  -2.369717   0.354832  -2.014885 
    95000.0000  -2.373105   0.363179  -2.009926 
    95100.0000  -2.372214   0.348583  -2.023630 
    95200.0000  -2.373347   0.361250  -2.012097 
    95300.0000  -2.370569   0.364036  -2.006533 
    95400.0000  -2.371238   0.359648  -2.011590 
    95500.0000  -2.369331   0.362969  -2.006362 
    95600.0000  -2.378704   0.365366  -2.013337 
    95700.0000  -2.379389   0.365312  -2.014077 
    95800.0000  -2.374851   0.366482  -2.008369 
    95900.0000  -2.374743   0.364915  -2.009828 
    96000.0000  -2.378528   0.371160  -2.007368 
    96100.0000  -2.377989   0.366977  -2.011012 
    96200.0000  -2.380342   0.366657  -2.013685 
    96300.0000  -2.380688   0.370936  -2.009752 
    96400.0000  -2.377719   0.363918  -2.013802 
    96500.0000  -2.383187   0.360687  -2.022500 
    96600.0000  -2.384499   0.352617  -2.031882 
    96700.0000  -2.379607   0.367925  -2.011682 
    96800.0000  -2.377870   0.369407  -2.008463 
    96900.0000  -2.372670   0.366527  -2.006143 
    97000.0000  -2.369461   0.360597  -2.008864 
    97100.0000  -2.374648   0.356467  -2.018182 
    97200.0000  -2.370766   0.359350  -2.011417 
    97300.0000  -2.367697   0.358213  -2.009484 
    97400.0000  -2.375311   0.362408  -2.012902 
    97500.0000  -2.368413   0.366314  -2.002099 
    97600.0000  -2.375998   0.355364  -2.020633 
    97700.0000  -2.375489   0.355089  -2.020399 
    97800.0000  -2.370380   0.366706  -2.003674 
    97900.0000  -2.375931   0.358353  -2.017578 
    98000.0000  -2.373163   0.364604  -2.008559 
    98100.0000  -2.369249   0.359172  -2.010077 
    98200.0000  -2.369191   0.366070  -2.003121 
    98300.0000  -2.375479   0.361059  -2.014419 
    98400.0000  -2.377192   0.362284  -2.014907 
    98500.0000  -2.370035   0.366344  -2.003691 
    98600.0000  -2.378803   0.362654  -2.016149 
    98700.0000  -2.370328   0.362427  -2.007901 
    98800.0000  -2.377916   0.363591  -2.014324 
    98900.0000  -2.373993   0.363531  -2.010462 
    99000.0000  -2.377088   0.359815  -2.017274 
    99100.0000  -2.375767   0.369293  -2.006474 
    99200.0000  -2.380908   0.357587  -2.023321 
    99300.0000  -2.374328   0.363862  -2.010466 
    99400.0000  -2.374449   0.379564  -1.994885 
    99500.0000  -2.380911   0.351974  -2.028936 
    99600.0000  -2.381787   0.364318  -2.017469 
    99700.0000  -2.385264   0.362350  -2.022915 
    99800.0000  -2.381735   0.373059  -2.008676 
    99900.0000  -2.387125   0.360955  -2.026170 
   100000.0000  -2.377824   0.362572  -2.015252 
   100100.0000  -2.383108   0.365289  -2.017819 
   100200.0000  -2.387480   0.364205  -2.023275 
   100300.0000  -2.383036   0.367308  -2.015728 
   100400.0000  -2.380478   0.358082  -2.022396 
   100500.0000  -2.381636   0.365384  -2.016252 
   100600.0000  -2.385664   0.365738  -2.019925 
   100700.0000  -2.387473   0.363910  -2.023562 
   100800.0000  -2.377143   0.358420  -2.018723 
   100900.0000  -2.385302   0.368135  -2.017166 
   101000.0000  -2.389972   0.363942  -2.026030 
   101100.0000  -2.390275   0.364634  -2.025642 
   101200.0000  -2.394610   0.358671  -2.035939 
   101300.0000  -2.386725   0.365101  -2.021624 
   101400.0000  -2.396771   0.364257  -2.032514 
   101500.0000  -2.390285   0.361147  -2.029138 
   101600.0000  -2.397458   0.360620  -2.036838 
   101700.0000  -2.399909   0.357907  -2.042001 
   101800.0000  -2.394771   0.358066  -2.036704 
   101900.0000  -2.400768   0.363878  -2.036890 
   102000.0000  -2.392536   0.363787  -2.028749 
   102100.0000  -2.400862   0.359586  -2.041276 
   102200.0000  -2.392702   0.359483  -2.033219 
   102300.0000  -2.395747   0.361990  -2.033758 
   102400.0000  -2.398945   0.364091  -2.034853 
   102500.0000  -2.391581   0.366419  -2.025162 
   102600.0000  -2.396955   0.357105  -2.039849 
   102700.0000  -2.398959   0.372969  -2.025991 
   102800.0000  -2.394914   0.362955  -2.031958 
   102900.0000  -2.399289   0.370784  -2.028504 
   103000.0000  -2.400872   0.353875  -2.046997 
   103100.0000  -2.391854   0.360517  -2.031337 
   103200.0000  -2.398244   0.367999  -2.030245 
   103300.0000  -2.398321   0.369762  -2.028558 
   103400.0000  -2.395805   0.361268  -2.034537 
   103500.0000  -2.401459   0.364521  -2.036938 
   103600.0000  -2.398325   0.353330  -2.044995 
   103700.0000  -2.399465   0.371569  -2.027897 
   103800.0000  -2.396572   0.362147  -2.034425 
   103900.0000  -2.399495   0.365216  -2.034280 
   104000.0000  -2.396228   0.362586  -2.033642 
   104100.0000  -2.395961   0.368470  -2.027491 
   104200.0000  -2.398992   0.363859  -2.035134 
   104300.0000  -2.401683   0.366217  -2.035466 
   104400.0000  -2.405853   0.362177  -2.043676 
   104500.0000  -2.399497   0.359729  -2.039768 
   104600.0000  -2.395879   0.358345  -2.037535 
   104700.0000  -2.399244   0.358063  -2.041182 
   104800.0000  -2.399648   0.363009  -2.036639 
   104900.0000  -2.395969   0.361680  -2.034288 
   105000.0000  -2.403948   0.368108  -2.035840 
   105100.0000  -2.388899   0.364099  -2.024799 
   105200.0000  -2.398791   0.362580  -2.036211 
   105300.0000  -2.402417   0.363353  -2.039063 
   105400.0000  -2.401261   0.364463  -2.036798 
   105500.0000  -2.397486   0.367912  -2.029574 
   105600.0000  -2.391538   0.365157  -2.026381 
   105700.0000  -2.402816   0.366313  -2.036503 
   105800.0000  -2.394862   0.366559  -2.028303 
   105900.0000  -2.394769   0.362361  -2.032408 
   106000.0000  -2.395178   0.362357  -2.032821 
   106100.0000  -2.402668   0.361922  -2.040746 
   106200.0000  -2.397945   0.359250  -2.038695 
   106300.0000  -2.399914   0.358093  -2.041821 
   106400.0000  -2.394775   0.360790  -2.033985 
   106500.0000  -2.386728   0.362060  -2.024668 
   106600.0000  -2.391459   0.358931  -2.032528 
   106700.0000  -2.384643   0.370209  -2.014434 
   106800.0000  -2.387127   0.359141  -2.027986 
   106900.0000  -2.393367   0.360475  -2.032892 
   107000.0000  -2.388403   0.360199  -2.028204 
   107100.0000  -2.390180   0.357329  -2.032852 
   107200.0000  -2.396944   0.364933  -2.032011 
   107300.0000  -2.384960   0.354821  -2.030138 
   107400.0000  -2.388969   0.364722  -2.024247 
   107500.0000  -2.392533   0.370651  -2.021882 
   107600.0000  -2.396702   0.363027  -2.033675 
   107700.0000  -2.390481   0.360823  -2.029658 
   107800.0000  -2.385906   0.363679  -2.022227 
   107900.0000  -2.387106   0.366452  -2.020654 
   108000.0000  -2.389952   0.356170  -2.033782 
   108100.0000  -2.390354   0.361178  -2.029176 
   108200.0000  -2.393274   0.361848  -2.031426 
   108300.0000  -2.389495   0.366480  -2.023014 
   108400.0000  -2.389273   0.362745  -2.026528 
   108500.0000  -2.390238   0.359529  -2.030709 
   108600.0000  -2.391554   0.359175  -2.032379 
   108700.0000  -2.393579   0.362163  -2.031416 
   108800.0000  -2.388011   0.366714  -2.021297 
   108900.0000  -2.385938   0.357914  -2.028024 
   109000.0000  -2.379230   0.352677  -2.026553 
   109100.0000  -2.385261   0.359415  -2.025846 
   109200.0000  -2.381589   0.365313  -2.016275 
   109300.0000  -2.380558   0.364616  -2.015941 
   109400.0000  -2.383729   0.359130  -2.024598 
   109500.0000  -2.376622   0.361199  -2.015423 
   109600.0000  -2.381402   0.361464  -2.019938 
   109700.0000  -2.386811   0.360167  -2.026644 
   109800.0000  -2.392590   0.367102  -2.025488 
   109900.0000  -2.387779   0.367310  -2.020469 
   110000.0000  -2.393936   0.356580  -2.037356 
   110100.0000  -2.395484   0.371555  -2.023929 
   110200.0000  -2.394563   0.362857  -2.031706 
   110300.0000  -2.395684   0.364848  -2.030836 
   110400.0000  -2.391945   0.367462  -2.024483 
   110500.0000  -2.387428   0.360588  -2.026841 
   110600.0000  -2.394373   0.355047  -2.039326 
   110700.0000  -2.394242   0.369279  -2.024963 
   110800.0000  -2.387706   0.373572  -2.014134 
   110900.0000  -2.390979   0.371255  -2.019725 
   111000.0000  -2.393387   0.360157  -2.033230 
   111100.0000  -2.388184   0.366879  -2.021305 
   111200.0000  -2.394613   0.360924  -2.033689 
   111300.0000  -2.387771   0.369188  -2.018583 
   111400.0000  -2.394485   0.359916  -2.034569 
   111500.0000  -2.391219   0.360161  -2.031059 
   111600.0000  -2.390822   0.370134  -2.020688 
   111700.0000  -2.395025   0.363099  -2.031926 
   111800.0000  -2.394142   0.360133  -2.034009 
   111900.0000  -2.398387   0.370792  -2.027596 
   112000.0000  -2.396327   0.359994  -2.036333 
   112100.0000  -2.395582   0.359825  -2.035756 
   112200.0000  -2.394044   0.360339  -2.033705 
   112300.0000  -2.392498   0.363159  -2.029339 
   112400.0000  -2.396544   0.363901  -2.032644 
   112500.0000  -2.390504   0.360096  -2.030408 
   112600.0000  -2.383032   0.362227  -2.020805 
   112700.0000  -2.386490   0.364522  -2.021968 
   112800.0000  -2.391761   0.356665  -2.035096 
   112900.0000  -2.380068   0.366522  -2.013546 
   113000.0000  -2.384416   0.368873  -2.015543 
   113100.0000  -2.384169   0.362059  -2.022111 
   113200.0000  -2.388078   0.368086  -2.019992 
   113300.0000  -2.384245   0.365415  -2.018830 
   113400.0000  -2.380781   0.368106  -2.012675 
   113500.0000  -2.383045   0.362774  -2.020271 
   113600.0000  -2.391733   0.367715  -2.024018 
   113700.0000  -2.391861   0.354731  -2.037129 
   113800.0000  -2.394065   0.360967  -2.033098 
   113900.0000  -2.403070   0.360445  -2.042625 
   114000.0000  -2.401228   0.365512  -2.035716 
   114100.0000  -2.406703   0.360802  -2.045900 
   114200.0000  -2.402937   0.369153  -2.033784 
   114300.0000  -2.400095   0.370770  -2.029325 
   114400.0000  -2.396054   0.352408  -2.043645 
   114500.0000  -2.397159   0.357247  -2.039911 
   114600.0000  -2.400435   0.368451  -2.031984 
   114700.0000  -2.396456   0.365973  -2.030483 
   114800.0000  -2.398307   0.366848  -2.031459 
   114900.0000  -2.403837   0.367724  -2.036113 
   115000.0000  -2.395347   0.366426  -2.028921 
   115100.0000  -2.401106   0.367557  -2.033549 
   115200.0000  -2.397716   0.364691  -2.033025 
   115300.0000  -2.392804   0.362480  -2.030324 
   115400.0000  -2.398449   0.363932  -2.034518 
   115500.0000  -2.391155   0.357804  -2.033351 
   115600.0000  -2.400383   0.360814  -2.039569 
   115700.0000  -2.401481   0.359614  -2.041868 
   115800.0000  -2.396337   0.361063  -2.035273 
   115900.0000  -2.395114   0.355667  -2.039447 
   116000.0000  -2.400101   0.365002  -2.035099 
   116100.0000  -2.397551   0.358106  -2.039446 
   116200.0000  -2.402236   0.358981  -2.043255 
   116300.0000  -2.401354   0.358845  -2.042509 
   116400.0000  -2.395400   0.359850  -2.035550 
   116500.0000  -2.397772   0.356953  -2.040819 
   116600.0000  -2.397597   0.366501  -2.031095 
   116700.0000  -2.395346   0.358608  -2.036738 
   116800.0000  -2.392743   0.359228  -2.033515 
   116900.0000  -2.393258   0.361745  -2.031513 
   117000.0000  -2.389220   0.365532  -2.023688 
   117100.0000  -2.390117   0.364202  -2.025915 
   117200.0000  -2.388306   0.369049  -2.019257 
   117300.0000  -2.387018   0.363545  -2.023473 
   117400.0000  -2.390253   0.359012  -2.031241 
   117500.0000  -2.393129   0.358409  -2.034720 
   117600.0000  -2.394549   0.364508  -2.030040 
   117700.0000  -2.390683   0.358519  -2.032164 
   117800.0000  -2.395468   0.362079  -2.033389 
   117900.0000  -2.390610   0.369868  -2.020742 
   118000.0000  -2.389230   0.363360  -2.025870 
   118100.0000  -2.388576   0.361808  -2.026768 
   118200.0000  -2.390570   0.363240  -2.027330 
   118300.0000  -2.387124   0.363039  -2.024085 
   118400.0000  -2.388888   0.366826  -2.022062 
   118500.0000  -2.394871   0.370953  -2.023918 
   118600.0000  -2.392359   0.363571  -2.028787 
   118700.0000  -2.395089   0.358672  -2.036417 
   118800.0000  -2.396692   0.364701  -2.031991 
   118900.0000  -2.395654   0.361927  -2.033727 
   119000.0000  -2.393946   0.360761  -2.033185 
   119100.0000  -2.394752   0.356730  -2.038022 
   119200.0000  -2.393407   0.367057  -2.026349 
   119300.0000  -2.386970   0.367604  -2.019366 
   119400.0000  -2.389495   0.362965  -2.026530 
   119500.0000  -2.388798   0.354281  -2.034518 
   119600.0000  -2.385455   0.365379  -2.020077 
   119700.0000  -2.382107   0.351823  -2.030284 
   119800.0000  -2.389248   0.355477  -2.033771 
   119900.0000  -2.390663   0.363488  -2.027174 
   120000.0000  -2.385840   0.358828  -2.027012 
   120100.0000  -2.388640   0.362316  -2.026324 
   120200.0000  -2.385209   0.355393  -2.029816 
   120300.0000  -2.388822   0.368268  -2.020554 
   120400.0000  -2.393542   0.367296  -2.026246 
   120500.0000  -2.392987   0.361354  -2.031633 
   120600.0000  -2.392935   0.366296  -2.026639 
   120700.0000  -2.392963   0.362000  -2.030963 
   120800.0000  -2.393789   0.354779  -2.039010 
   120900.0000  -2.391977   0.354681  -2.037297 
   121000.0000  -2.400577   0.360398  -2.040179 
   121100.0000  -2.398344   0.360212  -2.038132 
   121200.0000  -2.397742   0.368013  -2.029729 
   121300.0000  -2.396578   0.359109  -2.037469 
   121400.0000  -2.400938   0.363570  -2.037367 
   121500.0000  -2.401720   0.361642  -2.040079 
   121600.0000  -2.403204   0.368022  -2.035182 
   121700.0000  -2.403577   0.372103  -2.031475 
   121800.0000  -2.400571   0.365378  -2.035193 
   121900.0000  -2.397218   0.362325  -2.034893 
   122000.0000  -2.401501   0.366531  -2.034970 
   122100.0000  -2.395158   0.361989  -2.033168 
   122200.0000  -2.402154   0.356158  -2.045997 
   122300.0000  -2.404730   0.358949  -2.045782 
   122400.0000  -2.407437   0.365677  -2.041760 
   122500.0000  -2.406272   0.358343  -2.047929 
   122600.0000  -2.407122   0.363165  -2.043957 
   122700.0000  -2.408489   0.364479  -2.044010 
   122800.0000  -2.407354   0.361756  -2.045598 
   122900.0000  -2.406746   0.361318  -2.045428 
   123000.0000  -2.409316   0.362238  -2.047078 
   123100.0000  -2.406257   0.361220  -2.045037 
   123200.0000  -2.413740   0.363744  -2.049996 
   123300.0000  -2.409654   0.368381  -2.041273 
   123400.0000  -2.408144   0.361255  -2.046889 
   123500.0000  -2.413989   0.362450  -2.051539 
   123600.0000  -2.411278   0.358467  -2.052812 
   123700.0000  -2.407246   0.369876  -2.037371 
   123800.0000  -2.404953   0.359661  -2.045292 
   123900.0000  -2.406328   0.362580  -2.043748 
   124000.0000  -2.401833   0.367411  -2.034422 
   124100.0000  -2.400891   0.367030  -2.033861 
   124200.0000  -2.402242   0.367781  -2.034461 
