        0.0000   1.166920   0.364215   1.531135 
      100.0000  -0.065963   0.368367   0.302404 
      200.0000  -0.128537   0.364225   0.235688 
      300.0000  -0.175048   0.360567   0.185519 
      400.0000  -0.232651   0.362773   0.130122 
      500.0000  -0.257461   0.356910   0.099449 
      600.0000  -0.279053   0.364757   0.085704 
      700.0000  -0.314430   0.362221   0.047791 
      800.0000  -0.341115   0.367922   0.026808 
      900.0000  -0.352556   0.364390   0.011834 
     1000.0000  -0.382312   0.360710  -0.021602 
     1100.0000  -0.405253   0.361042  -0.044210 
     1200.0000  -0.417179   0.362807  -0.054372 
     1300.0000  -0.425829   0.353596  -0.072233 
     1400.0000  -0.431649   0.366158  -0.065491 
     1500.0000  -0.440915   0.360925  -0.079990 
     1600.0000  -0.445919   0.362625  -0.083294 
     1700.0000  -0.447762   0.363477  -0.084285 
     1800.0000  -0.455032   0.359797  -0.095235 
     1900.0000  -0.454547   0.364029  -0.090518 
     2000.0000  -0.464865   0.358648  -0.106217 
     2100.0000  -0.464030   0.364380  -0.099649 
     2200.0000  -0.469606   0.359794  -0.109812 
     2300.0000  -0.487212   0.362937  -0.124275 
     2400.0000  -0.498826   0.367923  -0.130904 
     2500.0000  -0.489180   0.358054  -0.131127 
     2600.0000  -0.493074   0.362114  -0.130961 
     2700.0000  -0.495662   0.359560  -0.136102 
     2800.0000  -0.504628   0.363820  -0.140807 
     2900.0000  -0.506745   0.370561  -0.136184 
     3000.0000  -0.492715   0.363417  -0.129298 
     3100.0000  -0.493700   0.367181  -0.126519 
     3200.0000  -0.516433   0.369457  -0.146976 
     3300.0000  -0.520740   0.359853  -0.160887 
     3400.0000  -0.514363   0.363775  -0.150588 
     3500.0000  -0.515520   0.368658  -0.146862 
     3600.0000  -0.518175   0.356746  -0.161429 
     3700.0000  -0.521690   0.357609  -0.164081 
     3800.0000  -0.527068   0.363289  -0.163779 
     3900.0000  -0.536303   0.362737  -0.173566 
     4000.0000  -0.542753   0.369155  -0.173598 
     4100.0000  -0.540963   0.365612  -0.175351 
     4200.0000  -0.544533   0.364343  -0.180189 
     4300.0000  -0.558396   0.366603  -0.191794 
     4400.0000  -0.544001   0.360884  -0.183117 
     4500.0000  -0.530610   0.368878  -0.161732 
     4600.0000  -0.536250   0.360074  -0.176176 
     4700.0000  -0.538101   0.365854  -0.172247 
     4800.0000  -0.538646   0.374684  -0.163963 
     4900.0000  -0.537142   0.361664  -0.175478 
     5000.0000  -0.529167   0.370532  -0.158635 
     5100.0000  -0.537804   0.359939  -0.177864 
     5200.0000  -0.540518   0.361800  -0.178717 
     5300.0000  -0.544221   0.364663  -0.179558 
     5400.0000  -0.549576   0.366528  -0.183048 
     5500.0000  -0.554354   0.364358  -0.189996 
     5600.0000  -0.565674   0.364313  -0.201361 
     5700.0000  -0.575111   0.365841  -0.209270 
     5800.0000  -0.571689   0.362590  -0.209100 
     5900.0000  -0.574305   0.362412  -0.211893 
     6000.0000  -0.586319   0.362829  -0.223489 
     6100.0000  -0.579445   0.360097  -0.219348 
     6200.0000  -0.573054   0.358945  -0.214110 
     6300.0000  -0.579289   0.367130  -0.212159 
     6400.0000  -0.562994   0.368666  -0.194327 
     6500.0000  -0.573507   0.355163  -0.218343 
     6600.0000  -0.565554   0.364777  -0.200777 
     6700.0000  -0.569804   0.362393  -0.207411 
     6800.0000  -0.575657   0.370570  -0.205088 
     6900.0000  -0.568611   0.360297  -0.208313 
     7000.0000  -0.573810   0.361989  -0.211821 
     7100.0000  -0.587699   0.354213  -0.233486 
     7200.0000  -0.593200   0.360203  -0.232997 
     7300.0000  -0.594868   0.357997  -0.236871 
     7400.0000  -0.573946   0.367332  -0.206615 
     7500.0000  -0.571976   0.350802  -0.221173 
     7600.0000  -0.573133   0.358994  -0.214139 
     7700.0000  -0.554875   0.357339  -0.197535 
     7800.0000  -0.568884   0.367030  -0.201854 
     7900.0000  -0.555889   0.371195  -0.184694 
     8000.0000  -0.568318   0.357989  -0.210330 
     8100.0000  -0.575263   0.368569  -0.206694 
     8200.0000  -0.586129   0.369782  -0.216347 
     8300.0000  -0.585524   0.371268  -0.214256 
     8400.0000  -0.589567   0.364520  -0.225047 
     8500.0000  -0.593799   0.361189  -0.232610 
     8600.0000  -0.595435   0.368176  -0.227259 
     8700.0000  -0.596518   0.371810  -0.224708 
     8800.0000  -0.592089   0.359057  -0.233032 
     8900.0000  -0.584914   0.365019  -0.219895 
     9000.0000  -0.579917   0.360540  -0.219377 
     9100.0000  -0.583493   0.362498  -0.220995 
     9200.0000  -0.576929   0.362679  -0.214251 
     9300.0000  -0.580700   0.356129  -0.224571 
     9400.0000  -0.591801   0.358381  -0.233420 
     9500.0000  -0.599682   0.362459  -0.237223 
     9600.0000  -0.587422   0.357095  -0.230327 
     9700.0000  -0.594778   0.364033  -0.230746 
     9800.0000  -0.587226   0.373650  -0.213576 
     9900.0000  -0.598961   0.354472  -0.244489 
    10000.0000  -0.599390   0.362785  -0.236605 
    10100.0000  -0.601219   0.361160  -0.240059 
    10200.0000  -0.596278   0.358817  -0.237461 
    10300.0000  -0.590693   0.363293  -0.227400 
    10400.0000  -0.591399   0.366397  -0.225002 
    10500.0000  -0.609192   0.368294  -0.240898 
    10600.0000  -0.596302   0.361750  -0.234552 
    10700.0000  -0.602607   0.372812  -0.229794 
    10800.0000  -0.593986   0.358117  -0.235869 
    10900.0000  -0.602752   0.362850  -0.239902 
    11000.0000  -0.606027   0.362324  -0.243703 
    11100.0000  -0.610562   0.362659  -0.247902 
    11200.0000  -0.618060   0.371150  -0.246910 
    11300.0000  -0.611751   0.367519  -0.244232 
    11400.0000  -0.611023   0.363531  -0.247492 
    11500.0000  -0.612095   0.357424  -0.254671 
    11600.0000  -0.616784   0.363663  -0.253121 
    11700.0000  -0.621632   0.365181  -0.256452 
    11800.0000  -0.614081   0.369079  -0.245002 
    11900.0000  -0.598387   0.360408  -0.237978 
    12000.0000  -0.603831   0.369004  -0.234827 
    12100.0000  -0.604404   0.362557  -0.241847 
    12200.0000  -0.603546   0.366164  -0.237382 
    12300.0000  -0.607873   0.361159  -0.246714 
    12400.0000  -0.608268   0.374119  -0.234149 
    12500.0000  -0.603813   0.369331  -0.234482 
    12600.0000  -0.591600   0.368452  -0.223149 
    12700.0000  -0.591818   0.366020  -0.225798 
    12800.0000  -0.592253   0.362415  -0.229837 
    12900.0000  -0.615398   0.361589  -0.253809 
    13000.0000  -0.617580   0.367853  -0.249727 
    13100.0000  -0.612441   0.358239  -0.254203 
    13200.0000  -0.605854   0.369572  -0.236282 
    13300.0000  -0.612253   0.359108  -0.253145 
    13400.0000  -0.618677   0.364088  -0.254588 
    13500.0000  -0.610232   0.361020  -0.249212 
    13600.0000  -0.606230   0.366234  -0.239996 
    13700.0000  -0.612825   0.361087  -0.251738 
    13800.0000  -0.614600   0.359557  -0.255043 
    13900.0000  -0.610978   0.357461  -0.253517 
    14000.0000  -0.600120   0.366547  -0.233573 
    14100.0000  -0.597775   0.356705  -0.241071 
    14200.0000  -0.604447   0.367707  -0.236740 
    14300.0000  -0.598879   0.358757  -0.240122 
    14400.0000  -0.601777   0.366353  -0.235424 
    14500.0000  -0.608535   0.366147  -0.242388 
    14600.0000  -0.620837   0.369342  -0.251495 
    14700.0000  -0.630534   0.362150  -0.268384 
    14800.0000  -0.634142   0.361790  -0.272352 
    14900.0000  -0.626516   0.360730  -0.265786 
    15000.0000  -0.629051   0.363420  -0.265631 
    15100.0000  -0.625135   0.363376  -0.261758 
    15200.0000  -0.626897   0.353730  -0.273167 
    15300.0000  -0.612089   0.361744  -0.250345 
    15400.0000  -0.610740   0.364226  -0.246513 
    15500.0000  -0.617421   0.367153  -0.250268 
    15600.0000  -0.614297   0.361808  -0.252489 
    15700.0000  -0.614027   0.361192  -0.252835 
    15800.0000  -0.612468   0.354709  -0.257759 
    15900.0000  -0.618395   0.357728  -0.260668 
    16000.0000  -0.618514   0.358772  -0.259742 
    16100.0000  -0.623326   0.365666  -0.257660 
    16200.0000  -0.630385   0.362218  -0.268167 
    16300.0000  -0.627263   0.359566  -0.267697 
    16400.0000  -0.628550   0.370751  -0.257799 
    16500.0000  -0.634568   0.361151  -0.273417 
    16600.0000  -0.647855   0.356456  -0.291399 
    16700.0000  -0.654355   0.360857  -0.293498 
    16800.0000  -0.639061   0.363456  -0.275606 
    16900.0000  -0.631908   0.362535  -0.269373 
    17000.0000  -0.626547   0.366107  -0.260439 
    17100.0000  -0.630321   0.362512  -0.267809 
    17200.0000  -0.633354   0.366048  -0.267306 
    17300.0000  -0.631752   0.359714  -0.272038 
    17400.0000  -0.628846   0.357336  -0.271510 
    17500.0000  -0.625787   0.357519  -0.268269 
    17600.0000  -0.630671   0.359906  -0.270766 
    17700.0000  -0.630534   0.358019  -0.272515 
    17800.0000  -0.622614   0.365551  -0.257063 
    17900.0000  -0.610210   0.361052  -0.249158 
    18000.0000  -0.600123   0.366585  -0.233538 
    18100.0000  -0.591982   0.354703  -0.237280 
    18200.0000  -0.597029   0.373104  -0.223925 
    18300.0000  -0.611058   0.373879  -0.237179 
    18400.0000  -0.595855   0.373914  -0.221941 
    18500.0000  -0.573684   0.362954  -0.210730 
    18600.0000  -0.585151   0.359109  -0.226042 
    18700.0000  -0.596624   0.369871  -0.226753 
    18800.0000  -0.608615   0.356156  -0.252459 
    18900.0000  -0.609086   0.367255  -0.241832 
    19000.0000  -0.609861   0.360833  -0.249028 
    19100.0000  -0.597070   0.360240  -0.236830 
    19200.0000  -0.607596   0.359764  -0.247832 
    19300.0000  -0.608144   0.372042  -0.236102 
    19400.0000  -0.591918   0.359057  -0.232861 
    19500.0000  -0.593555   0.363921  -0.229635 
    19600.0000  -0.607711   0.359595  -0.248116 
    19700.0000  -0.610860   0.363963  -0.246897 
    19800.0000  -0.612963   0.366555  -0.246409 
    19900.0000  -0.597104   0.354263  -0.242841 
    20000.0000  -0.606303   0.373230  -0.233072 
    20100.0000  -0.591221   0.364755  -0.226466 
    20200.0000  -0.607061   0.362131  -0.244930 
    20300.0000  -0.620974   0.360713  -0.260260 
    20400.0000  -0.645247   0.369433  -0.275814 
    20500.0000  -0.646369   0.362295  -0.284074 
    20600.0000  -0.640611   0.358091  -0.282520 
    20700.0000  -0.635327   0.370269  -0.265057 
    20800.0000  -0.635420   0.358790  -0.276630 
    20900.0000  -0.648264   0.357657  -0.290607 
    21000.0000  -0.639251   0.352883  -0.286368 
    21100.0000  -0.647874   0.366737  -0.281137 
    21200.0000  -0.652988   0.357365  -0.295624 
    21300.0000  -0.656942   0.365281  -0.291661 
    21400.0000  -0.670034   0.366587  -0.303447 
    21500.0000  -0.663585   0.366609  -0.296977 
    21600.0000  -0.651046   0.367849  -0.283198 
    21700.0000  -0.648855   0.358911  -0.289944 
    21800.0000  -0.651257   0.366173  -0.285084 
    21900.0000  -0.654416   0.372046  -0.282370 
    22000.0000  -0.648995   0.369079  -0.279916 
    22100.0000  -0.646749   0.356927  -0.289822 
    22200.0000  -0.639325   0.360217  -0.279109 
    22300.0000  -0.639843   0.364497  -0.275346 
    22400.0000  -0.639496   0.358493  -0.281004 
    22500.0000  -0.647788   0.366074  -0.281713 
    22600.0000  -0.634773   0.360433  -0.274340 
    22700.0000  -0.645757   0.357766  -0.287991 
    22800.0000  -0.641097   0.361564  -0.279533 
    22900.0000  -0.648955   0.362375  -0.286580 
    23000.0000  -0.662443   0.359980  -0.302463 
    23100.0000  -0.647755   0.371751  -0.276003 
    23200.0000  -0.649378   0.364798  -0.284580 
    23300.0000  -0.663547   0.366834  -0.296713 
    23400.0000  -0.649498   0.366547  -0.282951 
    23500.0000  -0.644139   0.360612  -0.283528 
    23600.0000  -0.649056   0.359071  -0.289986 
    23700.0000  -0.640634   0.358447  -0.282188 
    23800.0000  -0.648513   0.361199  -0.287315 
    23900.0000  -0.654509   0.362660  -0.291849 
    24000.0000  -0.636253   0.358952  -0.277301 
    24100.0000  -0.634826   0.361195  -0.273632 
    24200.0000  -0.640020   0.366524  -0.273496 
    24300.0000  -0.645760   0.359349  -0.286412 
    24400.0000  -0.656206   0.365064  -0.291142 
    24500.0000  -0.657843   0.363795  -0.294048 
    24600.0000  -0.664785   0.364613  -0.300171 
    24700.0000  -0.653161   0.364541  -0.288620 
    24800.0000  -0.644079   0.357303  -0.286776 
    24900.0000  -0.644364   0.363608  -0.280756 
    25000.0000  -0.647623   0.365826  -0.281797 
    25100.0000  -0.650147   0.360923  -0.289225 
    25200.0000  -0.662121   0.361936  -0.300185 
    25300.0000  -0.668172   0.364900  -0.303272 
    25400.0000  -0.672605   0.362371  -0.310234 
    25500.0000  -0.658621   0.363368  -0.295253 
    25600.0000  -0.652226   0.366412  -0.285814 
    25700.0000  -0.674400   0.368790  -0.305610 
    25800.0000  -0.669081   0.362217  -0.306863 
    25900.0000  -0.683217   0.367106  -0.316111 
    26000.0000  -0.671802   0.369683  -0.302119 
    26100.0000  -0.651174   0.358849  -0.292326 
    26200.0000  -0.639369   0.361476  -0.277893 
    26300.0000  -0.642613   0.365664  -0.276949 
    26400.0000  -0.632201   0.355013  -0.277188 
    26500.0000  -0.632595   0.355001  -0.277594 
    26600.0000  -0.628499   0.367743  -0.260756 
    26700.0000  -0.610994   0.361967  -0.249027 
    26800.0000  -0.614761   0.367970  -0.246791 
    26900.0000  -0.629065   0.359589  -0.269476 
    27000.0000  -0.632345   0.356836  -0.275509 
    27100.0000  -0.640164   0.352294  -0.287870 
    27200.0000  -0.641906   0.361973  -0.279933 
    27300.0000  -0.647734   0.368204  -0.279530 
    27400.0000  -0.651065   0.356633  -0.294432 
    27500.0000  -0.647933   0.365619  -0.282314 
    27600.0000  -0.651174   0.365352  -0.285822 
    27700.0000  -0.655183   0.359530  -0.295653 
    27800.0000  -0.672752   0.357208  -0.315545 
    27900.0000  -0.657353   0.367037  -0.290317 
    28000.0000  -0.665249   0.365675  -0.299575 
    28100.0000  -0.665041   0.366538  -0.298503 
    28200.0000  -0.653900   0.353201  -0.300700 
    28300.0000  -0.649583   0.366441  -0.283142 
    28400.0000  -0.646457   0.362524  -0.283932 
    28500.0000  -0.646525   0.362432  -0.284093 
    28600.0000  -0.650258   0.356548  -0.293711 
    28700.0000  -0.656366   0.358240  -0.298126 
    28800.0000  -0.649604   0.372072  -0.277532 
    28900.0000  -0.669436   0.359556  -0.309880 
    29000.0000  -0.677662   0.360885  -0.316777 
    29100.0000  -0.681664   0.358351  -0.323312 
    29200.0000  -0.693192   0.365205  -0.327988 
    29300.0000  -0.686914   0.361289  -0.325626 
    29400.0000  -0.687503   0.360511  -0.326992 
    29500.0000  -0.706124   0.366674  -0.339450 
    29600.0000  -0.713095   0.366728  -0.346367 
    29700.0000  -0.712793   0.360651  -0.352142 
    29800.0000  -0.707597   0.370452  -0.337145 
    29900.0000  -0.690996   0.365045  -0.325952 
    30000.0000  -0.692301   0.362330  -0.329970 
    30100.0000  -0.695448   0.368281  -0.327167 
    30200.0000  -0.707126   0.359360  -0.347767 
    30300.0000  -0.700830   0.368783  -0.332046 
    30400.0000  -0.713970   0.369163  -0.344807 
    30500.0000  -0.717914   0.364312  -0.353602 
    30600.0000  -0.711523   0.367698  -0.343824 
    30700.0000  -0.689880   0.365874  -0.324006 
    30800.0000  -0.674693   0.358353  -0.316341 
    30900.0000  -0.692478   0.360196  -0.332282 
    31000.0000  -0.694328   0.365014  -0.329315 
    31100.0000  -0.696675   0.359913  -0.336763 
    31200.0000  -0.697410   0.363970  -0.333441 
    31300.0000  -0.704321   0.361787  -0.342534 
    31400.0000  -0.716793   0.360184  -0.356609 
    31500.0000  -0.732939   0.360388  -0.372552 
    31600.0000  -0.723429   0.356711  -0.366718 
    31700.0000  -0.722702   0.364428  -0.358274 
    31800.0000  -0.714372   0.365389  -0.348984 
    31900.0000  -0.716544   0.368043  -0.348501 
    32000.0000  -0.722693   0.371442  -0.351251 
    32100.0000  -0.712749   0.367355  -0.345395 
    32200.0000  -0.717606   0.360951  -0.356656 
    32300.0000  -0.718211   0.378517  -0.339694 
    32400.0000  -0.720184   0.366214  -0.353970 
    32500.0000  -0.718540   0.357170  -0.361370 
    32600.0000  -0.718732   0.348582  -0.370151 
    32700.0000  -0.728565   0.361343  -0.367222 
    32800.0000  -0.725894   0.355957  -0.369937 
    32900.0000  -0.721853   0.355948  -0.365904 
    33000.0000  -0.729014   0.362350  -0.366663 
    33100.0000  -0.722920   0.365292  -0.357628 
    33200.0000  -0.722226   0.369923  -0.352304 
    33300.0000  -0.707787   0.361899  -0.345888 
    33400.0000  -0.720755   0.354311  -0.366444 
    33500.0000  -0.719556   0.365257  -0.354299 
    33600.0000  -0.713412   0.363423  -0.349989 
    33700.0000  -0.725169   0.362053  -0.363116 
    33800.0000  -0.734849   0.369970  -0.364878 
    33900.0000  -0.723798   0.365185  -0.358613 
    34000.0000  -0.719177   0.359705  -0.359473 
    34100.0000  -0.727183   0.365029  -0.362154 
    34200.0000  -0.725344   0.367971  -0.357373 
    34300.0000  -0.725807   0.359289  -0.366517 
    34400.0000  -0.731860   0.359878  -0.371981 
    34500.0000  -0.735854   0.373548  -0.362306 
    34600.0000  -0.746523   0.362330  -0.384193 
    34700.0000  -0.744010   0.362050  -0.381961 
    34800.0000  -0.751476   0.370645  -0.380831 
    34900.0000  -0.744521   0.368373  -0.376148 
    35000.0000  -0.745661   0.371993  -0.373669 
    35100.0000  -0.746030   0.360838  -0.385192 
    35200.0000  -0.738490   0.359139  -0.379351 
    35300.0000  -0.748273   0.358561  -0.389712 
    35400.0000  -0.741286   0.363378  -0.377908 
    35500.0000  -0.731855   0.370335  -0.361520 
    35600.0000  -0.726131   0.361102  -0.365029 
    35700.0000  -0.736798   0.362540  -0.374258 
    35800.0000  -0.739602   0.364010  -0.375592 
    35900.0000  -0.742068   0.359893  -0.382175 
    36000.0000  -0.745200   0.365912  -0.379288 
    36100.0000  -0.748397   0.354059  -0.394338 
    36200.0000  -0.738402   0.356427  -0.381975 
    36300.0000  -0.752961   0.367097  -0.385864 
    36400.0000  -0.759572   0.358232  -0.401340 
    36500.0000  -0.751926   0.371266  -0.380660 
    36600.0000  -0.750676   0.365965  -0.384711 
    36700.0000  -0.747612   0.362077  -0.385535 
    36800.0000  -0.751888   0.366056  -0.385832 
    36900.0000  -0.756899   0.358817  -0.398082 
    37000.0000  -0.757763   0.362366  -0.395397 
    37100.0000  -0.765816   0.366367  -0.399449 
    37200.0000  -0.761863   0.359093  -0.402770 
    37300.0000  -0.751813   0.365301  -0.386512 
    37400.0000  -0.742799   0.356973  -0.385826 
    37500.0000  -0.747352   0.363249  -0.384104 
    37600.0000  -0.747515   0.359952  -0.387563 
    37700.0000  -0.749779   0.368921  -0.380858 
    37800.0000  -0.753622   0.367697  -0.385925 
    37900.0000  -0.774328   0.367944  -0.406384 
    38000.0000  -0.773522   0.360925  -0.412598 
    38100.0000  -0.780118   0.360633  -0.419485 
    38200.0000  -0.773807   0.366781  -0.407026 
    38300.0000  -0.776903   0.365485  -0.411418 
    38400.0000  -0.776904   0.365764  -0.411139 
    38500.0000  -0.779999   0.356374  -0.423624 
    38600.0000  -0.777612   0.366075  -0.411537 
    38700.0000  -0.787972   0.359361  -0.428611 
    38800.0000  -0.794709   0.366660  -0.428049 
    38900.0000  -0.803697   0.354436  -0.449261 
    39000.0000  -0.809575   0.358724  -0.450850 
    39100.0000  -0.805011   0.368873  -0.436138 
    39200.0000  -0.816883   0.356482  -0.460401 
    39300.0000  -0.820189   0.366045  -0.454144 
    39400.0000  -0.809681   0.372441  -0.437241 
    39500.0000  -0.794257   0.357091  -0.437166 
    39600.0000  -0.817102   0.365106  -0.451996 
    39700.0000  -0.805657   0.370578  -0.435079 
    39800.0000  -0.814005   0.366139  -0.447867 
    39900.0000  -0.818708   0.365010  -0.453699 
    40000.0000  -0.811695   0.362798  -0.448898 
    40100.0000  -0.813751   0.357540  -0.456211 
    40200.0000  -0.820835   0.365050  -0.455785 
    40300.0000  -0.824149   0.360953  -0.463196 
    40400.0000  -0.822362   0.363348  -0.459014 
    40500.0000  -0.818280   0.359316  -0.458964 
    40600.0000  -0.820530   0.367232  -0.453298 
    40700.0000  -0.828659   0.364349  -0.464310 
    40800.0000  -0.840447   0.363389  -0.477058 
    40900.0000  -0.839081   0.361583  -0.477498 
    41000.0000  -0.845584   0.363747  -0.481838 
    41100.0000  -0.856743   0.368657  -0.488086 
    41200.0000  -0.854717   0.361095  -0.493622 
    41300.0000  -0.859250   0.359767  -0.499482 
    41400.0000  -0.863162   0.363157  -0.500005 
    41500.0000  -0.861637   0.368541  -0.493096 
    41600.0000  -0.853916   0.365694  -0.488222 
    41700.0000  -0.848156   0.358690  -0.489466 
    41800.0000  -0.836738   0.364292  -0.472446 
    41900.0000  -0.854058   0.368593  -0.485466 
    42000.0000  -0.853322   0.368496  -0.484826 
    42100.0000  -0.851952   0.365349  -0.486602 
    42200.0000  -0.841860   0.362153  -0.479708 
    42300.0000  -0.851575   0.362837  -0.488738 
    42400.0000  -0.846321   0.363425  -0.482895 
    42500.0000  -0.845426   0.359882  -0.485544 
    42600.0000  -0.843596   0.367475  -0.476121 
    42700.0000  -0.840056   0.359534  -0.480522 
    42800.0000  -0.851920   0.366004  -0.485915 
    42900.0000  -0.859049   0.355471  -0.503578 
    43000.0000  -0.858345   0.366529  -0.491816 
    43100.0000  -0.867937   0.365923  -0.502014 
    43200.0000  -0.867314   0.355920  -0.511394 
    43300.0000  -0.876350   0.363308  -0.513042 
    43400.0000  -0.866277   0.359524  -0.506753 
    43500.0000  -0.885745   0.364123  -0.521622 
    43600.0000  -0.879439   0.362536  -0.516903 
    43700.0000  -0.887708   0.355891  -0.531818 
    43800.0000  -0.897424   0.362219  -0.535205 
    43900.0000  -0.892270   0.360553  -0.531717 
    44000.0000  -0.888369   0.363090  -0.525279 
    44100.0000  -0.893762   0.356369  -0.537393 
    44200.0000  -0.901131   0.363571  -0.537560 
    44300.0000  -0.898234   0.360219  -0.538015 
    44400.0000  -0.899517   0.369437  -0.530079 
    44500.0000  -0.901112   0.361379  -0.539733 
    44600.0000  -0.903308   0.363810  -0.539498 
    44700.0000  -0.900420   0.371241  -0.529179 
    44800.0000  -0.897231   0.358426  -0.538805 
    44900.0000  -0.884888   0.356940  -0.527948 
    45000.0000  -0.890464   0.360965  -0.529499 
    45100.0000  -0.891614   0.367341  -0.524273 
    45200.0000  -0.907685   0.361364  -0.546321 
    45300.0000  -0.904630   0.355670  -0.548960 
    45400.0000  -0.906995   0.366114  -0.540881 
    45500.0000  -0.912585   0.360192  -0.552393 
    45600.0000  -0.928268   0.357174  -0.571093 
    45700.0000  -0.931404   0.367873  -0.563530 
    45800.0000  -0.940462   0.362275  -0.578187 
    45900.0000  -0.926846   0.367965  -0.558880 
    46000.0000  -0.936129   0.370338  -0.565791 
    46100.0000  -0.933698   0.362383  -0.571316 
    46200.0000  -0.927776   0.358431  -0.569346 
    46300.0000  -0.927184   0.356596  -0.570588 
    46400.0000  -0.936650   0.357357  -0.579293 
    46500.0000  -0.948166   0.364613  -0.583553 
    46600.0000  -0.954923   0.367954  -0.586969 
    46700.0000  -0.956821   0.373252  -0.583569 
    46800.0000  -0.973374   0.360573  -0.612801 
    46900.0000  -0.986174   0.367784  -0.618390 
    47000.0000  -0.976744   0.366651  -0.610093 
    47100.0000  -0.985109   0.367634  -0.617476 
    47200.0000  -0.988970   0.357595  -0.631375 
    47300.0000  -0.994889   0.364741  -0.630148 
    47400.0000  -0.991610   0.361134  -0.630477 
    47500.0000  -1.009317   0.364377  -0.644940 
    47600.0000  -1.007042   0.357209  -0.649833 
    47700.0000  -1.012983   0.353616  -0.659367 
    47800.0000  -1.013906   0.363734  -0.650172 
    47900.0000  -1.009357   0.364589  -0.644768 
    48000.0000  -1.019022   0.363406  -0.655615 
    48100.0000  -1.017296   0.368839  -0.648457 
    48200.0000  -1.017739   0.362537  -0.655202 
    48300.0000  -1.019147   0.357773  -0.661373 
    48400.0000  -1.027492   0.361478  -0.666014 
    48500.0000  -1.031669   0.370681  -0.660988 
    48600.0000  -1.023601   0.361071  -0.662529 
    48700.0000  -1.019926   0.355277  -0.664649 
    48800.0000  -1.008676   0.365085  -0.643591 
    48900.0000  -1.008432   0.361513  -0.646918 
    49000.0000  -1.008513   0.356603  -0.651910 
    49100.0000  -1.014085   0.356225  -0.657860 
    49200.0000  -1.008392   0.363639  -0.644754 
    49300.0000  -1.009719   0.363078  -0.646642 
    49400.0000  -1.010465   0.366181  -0.644284 
    49500.0000  -1.015212   0.369332  -0.645880 
    49600.0000  -1.004847   0.372468  -0.632379 
    49700.0000  -1.006411   0.368347  -0.638064 
    49800.0000  -1.017908   0.359762  -0.658147 
    49900.0000  -1.004347   0.354350  -0.649997 
    50000.0000  -1.010335   0.363493  -0.646842 
    50100.0000  -1.009806   0.361281  -0.648525 
    50200.0000  -1.008258   0.366111  -0.642148 
    50300.0000  -1.017729   0.363089  -0.654640 
    50400.0000  -1.023489   0.367434  -0.656054 
    50500.0000  -1.026032   0.368231  -0.657802 
    50600.0000  -1.031716   0.358565  -0.673151 
    50700.0000  -1.025924   0.366417  -0.659507 
    50800.0000  -1.041464   0.363172  -0.678293 
    50900.0000  -1.039192   0.364798  -0.674393 
    51000.0000  -1.053779   0.358526  -0.695253 
    51100.0000  -1.052599   0.369885  -0.682714 
    51200.0000  -1.054007   0.359810  -0.694198 
    51300.0000  -1.061965   0.355147  -0.706818 
    51400.0000  -1.078142   0.362942  -0.715200 
    51500.0000  -1.086703   0.354710  -0.731993 
    51600.0000  -1.091645   0.358157  -0.733488 
    51700.0000  -1.089972   0.357386  -0.732586 
    51800.0000  -1.105291   0.362707  -0.742585 
    51900.0000  -1.119103   0.363972  -0.755132 
    52000.0000  -1.118636   0.360812  -0.757824 
    52100.0000  -1.122213   0.366451  -0.755762 
    52200.0000  -1.122622   0.366746  -0.755876 
    52300.0000  -1.143454   0.357704  -0.785750 
    52400.0000  -1.145001   0.360760  -0.784241 
    52500.0000  -1.139891   0.361384  -0.778506 
    52600.0000  -1.135911   0.363811  -0.772101 
    52700.0000  -1.138519   0.365359  -0.773160 
    52800.0000  -1.139497   0.362569  -0.776928 
    52900.0000  -1.133894   0.361518  -0.772375 
    53000.0000  -1.137416   0.362317  -0.775100 
    53100.0000  -1.151603   0.358382  -0.793221 
    53200.0000  -1.140941   0.369926  -0.771015 
    53300.0000  -1.158312   0.367651  -0.790661 
    53400.0000  -1.181412   0.365259  -0.816154 
    53500.0000  -1.173127   0.366123  -0.807004 
    53600.0000  -1.174616   0.365482  -0.809134 
    53700.0000  -1.183949   0.375199  -0.808749 
    53800.0000  -1.182423   0.365059  -0.817365 
    53900.0000  -1.181499   0.360262  -0.821237 
    54000.0000  -1.179142   0.369770  -0.809373 
    54100.0000  -1.167502   0.363137  -0.804365 
    54200.0000  -1.179709   0.366477  -0.813232 
    54300.0000  -1.181536   0.364619  -0.816917 
    54400.0000  -1.181984   0.362944  -0.819040 
    54500.0000  -1.189672   0.356262  -0.833410 
    54600.0000  -1.191719   0.363808  -0.827911 
    54700.0000  -1.190737   0.366502  -0.824235 
    54800.0000  -1.193376   0.360692  -0.832684 
    54900.0000  -1.186356   0.362686  -0.823670 
    55000.0000  -1.198639   0.371155  -0.827484 
    55100.0000  -1.205506   0.362401  -0.843104 
    55200.0000  -1.219691   0.364787  -0.854904 
    55300.0000  -1.218236   0.363303  -0.854933 
    55400.0000  -1.221389   0.361967  -0.859422 
    55500.0000  -1.222899   0.359498  -0.863401 
    55600.0000  -1.221819   0.364344  -0.857475 
    55700.0000  -1.235104   0.355511  -0.879593 
    55800.0000  -1.253904   0.360304  -0.893600 
    55900.0000  -1.252360   0.364299  -0.888060 
    56000.0000  -1.249851   0.357286  -0.892565 
    56100.0000  -1.252458   0.364130  -0.888328 
    56200.0000  -1.262244   0.364720  -0.897525 
    56300.0000  -1.258812   0.353684  -0.905128 
    56400.0000  -1.277060   0.360485  -0.916575 
    56500.0000  -1.271962   0.355652  -0.916310 
    56600.0000  -1.268558   0.364467  -0.904091 
    56700.0000  -1.269899   0.359514  -0.910385 
    56800.0000  -1.276852   0.362656  -0.914196 
    56900.0000  -1.271953   0.361001  -0.910952 
    57000.0000  -1.281068   0.363782  -0.917286 
    57100.0000  -1.282396   0.358258  -0.924138 
    57200.0000  -1.290376   0.362683  -0.927693 
    57300.0000  -1.292342   0.361065  -0.931277 
    57400.0000  -1.291543   0.367347  -0.924196 
    57500.0000  -1.309428   0.363796  -0.945632 
    57600.0000  -1.301564   0.365275  -0.936289 
    57700.0000  -1.307192   0.360509  -0.946683 
    57800.0000  -1.314690   0.364174  -0.950517 
    57900.0000  -1.318937   0.361274  -0.957663 
    58000.0000  -1.322869   0.361952  -0.960918 
    58100.0000  -1.320536   0.365542  -0.954994 
    58200.0000  -1.331884   0.366633  -0.965251 
    58300.0000  -1.338397   0.360816  -0.977581 
    58400.0000  -1.338155   0.367505  -0.970649 
    58500.0000  -1.347081   0.360104  -0.986978 
    58600.0000  -1.335659   0.366515  -0.969143 
    58700.0000  -1.321982   0.355446  -0.966536 
    58800.0000  -1.333535   0.366122  -0.967413 
    58900.0000  -1.343874   0.367868  -0.976006 
    59000.0000  -1.342558   0.360326  -0.982232 
    59100.0000  -1.337132   0.360626  -0.976506 
    59200.0000  -1.339315   0.361074  -0.978241 
    59300.0000  -1.339361   0.358831  -0.980531 
    59400.0000  -1.342153   0.370339  -0.971815 
    59500.0000  -1.342006   0.371091  -0.970915 
    59600.0000  -1.342920   0.362762  -0.980159 
    59700.0000  -1.351230   0.350824  -1.000406 
    59800.0000  -1.348944   0.372902  -0.976041 
    59900.0000  -1.354684   0.368509  -0.986175 
    60000.0000  -1.371057   0.366897  -1.004159 
    60100.0000  -1.378066   0.357069  -1.020997 
    60200.0000  -1.381921   0.360105  -1.021816 
    60300.0000  -1.396165   0.359302  -1.036863 
    60400.0000  -1.389960   0.362972  -1.026988 
    60500.0000  -1.396777   0.363597  -1.033181 
    60600.0000  -1.402311   0.358998  -1.043314 
    60700.0000  -1.402646   0.362164  -1.040482 
    60800.0000  -1.418724   0.362268  -1.056456 
    60900.0000  -1.416292   0.363058  -1.053233 
    61000.0000  -1.404719   0.369302  -1.035417 
    61100.0000  -1.414534   0.357690  -1.056844 
    61200.0000  -1.425463   0.368651  -1.056812 
    61300.0000  -1.422611   0.356556  -1.066055 
    61400.0000  -1.424025   0.360065  -1.063960 
    61500.0000  -1.427499   0.364565  -1.062935 
    61600.0000  -1.437371   0.371782  -1.065589 
    61700.0000  -1.449053   0.357885  -1.091168 
    61800.0000  -1.462680   0.364589  -1.098091 
    61900.0000  -1.459763   0.361197  -1.098566 
    62000.0000  -1.454382   0.367168  -1.087214 
    62100.0000  -1.461142   0.365815  -1.095327 
    62200.0000  -1.452757   0.364993  -1.087764 
    62300.0000  -1.448864   0.363519  -1.085345 
    62400.0000  -1.470734   0.365418  -1.105316 
    62500.0000  -1.482008   0.367050  -1.114958 
    62600.0000  -1.487848   0.365075  -1.122773 
    62700.0000  -1.495063   0.372664  -1.122399 
    62800.0000  -1.507487   0.364815  -1.142672 
    62900.0000  -1.506857   0.357804  -1.149052 
    63000.0000  -1.502898   0.365895  -1.137003 
    63100.0000  -1.504702   0.360005  -1.144697 
    63200.0000  -1.504470   0.358456  -1.146014 
    63300.0000  -1.503772   0.347423  -1.156349 
    63400.0000  -1.497528   0.363906  -1.133623 
    63500.0000  -1.507086   0.367445  -1.139641 
    63600.0000  -1.501953   0.362218  -1.139735 
    63700.0000  -1.516405   0.364483  -1.151923 
    63800.0000  -1.518526   0.362931  -1.155595 
    63900.0000  -1.530263   0.375965  -1.154298 
    64000.0000  -1.540584   0.358514  -1.182070 
    64100.0000  -1.544284   0.365788  -1.178497 
    64200.0000  -1.540517   0.358619  -1.181898 
    64300.0000  -1.551536   0.373736  -1.177801 
    64400.0000  -1.542980   0.365343  -1.177637 
    64500.0000  -1.542345   0.361704  -1.180642 
    64600.0000  -1.552175   0.358666  -1.193509 
    64700.0000  -1.544999   0.370695  -1.174304 
    64800.0000  -1.549610   0.360281  -1.189329 
    64900.0000  -1.552524   0.363464  -1.189060 
    65000.0000  -1.541070   0.362396  -1.178674 
    65100.0000  -1.557809   0.356474  -1.201334 
    65200.0000  -1.562561   0.360898  -1.201662 
    65300.0000  -1.570451   0.357110  -1.213342 
    65400.0000  -1.568555   0.366910  -1.201645 
    65500.0000  -1.563767   0.360606  -1.203161 
    65600.0000  -1.575316   0.359546  -1.215770 
    65700.0000  -1.584627   0.362227  -1.222400 
    65800.0000  -1.581792   0.360835  -1.220957 
    65900.0000  -1.585954   0.359196  -1.226759 
    66000.0000  -1.593323   0.356773  -1.236549 
    66100.0000  -1.596342   0.370400  -1.225942 
    66200.0000  -1.600386   0.364966  -1.235420 
    66300.0000  -1.600216   0.365925  -1.234291 
    66400.0000  -1.614847   0.359028  -1.255819 
    66500.0000  -1.614756   0.354530  -1.260226 
    66600.0000  -1.612690   0.362980  -1.249710 
    66700.0000  -1.611969   0.361106  -1.250863 
    66800.0000  -1.627253   0.365223  -1.262030 
    66900.0000  -1.631558   0.364914  -1.266644 
    67000.0000  -1.632662   0.355832  -1.276830 
    67100.0000  -1.645187   0.362196  -1.282991 
    67200.0000  -1.647598   0.361992  -1.285606 
    67300.0000  -1.646276   0.365850  -1.280425 
    67400.0000  -1.646758   0.360218  -1.286539 
    67500.0000  -1.649264   0.364984  -1.284281 
    67600.0000  -1.647030   0.362829  -1.284201 
    67700.0000  -1.656684   0.372015  -1.284669 
    67800.0000  -1.670425   0.370936  -1.299489 
    67900.0000  -1.668302   0.364286  -1.304015 
    68000.0000  -1.672287   0.354359  -1.317928 
    68100.0000  -1.668845   0.362608  -1.306238 
    68200.0000  -1.668916   0.361762  -1.307154 
    68300.0000  -1.676413   0.357020  -1.319392 
    68400.0000  -1.671887   0.359556  -1.312331 
    68500.0000  -1.672863   0.365431  -1.307432 
    68600.0000  -1.682655   0.362478  -1.320177 
    68700.0000  -1.673341   0.361728  -1.311613 
    68800.0000  -1.681563   0.354457  -1.327106 
    68900.0000  -1.681192   0.358850  -1.322341 
    69000.0000  -1.683587   0.364574  -1.319013 
    69100.0000  -1.692955   0.364414  -1.328541 
    69200.0000  -1.689284   0.358293  -1.330991 
    69300.0000  -1.684510   0.364281  -1.320230 
    69400.0000  -1.685032   0.364812  -1.320220 
    69500.0000  -1.694398   0.364626  -1.329772 
    69600.0000  -1.693953   0.369012  -1.324941 
    69700.0000  -1.695623   0.363726  -1.331897 
    69800.0000  -1.695329   0.367644  -1.327685 
    69900.0000  -1.695866   0.363996  -1.331870 
    70000.0000  -1.699340   0.368679  -1.330660 
    70100.0000  -1.705735   0.348261  -1.357474 
    70200.0000  -1.703630   0.369892  -1.333738 
    70300.0000  -1.698001   0.366485  -1.331516 
    70400.0000  -1.704217   0.365841  -1.338377 
    70500.0000  -1.713279   0.361442  -1.351837 
    70600.0000  -1.714437   0.363542  -1.350895 
    70700.0000  -1.736131   0.358370  -1.377761 
    70800.0000  -1.741077   0.366014  -1.375063 
    70900.0000  -1.747133   0.357252  -1.389881 
    71000.0000  -1.742885   0.356181  -1.386704 
    71100.0000  -1.743365   0.368800  -1.374565 
    71200.0000  -1.742460   0.355987  -1.386472 
    71300.0000  -1.741974   0.358074  -1.383900 
    71400.0000  -1.739695   0.364038  -1.375657 
    71500.0000  -1.738160   0.364632  -1.373528 
    71600.0000  -1.742488   0.350750  -1.391737 
    71700.0000  -1.745049   0.366868  -1.378181 
    71800.0000  -1.751460   0.359423  -1.392037 
    71900.0000  -1.761358   0.359981  -1.401376 
    72000.0000  -1.772032   0.353068  -1.418964 
    72100.0000  -1.770458   0.357707  -1.412751 
    72200.0000  -1.773402   0.359642  -1.413760 
    72300.0000  -1.780430   0.366415  -1.414015 
    72400.0000  -1.776039   0.368340  -1.407699 
    72500.0000  -1.772466   0.359773  -1.412693 
    72600.0000  -1.781461   0.354751  -1.426710 
    72700.0000  -1.781008   0.359248  -1.421759 
    72800.0000  -1.778190   0.367354  -1.410836 
    72900.0000  -1.780097   0.358488  -1.421609 
    73000.0000  -1.790797   0.360940  -1.429857 
    73100.0000  -1.792836   0.359987  -1.432849 
    73200.0000  -1.783172   0.361551  -1.421622 
    73300.0000  -1.793968   0.366790  -1.427178 
    73400.0000  -1.787314   0.349870  -1.437444 
    73500.0000  -1.795058   0.361792  -1.433266 
    73600.0000  -1.802581   0.354417  -1.448164 
    73700.0000  -1.792424   0.364242  -1.428183 
    73800.0000  -1.809629   0.357066  -1.452563 
    73900.0000  -1.803734   0.366491  -1.437243 
    74000.0000  -1.812951   0.360931  -1.452020 
    74100.0000  -1.803777   0.366094  -1.437683 
    74200.0000  -1.817447   0.366378  -1.451069 
    74300.0000  -1.799530   0.354353  -1.445177 
    74400.0000  -1.803821   0.359000  -1.444820 
    74500.0000  -1.813323   0.361144  -1.452179 
    74600.0000  -1.817129   0.367530  -1.449599 
    74700.0000  -1.816164   0.367238  -1.448926 
    74800.0000  -1.819592   0.355378  -1.464214 
    74900.0000  -1.822439   0.363646  -1.458793 
    75000.0000  -1.820071   0.361041  -1.459031 
    75100.0000  -1.822341   0.358675  -1.463666 
    75200.0000  -1.823800   0.353483  -1.470317 
    75300.0000  -1.824925   0.366116  -1.458809 
    75400.0000  -1.836806   0.360253  -1.476553 
    75500.0000  -1.821376   0.361175  -1.460201 
    75600.0000  -1.834711   0.367875  -1.466835 
    75700.0000  -1.831739   0.372239  -1.459500 
    75800.0000  -1.840223   0.362653  -1.477571 
    75900.0000  -1.847376   0.365910  -1.481466 
    76000.0000  -1.842427   0.360813  -1.481614 
    76100.0000  -1.853961   0.361886  -1.492075 
    76200.0000  -1.845122   0.367647  -1.477475 
    76300.0000  -1.851226   0.370795  -1.480431 
    76400.0000  -1.848851   0.367073  -1.481778 
    76500.0000  -1.847600   0.360931  -1.486669 
    76600.0000  -1.851536   0.366053  -1.485484 
    76700.0000  -1.859361   0.365104  -1.494257 
    76800.0000  -1.855737   0.365353  -1.490384 
    76900.0000  -1.863163   0.358026  -1.505136 
    77000.0000  -1.871436   0.371853  -1.499584 
    77100.0000  -1.872237   0.363745  -1.508492 
    77200.0000  -1.870017   0.367938  -1.502079 
    77300.0000  -1.874060   0.372791  -1.501269 
    77400.0000  -1.885004   0.365180  -1.519825 
    77500.0000  -1.883618   0.361036  -1.522582 
    77600.0000  -1.875791   0.369988  -1.505803 
    77700.0000  -1.881298   0.361925  -1.519373 
    77800.0000  -1.890168   0.370810  -1.519358 
    77900.0000  -1.886349   0.363037  -1.523312 
    78000.0000  -1.901619   0.360470  -1.541149 
    78100.0000  -1.901507   0.362147  -1.539360 
    78200.0000  -1.909316   0.363392  -1.545924 
    78300.0000  -1.900026   0.363401  -1.536625 
    78400.0000  -1.915865   0.360043  -1.555822 
    78500.0000  -1.916559   0.360677  -1.555881 
    78600.0000  -1.917556   0.363401  -1.554156 
    78700.0000  -1.918813   0.362806  -1.556006 
    78800.0000  -1.918540   0.364340  -1.554200 
    78900.0000  -1.919530   0.364349  -1.555181 
    79000.0000  -1.918606   0.354262  -1.564344 
    79100.0000  -1.923534   0.365873  -1.557661 
    79200.0000  -1.929863   0.364902  -1.564961 
    79300.0000  -1.930237   0.362406  -1.567831 
    79400.0000  -1.931458   0.365596  -1.565862 
    79500.0000  -1.943099   0.366584  -1.576515 
    79600.0000  -1.944413   0.363147  -1.581267 
    79700.0000  -1.953037   0.360267  -1.592770 
    79800.0000  -1.958598   0.362975  -1.595623 
    79900.0000  -1.957479   0.359350  -1.598128 
    80000.0000  -1.964392   0.355543  -1.608849 
    80100.0000  -1.971190   0.372266  -1.598924 
    80200.0000  -1.976582   0.362822  -1.613761 
    80300.0000  -1.974178   0.358411  -1.615768 
    80400.0000  -1.977262   0.363710  -1.613553 
    80500.0000  -1.983782   0.364943  -1.618839 
    80600.0000  -1.987454   0.368150  -1.619303 
    80700.0000  -1.982125   0.365745  -1.616380 
    80800.0000  -1.992398   0.359075  -1.633323 
    80900.0000  -1.996549   0.356710  -1.639840 
    81000.0000  -1.990575   0.359020  -1.631555 
    81100.0000  -1.997698   0.364916  -1.632782 
    81200.0000  -1.998412   0.362936  -1.635476 
    81300.0000  -1.995620   0.364239  -1.631381 
    81400.0000  -1.995740   0.362059  -1.633681 
    81500.0000  -2.001477   0.366239  -1.635239 
    81600.0000  -1.997937   0.364390  -1.633547 
    81700.0000  -1.999234   0.362223  -1.637011 
    81800.0000  -1.994393   0.365153  -1.629241 
    81900.0000  -1.994182   0.363615  -1.630567 
    82000.0000  -2.000086   0.363216  -1.636870 
    82100.0000  -1.994773   0.360785  -1.633988 
    82200.0000  -2.002312   0.363391  -1.638921 
    82300.0000  -2.001683   0.372660  -1.629023 
    82400.0000  -2.006715   0.363966  -1.642748 
    82500.0000  -2.006464   0.367982  -1.638482 
    82600.0000  -2.008356   0.360331  -1.648025 
    82700.0000  -2.010451   0.361035  -1.649417 
    82800.0000  -2.008617   0.361076  -1.647541 
    82900.0000  -2.013979   0.364040  -1.649939 
    83000.0000  -2.018748   0.369793  -1.648955 
    83100.0000  -2.018044   0.363722  -1.654322 
    83200.0000  -2.011240   0.355106  -1.656134 
    83300.0000  -2.012077   0.360846  -1.651230 
    83400.0000  -2.025477   0.359149  -1.666328 
    83500.0000  -2.025404   0.372745  -1.652659 
    83600.0000  -2.030118   0.364999  -1.665118 
    83700.0000  -2.030095   0.358912  -1.671184 
    83800.0000  -2.025593   0.362324  -1.663269 
    83900.0000  -2.031423   0.361530  -1.669893 
    84000.0000  -2.029733   0.366123  -1.663611 
    84100.0000  -2.035433   0.364819  -1.670613 
    84200.0000  -2.041035   0.362757  -1.678278 
    84300.0000  -2.041296   0.355184  -1.686112 
    84400.0000  -2.040340   0.359011  -1.681329 
    84500.0000  -2.044222   0.360972  -1.683249 
    84600.0000  -2.045293   0.362846  -1.682447 
    84700.0000  -2.044615   0.365367  -1.679248 
    84800.0000  -2.044974   0.358252  -1.686722 
    84900.0000  -2.045884   0.364769  -1.681115 
    85000.0000  -2.056025   0.372548  -1.683477 
    85100.0000  -2.053207   0.367035  -1.686172 
    85200.0000  -2.062312   0.365931  -1.696381 
    85300.0000  -2.060621   0.360851  -1.699769 
    85400.0000  -2.057615   0.372745  -1.684870 
    85500.0000  -2.061864   0.361644  -1.700220 
    85600.0000  -2.067225   0.357796  -1.709429 
    85700.0000  -2.067872   0.363624  -1.704248 
    85800.0000  -2.056706   0.361734  -1.694972 
    85900.0000  -2.059002   0.361511  -1.697490 
    86000.0000  -2.061563   0.355370  -1.706193 
    86100.0000  -2.065064   0.365846  -1.699218 
    86200.0000  -2.069644   0.360772  -1.708872 
    86300.0000  -2.077043   0.366798  -1.710244 
    86400.0000  -2.074731   0.355438  -1.719293 
    86500.0000  -2.072677   0.369678  -1.702998 
    86600.0000  -2.069300   0.363431  -1.705869 
    86700.0000  -2.077947   0.361950  -1.715997 
    86800.0000  -2.078432   0.363813  -1.714619 
    86900.0000  -2.080004   0.356566  -1.723438 
    87000.0000  -2.072362   0.363311  -1.709050 
    87100.0000  -2.073766   0.358599  -1.715167 
    87200.0000  -2.086266   0.365117  -1.721149 
    87300.0000  -2.082382   0.370353  -1.712029 
    87400.0000  -2.077231   0.362028  -1.715204 
    87500.0000  -2.077529   0.356996  -1.720533 
    87600.0000  -2.074977   0.361043  -1.713934 
    87700.0000  -2.074307   0.362116  -1.712191 
    87800.0000  -2.071704   0.354468  -1.717236 
    87900.0000  -2.069121   0.365729  -1.703391 
    88000.0000  -2.075634   0.357058  -1.718576 
    88100.0000  -2.076103   0.358280  -1.717822 
    88200.0000  -2.078603   0.362348  -1.716254 
    88300.0000  -2.085462   0.359379  -1.726084 
    88400.0000  -2.081773   0.373277  -1.708495 
    88500.0000  -2.081355   0.372509  -1.708846 
    88600.0000  -2.081690   0.370743  -1.710948 
    88700.0000  -2.080687   0.365196  -1.715490 
    88800.0000  -2.088226   0.368730  -1.719496 
    88900.0000  -2.078348   0.368969  -1.709379 
    89000.0000  -2.077428   0.366303  -1.711125 
    89100.0000  -2.077863   0.367845  -1.710018 
    89200.0000  -2.077283   0.370888  -1.706395 
    89300.0000  -2.079269   0.361313  -1.717956 
    89400.0000  -2.082006   0.363397  -1.718609 
    89500.0000  -2.082083   0.369567  -1.712515 
    89600.0000  -2.081534   0.362345  -1.719188 
    89700.0000  -2.089185   0.371913  -1.717273 
    89800.0000  -2.091238   0.354235  -1.737003 
    89900.0000  -2.094201   0.356106  -1.738095 
    90000.0000  -2.103953   0.356819  -1.747134 
    90100.0000  -2.105324   0.364112  -1.741213 
    90200.0000  -2.106573   0.359944  -1.746629 
    90300.0000  -2.116056   0.358166  -1.757890 
    90400.0000  -2.114687   0.357523  -1.757164 
    90500.0000  -2.124934   0.361716  -1.763218 
    90600.0000  -2.126330   0.354709  -1.771621 
    90700.0000  -2.122166   0.362689  -1.759476 
    90800.0000  -2.125059   0.355659  -1.769401 
    90900.0000  -2.128065   0.361230  -1.766835 
    91000.0000  -2.141436   0.367915  -1.773521 
    91100.0000  -2.133114   0.363605  -1.769508 
    91200.0000  -2.136760   0.371032  -1.765728 
    91300.0000  -2.138178   0.364032  -1.774146 
    91400.0000  -2.134631   0.372278  -1.762352 
    91500.0000  -2.137377   0.363395  -1.773982 
    91600.0000  -2.133581   0.360294  -1.773287 
    91700.0000  -2.142847   0.362698  -1.780149 
    91800.0000  -2.144936   0.368061  -1.776875 
    91900.0000  -2.145703   0.360538  -1.785165 
    92000.0000  -2.142244   0.366291  -1.775953 
    92100.0000  -2.142191   0.363116  -1.779075 
    92200.0000  -2.147286   0.363733  -1.783553 
    92300.0000  -2.146996   0.356428  -1.790568 
    92400.0000  -2.148264   0.365749  -1.782515 
    92500.0000  -2.138586   0.364581  -1.774005 
    92600.0000  -2.141723   0.360456  -1.781268 
    92700.0000  -2.145743   0.365585  -1.780158 
    92800.0000  -2.146810   0.350467  -1.796343 
    92900.0000  -2.146805   0.356968  -1.789837 
    93000.0000  -2.152236   0.358631  -1.793605 
    93100.0000  -2.156377   0.353024  -1.803353 
    93200.0000  -2.159077   0.366777  -1.792301 
    93300.0000  -2.158534   0.361340  -1.797194 
    93400.0000  -2.158757   0.357200  -1.801557 
    93500.0000  -2.159779   0.353332  -1.806447 
    93600.0000  -2.169682   0.368221  -1.801460 
    93700.0000  -2.161043   0.364396  -1.796647 
    93800.0000  -2.160908   0.360907  -1.800002 
    93900.0000  -2.154814   0.360023  -1.794791 
    94000.0000  -2.164824   0.365364  -1.799460 
    94100.0000  -2.165356   0.365703  -1.799653 
    94200.0000  -2.158202   0.355101  -1.803101 
    94300.0000  -2.166598   0.357656  -1.808941 
    94400.0000  -2.168147   0.352314  -1.815833 
    94500.0000  -2.170296   0.364859  -1.805437 
    94600.0000  -2.170507   0.361810  -1.808697 
    94700.0000  -2.172749   0.366852  -1.805897 
    94800.0000  -2.179339   0.368338  -1.811001 
    94900.0000  -2.175919   0.359200  -1.816720 
    95000.0000  -2.180843   0.362053  -1.818790 
    95100.0000  -2.180076   0.362447  -1.817629 
    95200.0000  -2.184785   0.363783  -1.821002 
    95300.0000  -2.175755   0.357165  -1.818591 
    95400.0000  -2.181303   0.363420  -1.817883 
    95500.0000  -2.188345   0.362348  -1.825998 
    95600.0000  -2.191419   0.370159  -1.821260 
    95700.0000  -2.182817   0.366626  -1.816191 
    95800.0000  -2.188620   0.367133  -1.821487 
    95900.0000  -2.195165   0.361763  -1.833402 
    96000.0000  -2.194519   0.363212  -1.831308 
    96100.0000  -2.184602   0.361243  -1.823359 
    96200.0000  -2.186239   0.369891  -1.816348 
    96300.0000  -2.194532   0.365531  -1.829001 
    96400.0000  -2.193973   0.359758  -1.834214 
    96500.0000  -2.193890   0.366838  -1.827052 
    96600.0000  -2.194543   0.361243  -1.833300 
    96700.0000  -2.195001   0.361297  -1.833704 
    96800.0000  -2.200002   0.370259  -1.829743 
    96900.0000  -2.199514   0.367660  -1.831854 
    97000.0000  -2.203422   0.364157  -1.839265 
    97100.0000  -2.208022   0.361154  -1.846868 
    97200.0000  -2.209816   0.362757  -1.847060 
    97300.0000  -2.203051   0.358955  -1.844097 
    97400.0000  -2.205216   0.360160  -1.845056 
    97500.0000  -2.202500   0.362653  -1.839847 
    97600.0000  -2.206175   0.361569  -1.844605 
    97700.0000  -2.207851   0.360985  -1.846866 
    97800.0000  -2.208619   0.363868  -1.844751 
    97900.0000  -2.210633   0.357756  -1.852876 
    98000.0000  -2.219325   0.362994  -1.856331 
    98100.0000  -2.213405   0.363814  -1.849590 
    98200.0000  -2.216800   0.364422  -1.852378 
    98300.0000  -2.216833   0.358097  -1.858736 
    98400.0000  -2.213783   0.354406  -1.859377 
    98500.0000  -2.216218   0.359705  -1.856513 
    98600.0000  -2.217986   0.355432  -1.862554 
    98700.0000  -2.214392   0.361230  -1.853162 
    98800.0000  -2.216178   0.364625  -1.851553 
    98900.0000  -2.216546   0.363337  -1.853208 
    99000.0000  -2.215147   0.363229  -1.851918 
    99100.0000  -2.216470   0.361754  -1.854716 
    99200.0000  -2.222878   0.363590  -1.859288 
    99300.0000  -2.220917   0.369392  -1.851525 
    99400.0000  -2.215349   0.366582  -1.848767 
    99500.0000  -2.224011   0.355230  -1.868780 
    99600.0000  -2.223585   0.360201  -1.863384 
    99700.0000  -2.219809   0.360496  -1.859313 
    99800.0000  -2.222500   0.361605  -1.860895 
    99900.0000  -2.227225   0.358542  -1.868683 
   100000.0000  -2.223249   0.368363  -1.854886 
   100100.0000  -2.223257   0.363193  -1.860064 
   100200.0000  -2.230139   0.355847  -1.874292 
   100300.0000  -2.224936   0.370313  -1.854623 
   100400.0000  -2.227054   0.368566  -1.858488 
   100500.0000  -2.224253   0.361906  -1.862347 
   100600.0000  -2.233824   0.358197  -1.875627 
   100700.0000  -2.231381   0.360186  -1.871195 
   100800.0000  -2.236362   0.364576  -1.871787 
   100900.0000  -2.231959   0.370478  -1.861481 
   101000.0000  -2.232332   0.364866  -1.867466 
   101100.0000  -2.236186   0.356531  -1.879655 
   101200.0000  -2.236173   0.363465  -1.872708 
   101300.0000  -2.233491   0.363720  -1.869772 
   101400.0000  -2.235379   0.362236  -1.873143 
   101500.0000  -2.241284   0.356094  -1.885189 
   101600.0000  -2.235152   0.360595  -1.874556 
   101700.0000  -2.241773   0.367431  -1.874342 
   101800.0000  -2.248087   0.358505  -1.889582 
   101900.0000  -2.247545   0.362745  -1.884800 
   102000.0000  -2.245556   0.363956  -1.881600 
   102100.0000  -2.246319   0.366903  -1.879416 
   102200.0000  -2.251765   0.361250  -1.890516 
   102300.0000  -2.246743   0.364345  -1.882398 
   102400.0000  -2.248977   0.359574  -1.889402 
   102500.0000  -2.246044   0.364920  -1.881124 
   102600.0000  -2.251321   0.358757  -1.892564 
   102700.0000  -2.257922   0.364981  -1.892940 
   102800.0000  -2.257873   0.360527  -1.897346 
   102900.0000  -2.256123   0.363358  -1.892765 
   103000.0000  -2.260731   0.357664  -1.903067 
   103100.0000  -2.259014   0.364767  -1.894248 
   103200.0000  -2.258153   0.369163  -1.888990 
   103300.0000  -2.257936   0.361177  -1.896759 
   103400.0000  -2.255665   0.354693  -1.900972 
   103500.0000  -2.247952   0.366906  -1.881046 
   103600.0000  -2.252338   0.356700  -1.895638 
   103700.0000  -2.250977   0.362968  -1.888009 
   103800.0000  -2.256623   0.363076  -1.893547 
   103900.0000  -2.254669   0.368489  -1.886179 
   104000.0000  -2.254931   0.363251  -1.891680 
   104100.0000  -2.255932   0.365924  -1.890007 
   104200.0000  -2.254631   0.359114  -1.895517 
   104300.0000  -2.263690   0.363398  -1.900292 
   104400.0000  -2.261364   0.365086  -1.896278 
   104500.0000  -2.250038   0.352561  -1.897477 
   104600.0000  -2.262189   0.356187  -1.906002 
   104700.0000  -2.255121   0.361285  -1.893835 
   104800.0000  -2.261165   0.358325  -1.902840 
   104900.0000  -2.255585   0.361593  -1.893992 
   105000.0000  -2.257416   0.359390  -1.898026 
   105100.0000  -2.254417   0.357998  -1.896418 
   105200.0000  -2.263352   0.363574  -1.899777 
   105300.0000  -2.263356   0.368889  -1.894467 
   105400.0000  -2.264802   0.361274  -1.903528 
   105500.0000  -2.262374   0.367295  -1.895079 
   105600.0000  -2.267571   0.361472  -1.906098 
   105700.0000  -2.272815   0.365989  -1.906826 
   105800.0000  -2.273093   0.354324  -1.918769 
   105900.0000  -2.271209   0.363941  -1.907268 
   106000.0000  -2.267088   0.363326  -1.903762 
   106100.0000  -2.260934   0.360453  -1.900481 
   106200.0000  -2.263183   0.369386  -1.893797 
   106300.0000  -2.257883   0.358085  -1.899799 
   106400.0000  -2.265100   0.356787  -1.908313 
   106500.0000  -2.267387   0.367133  -1.900254 
   106600.0000  -2.267481   0.354420  -1.913061 
   106700.0000  -2.262484   0.362886  -1.899598 
   106800.0000  -2.259603   0.349530  -1.910073 
   106900.0000  -2.270398   0.361589  -1.908809 
   107000.0000  -2.270986   0.362621  -1.908365 
   107100.0000  -2.276835   0.355370  -1.921465 
   107200.0000  -2.270309   0.362268  -1.908041 
   107300.0000  -2.274188   0.364031  -1.910157 
   107400.0000  -2.275914   0.366106  -1.909808 
   107500.0000  -2.274760   0.362815  -1.911945 
   107600.0000  -2.273531   0.356620  -1.916911 
   107700.0000  -2.283169   0.360364  -1.922805 
   107800.0000  -2.286327   0.360350  -1.925977 
   107900.0000  -2.284327   0.367003  -1.917324 
   108000.0000  -2.294668   0.359920  -1.934748 
   108100.0000  -2.296276   0.364127  -1.932150 
   108200.0000  -2.293140   0.359435  -1.933706 
   108300.0000  -2.287635   0.362057  -1.925578 
   108400.0000  -2.287761   0.362092  -1.925669 
   108500.0000  -2.290028   0.365103  -1.924925 
   108600.0000  -2.287850   0.366639  -1.921211 
   108700.0000  -2.290421   0.366992  -1.923429 
   108800.0000  -2.290401   0.364531  -1.925869 
   108900.0000  -2.288889   0.358886  -1.930003 
   109000.0000  -2.291402   0.357290  -1.934112 
   109100.0000  -2.290996   0.364428  -1.926568 
   109200.0000  -2.286979   0.367374  -1.919604 
   109300.0000  -2.291907   0.369882  -1.922025 
   109400.0000  -2.301317   0.369397  -1.931920 
   109500.0000  -2.297001   0.360300  -1.936701 
   109600.0000  -2.299423   0.361088  -1.938335 
   109700.0000  -2.301281   0.362701  -1.938580 
   109800.0000  -2.307565   0.363849  -1.943716 
   109900.0000  -2.298398   0.361174  -1.937224 
   110000.0000  -2.307913   0.355944  -1.951969 
   110100.0000  -2.303684   0.365534  -1.938150 
   110200.0000  -2.305428   0.358449  -1.946979 
   110300.0000  -2.305536   0.359407  -1.946128 
   110400.0000  -2.305656   0.361452  -1.944203 
   110500.0000  -2.313499   0.366995  -1.946504 
   110600.0000  -2.313198   0.363933  -1.949265 
   110700.0000  -2.311078   0.374696  -1.936382 
   110800.0000  -2.308934   0.369930  -1.939004 
   110900.0000  -2.313994   0.368268  -1.945726 
   111000.0000  -2.317312   0.359480  -1.957832 
   111100.0000  -2.314160   0.363689  -1.950472 
   111200.0000  -2.317936   0.364443  -1.953494 
   111300.0000  -2.319816   0.368753  -1.951063 
   111400.0000  -2.321719   0.363291  -1.958428 
   111500.0000  -2.319487   0.367622  -1.951865 
   111600.0000  -2.326639   0.364372  -1.962267 
   111700.0000  -2.326985   0.362771  -1.964214 
   111800.0000  -2.323504   0.366650  -1.956854 
   111900.0000  -2.319997   0.360956  -1.959042 
   112000.0000  -2.328250   0.354599  -1.973651 
   112100.0000  -2.323878   0.372965  -1.950913 
   112200.0000  -2.326441   0.351985  -1.974457 
   112300.0000  -2.325312   0.373149  -1.952164 
   112400.0000  -2.320039   0.369201  -1.950838 
   112500.0000  -2.321700   0.360538  -1.961162 
   112600.0000  -2.322945   0.368393  -1.954552 
   112700.0000  -2.327212   0.362591  -1.964621 
   112800.0000  -2.324589   0.362086  -1.962504 
   112900.0000  -2.323538   0.364578  -1.958961 
   113000.0000  -2.329683   0.360544  -1.969139 
   113100.0000  -2.326514   0.363041  -1.963473 
   113200.0000  -2.329115   0.362330  -1.966784 
   113300.0000  -2.332753   0.358546  -1.974208 
   113400.0000  -2.332342   0.369131  -1.963211 
   113500.0000  -2.332636   0.367423  -1.965213 
   113600.0000  -2.331706   0.360010  -1.971696 
   113700.0000  -2.335719   0.357192  -1.978527 
   113800.0000  -2.339306   0.358168  -1.981138 
   113900.0000  -2.341463   0.364803  -1.976660 
   114000.0000  -2.338946   0.367345  -1.971601 
   114100.0000  -2.335939   0.365052  -1.970886 
   114200.0000  -2.335852   0.357308  -1.978545 
   114300.0000  -2.341576   0.366879  -1.974697 
   114400.0000  -2.340915   0.352580  -1.988336 
   114500.0000  -2.340641   0.362823  -1.977817 
   114600.0000  -2.338709   0.358214  -1.980494 
   114700.0000  -2.342224   0.363524  -1.978700 
   114800.0000  -2.343037   0.364914  -1.978123 
   114900.0000  -2.342192   0.367034  -1.975158 
   115000.0000  -2.340092   0.365885  -1.974207 
   115100.0000  -2.342637   0.368631  -1.974006 
   115200.0000  -2.338789   0.364732  -1.974056 
   115300.0000  -2.337892   0.363429  -1.974462 
   115400.0000  -2.342785   0.358661  -1.984124 
   115500.0000  -2.340340   0.363862  -1.976478 
   115600.0000  -2.344965   0.357020  -1.987945 
   115700.0000  -2.348726   0.358925  -1.989801 
   115800.0000  -2.345653   0.369248  -1.976405 
   115900.0000  -2.354734   0.353854  -2.000881 
   116000.0000  -2.355548   0.366001  -1.989546 
   116100.0000  -2.357658   0.364465  -1.993193 
   116200.0000  -2.355894   0.362331  -1.993563 
   116300.0000  -2.351751   0.353965  -1.997786 
   116400.0000  -2.354002   0.368131  -1.985872 
   116500.0000  -2.352501   0.353795  -1.998706 
   116600.0000  -2.352815   0.367183  -1.985631 
   116700.0000  -2.360483   0.361937  -1.998546 
   116800.0000  -2.357788   0.359377  -1.998412 
   116900.0000  -2.355133   0.360126  -1.995008 
   117000.0000  -2.358109   0.362890  -1.995219 
   117100.0000  -2.363304   0.351853  -2.011451 
   117200.0000  -2.358370   0.361971  -1.996399 
   117300.0000  -2.359024   0.371454  -1.987570 
   117400.0000  -2.354432   0.360392  -1.994040 
   117500.0000  -2.360023   0.363327  -1.996696 
   117600.0000  -2.362726   0.366288  -1.996438 
   117700.0000  -2.367679   0.361018  -2.006661 
   117800.0000  -2.358830   0.358313  -2.000517 
   117900.0000  -2.362907   0.363196  -1.999712 
   118000.0000  -2.364821   0.367429  -1.997392 
   118100.0000  -2.366255   0.364075  -2.002179 
   118200.0000  -2.367280   0.368051  -1.999229 
   118300.0000  -2.358807   0.365364  -1.993443 
   118400.0000  -2.369593   0.364457  -2.005136 
   118500.0000  -2.368909   0.360199  -2.008710 
   118600.0000  -2.369314   0.352398  -2.016917 
   118700.0000  -2.369605   0.363293  -2.006312 
   118800.0000  -2.375005   0.355063  -2.019942 
   118900.0000  -2.370736   0.360545  -2.010191 
   119000.0000  -2.370540   0.363073  -2.007466 
   119100.0000  -2.368815   0.361759  -2.007056 
   119200.0000  -2.373863   0.366795  -2.007068 
   119300.0000  -2.376082   0.367765  -2.008317 
   119400.0000  -2.369812   0.360218  -2.009594 
   119500.0000  -2.374759   0.358459  -2.016300 
   119600.0000  -2.373487   0.363231  -2.010257 
   119700.0000  -2.377143   0.362436  -2.014707 
   119800.0000  -2.368507   0.359437  -2.009071 
   119900.0000  -2.374400   0.360213  -2.014186 
   120000.0000  -2.378593   0.362889  -2.015704 
   120100.0000  -2.371800   0.358235  -2.013565 
   120200.0000  -2.380420   0.366829  -2.013591 
   120300.0000  -2.375087   0.363207  -2.011880 
   120400.0000  -2.373270   0.360459  -2.012811 
   120500.0000  -2.369871   0.363251  -2.006621 
   120600.0000  -2.371718   0.366140  -2.005578 
   120700.0000  -2.376470   0.367515  -2.008954 
   120800.0000  -2.375396   0.357349  -2.018047 
   120900.0000  -2.377706   0.358114  -2.019592 
   121000.0000  -2.376792   0.356029  -2.020763 
   121100.0000  -2.374548   0.356898  -2.017650 
   121200.0000  -2.377563   0.363880  -2.013683 
   121300.0000  -2.378029   0.353934  -2.024095 
   121400.0000  -2.380185   0.365603  -2.014582 
   121500.0000  -2.383878   0.361457  -2.022421 
   121600.0000  -2.376564   0.367725  -2.008839 
   121700.0000  -2.379360   0.366956  -2.012404 
   121800.0000  -2.380111   0.361171  -2.018940 
   121900.0000  -2.382457   0.358669  -2.023789 
   122000.0000  -2.386367   0.357439  -2.028928 
   122100.0000  -2.379559   0.352656  -2.026902 
   122200.0000  -2.385182   0.358390  -2.026792 
   122300.0000  -2.383303   0.366504  -2.016799 
   122400.0000  -2.380092   0.361327  -2.018765 
   122500.0000  -2.384643   0.357711  -2.026932 
   122600.0000  -2.387104   0.362019  -2.025084 
   122700.0000  -2.387862   0.367461  -2.020401 
   122800.0000  -2.389773   0.352904  -2.036870 
   122900.0000  -2.395775   0.364054  -2.031722 
   123000.0000  -2.395076   0.361402  -2.033674 
   123100.0000  -2.393212   0.358351  -2.034861 
   123200.0000  -2.392708   0.361843  -2.030865 
   123300.0000  -2.397605   0.367450  -2.030154 
   123400.0000  -2.393736   0.367028  -2.026708 
   123500.0000  -2.397428   0.360076  -2.037352 
   123600.0000  -2.394066   0.364923  -2.029143 
   123700.0000  -2.391151   0.363628  -2.027523 
   123800.0000  -2.396263   0.364202  -2.032061 
   123900.0000  -2.398178   0.364797  -2.033381 
   124000.0000  -2.396769   0.358887  -2.037882 
   124100.0000  -2.394053   0.358891  -2.035162 
   124200.0000  -2.397024   0.359985  -2.037038 
   124300.0000  -2.397497   0.363457  -2.034040 
   124400.0000  -2.390695   0.360372  -2.030323 
   124500.0000  -2.400485   0.356749  -2.043736 
   124600.0000  -2.394077   0.365965  -2.028112 
   124700.0000  -2.394412   0.367215  -2.027197 
   124800.0000  -2.398434   0.361259  -2.037175 
   124900.0000  -2.398081   0.370307  -2.027775 
   125000.0000  -2.401025   0.368263  -2.032762 
   125100.0000  -2.398453   0.357130  -2.041323 
   125200.0000  -2.399267   0.364715  -2.034551 
   125300.0000  -2.396643   0.363657  -2.032986 
   125400.0000  -2.399612   0.368962  -2.030650 
   125500.0000  -2.403991   0.363716  -2.040276 
   125600.0000  -2.403868   0.358417  -2.045451 
   125700.0000  -2.399871   0.362900  -2.036971 
   125800.0000  -2.395038   0.366083  -2.028955 
   125900.0000  -2.396372   0.357502  -2.038869 
   126000.0000  -2.405304   0.371642  -2.033662 
   126100.0000  -2.407060   0.363049  -2.044011 
   126200.0000  -2.402661   0.360353  -2.042308 
   126300.0000  -2.402424   0.370802  -2.031622 
   126400.0000  -2.404616   0.366428  -2.038188 
   126500.0000  -2.403328   0.360848  -2.042480 
   126600.0000  -2.399428   0.364631  -2.034797 
   126700.0000  -2.399841   0.357133  -2.042709 
   126800.0000  -2.396402   0.359748  -2.036654 
   126900.0000  -2.400781   0.360007  -2.040775 
   127000.0000  -2.403721   0.362143  -2.041578 
   127100.0000  -2.401838   0.363068  -2.038770 
   127200.0000  -2.403996   0.358405  -2.045592 
   127300.0000  -2.402432   0.364193  -2.038239 
   127400.0000  -2.402491   0.359789  -2.042701 
   127500.0000  -2.394326   0.365069  -2.029258 
   127600.0000  -2.399035   0.368980  -2.030055 
   127700.0000  -2.398557   0.371067  -2.027489 
   127800.0000  -2.398200   0.363272  -2.034928 
   127900.0000  -2.404576   0.367976  -2.036601 
   128000.0000  -2.393388   0.357641  -2.035747 
   128100.0000  -2.400749   0.358469  -2.042280 
   128200.0000  -2.395540   0.359615  -2.035925 
   128300.0000  -2.397692   0.364470  -2.033222 
   128400.0000  -2.398274   0.360096  -2.038177 
   128500.0000  -2.396389   0.351531  -2.044858 
   128600.0000  -2.393845   0.359047  -2.034798 
   128700.0000  -2.398349   0.371243  -2.027106 
   128800.0000  -2.403701   0.362872  -2.040829 
   128900.0000  -2.399289   0.356435  -2.042855 
   129000.0000  -2.404096   0.360802  -2.043294 
   129100.0000  -2.405117   0.364049  -2.041068 
   129200.0000  -2.401828   0.367869  -2.033959 
   129300.0000  -2.400833   0.357471  -2.043362 
   129400.0000  -2.403234   0.367283  -2.035951 
   129500.0000  -2.406489   0.372233  -2.034256 
   129600.0000  -2.403388   0.367689  -2.035700 
   129700.0000  -2.403066   0.369134  -2.033932 
   129800.0000  -2.404515   0.359307  -2.045208 
   129900.0000  -2.403489   0.362193  -2.041296 
   130000.0000  -2.403687   0.360837  -2.042850 
   130100.0000  -2.404572   0.366962  -2.037609 
   130200.0000  -2.402777   0.360080  -2.042697 
   130300.0000  -2.403695   0.361756  -2.041939 
   130400.0000  -2.413014   0.361557  -2.051456 
   130500.0000  -2.408627   0.358099  -2.050528 
   130600.0000  -2.411168   0.361849  -2.049319 
   130700.0000  -2.411699   0.359830  -2.051869 
   130800.0000  -2.411479   0.351231  -2.060249 
   130900.0000  -2.402296   0.360711  -2.041585 
   131000.0000  -2.410368   0.355654  -2.054714 
   131100.0000  -2.412401   0.361195  -2.051206 
   131200.0000  -2.419988   0.368732  -2.051256 
   131300.0000  -2.415540   0.361669  -2.053871 
   131400.0000  -2.407938   0.361816  -2.046122 
   131500.0000  -2.416574   0.360552  -2.056022 
   131600.0000  -2.413789   0.370682  -2.043107 
   131700.0000  -2.409766   0.364555  -2.045211 
   131800.0000  -2.404636   0.356864  -2.047773 
   131900.0000  -2.409149   0.355817  -2.053333 
   132000.0000  -2.411240   0.364741  -2.046499 
   132100.0000  -2.411437   0.362177  -2.049260 
   132200.0000  -2.406926   0.367487  -2.039439 
   132300.0000  -2.405422   0.357907  -2.047515 
   132400.0000  -2.411540   0.364316  -2.047224 
   132500.0000  -2.415108   0.359989  -2.055119 
   132600.0000  -2.409521   0.368335  -2.041186 
   132700.0000  -2.406915   0.369652  -2.037263 
   132800.0000  -2.405879   0.360290  -2.045590 
   132900.0000  -2.408073   0.356085  -2.051988 
   133000.0000  -2.410609   0.358747  -2.051862 
   133100.0000  -2.410395   0.360273  -2.050122 
   133200.0000  -2.414903   0.368381  -2.046522 
   133300.0000  -2.416792   0.369436  -2.047355 
   133400.0000  -2.414623   0.362387  -2.052235 
   133500.0000  -2.418878   0.358413  -2.060465 
   133600.0000  -2.418335   0.366872  -2.051463 
   133700.0000  -2.423887   0.358004  -2.065883 
   133800.0000  -2.418243   0.358035  -2.060208 
   133900.0000  -2.418340   0.355172  -2.063167 
   134000.0000  -2.426792   0.363097  -2.063695 
   134100.0000  -2.419271   0.365141  -2.054130 
   134200.0000  -2.416650   0.355621  -2.061030 
   134300.0000  -2.422762   0.355622  -2.067140 
   134400.0000  -2.415488   0.364880  -2.050608 
   134500.0000  -2.423039   0.370425  -2.052613 
   134600.0000  -2.420948   0.363208  -2.057740 
   134700.0000  -2.419895   0.363733  -2.056162 
   134800.0000  -2.428554   0.361499  -2.067056 
   134900.0000  -2.424816   0.361143  -2.063673 
   135000.0000  -2.423996   0.366666  -2.057330 
   135100.0000  -2.426360   0.357503  -2.068857 
   135200.0000  -2.421820   0.368231  -2.053589 
   135300.0000  -2.421671   0.368704  -2.052967 
   135400.0000  -2.428122   0.368895  -2.059227 
   135500.0000  -2.428695   0.363873  -2.064822 
   135600.0000  -2.425200   0.361006  -2.064194 
   135700.0000  -2.428176   0.362127  -2.066049 
   135800.0000  -2.428170   0.372775  -2.055395 
   135900.0000  -2.423581   0.359187  -2.064393 
   136000.0000  -2.421865   0.364416  -2.057449 
   136100.0000  -2.428816   0.363187  -2.065629 
   136200.0000  -2.419734   0.368470  -2.051263 
   136300.0000  -2.422077   0.368815  -2.053261 
   136400.0000  -2.426483   0.368398  -2.058085 
   136500.0000  -2.423742   0.369907  -2.053834 
   136600.0000  -2.425652   0.362174  -2.063477 
