t = 854396983
b = 10.8576704663796 10.8576704663796 10.8576704663796
E = -1.1450002126094 -1.1450002126094 0
-267.043190749279 704.557089951975 -9.18162794678841 -0.268103169110925 -0.546328853316938 0.793502031973452 -0.961837994287316 0.105056691833101 -0.252647509873502 0 0 0 0 0 0
-317.828237826395 -538.333647749136 -513.704695300353 0.97787396078247 -0.0913751403528894 0.188183688311258 0.0202959188596569 0.936757542888351 0.349390013476968 0 0 0 0 0 0
575.07530136575 348.214845713341 348.666858888074 -0.863252212867164 -0.497318152257989 0.0864307376643275 -0.497750643198555 0.867133148986088 0.0180110833340716 0 0 0 0 0 0
113.741319474478 -1896.85487773304 -82.4500858812943 -0.603682460659851 0.772385488375112 -0.197454156810796 -0.668287438841639 -0.355231913381236 0.653607058410092 0 0 0 0 0 0
308.106287704582 -893.142456390063 396.240569413898 0.492725468210215 0.0212483306710196 0.869925353935342 -0.0772651819260103 -0.994684933122468 0.0680586179556332 0 0 0 0 0 0
-261.75702321079 -452.549243396665 -826.09882054142 -0.567939019910539 -0.024843324237174 0.822695617408888 0.506910067465692 -0.79804121988627 0.32584105767192 0 0 0 0 0 0
-211.215415693644 128.005290379215 216.168666736214 -0.996491691878203 -0.0774212865445628 0.0317844679944941 -0.0675154949307635 0.96808324377667 0.241363814723994 0 0 0 0 0 0
108.178111703971 82.6638881310635 -658.471050151064 0.497513227947333 0.565076331615013 -0.658156005417138 -0.419785749108884 0.820797039569793 0.387391461805596 0 0 0 0 0 0
666.079032489218 1716.57903615157 -369.737375017731 -0.807583200057417 0.214604412060791 -0.549321692008729 0.540911124815197 -0.10161958640537 -0.834918328168482 0 0 0 0 0 0
1272.38940457841 -470.200055627042 -641.711048184897 -0.231707582016034 -0.0605572332072611 0.970898768122458 -0.0113018361088984 0.99816072144721 0.0595604118253025 0 0 0 0 0 0
425.036459444035 293.147025381772 142.507980637044 -0.0419863443814649 0.76623561055825 -0.641186506407727 -0.70284554807408 0.433460595073322 0.56402131880991 0 0 0 0 0 0
70.1862584846255 807.398285317064 -1029.88343256313 -0.23269993091189 0.938425230056509 -0.255360196082642 -0.804127428244976 -0.333335244985631 -0.492205946319643 0 0 0 0 0 0
248.19540958441 238.986763409767 696.521252659532 0.0243117764943309 0.780902115901575 -0.624180120560604 -0.560358379694756 -0.50641543374866 -0.655394457381501 0 0 0 0 0 0
-287.946602265578 479.616330532339 -426.551323880593 0.545159401647343 -0.732585412361651 0.407578017549377 0.62526367768729 0.679167710435998 0.384417162032703 0 0 0 0 0 0
284.207146382415 -56.7671958898484 571.094951706081 -0.812555856560527 -0.580995304901964 -0.0468768135865976 0.580033724389368 -0.813906907491801 0.0334129392486221 0 0 0 0 0 0
-205.367750806212 589.084662973994 -71.4251816141939 0.82960375350781 -0.543766850375529 -0.126788109056778 0.181691432333327 0.477622809539177 -0.859572379282311 0 0 0 0 0 0
-244.905232333209 -69.3834665385642 -344.694128543426 -0.2169632410571 -0.90266977836752 -0.371637219951574 0.0436958916109331 -0.3893045322398 0.920072089693951 0 0 0 0 0 0
508.251921216543 -1262.0161720477 1066.98225313367 -0.0270168323736453 0.41304861694809 -0.910308151565073 -0.985384534995204 0.142211097634549 0.0937727140545407 0 0 0 0 0 0
-360.551478161334 -520.388295367473 696.339345151507 0.568368850257594 0.441946145606781 -0.694003209242195 -0.36334061371073 -0.621969895789167 -0.69364043074081 0 0 0 0 0 0
192.505240616306 -311.10058026736 -1610.63036539446 -0.580101103510776 0.170084596981079 0.796588940153342 0.445826320961091 0.884765510576578 0.135753021443665 0 0 0 0 0 0
458.018424210166 -27.9684059827501 625.430208020884 -0.877632773273496 -0.302355565672604 -0.37194331178232 -0.26744569975309 -0.335066524359763 0.903439661481298 0 0 0 0 0 0
-445.818235494601 -287.34102778643 246.28091542685 0.433194718619092 -0.163771928610823 -0.886296277301729 0.811423561196383 -0.357197733124543 0.462603052073314 0 0 0 0 0 0
771.689642162531 -283.792157318173 -248.248192598745 -0.510211170020847 -0.530944821103011 -0.676596008655986 0.0939151281933928 -0.816384654782891 0.569821063256365 0 0 0 0 0 0
-111.600645082939 232.167206626337 863.942698068448 -0.250671099594398 0.850694632797223 0.462041817977256 0.0791310427052857 0.49368878062637 -0.866030984413463 0 0 0 0 0 0
354.154801889523 -468.026119973843 -545.139670860486 0.830239558408837 0.244016930235368 -0.501156675512921 -0.329712422783876 -0.509942132671672 -0.794511635904506 0 0 0 0 0 0
205.684089892608 474.318647197115 557.695563982043 0.446934695627629 -0.336666985075072 0.828797151902561 0.109250842900954 -0.899001742383228 -0.424099187115609 0 0 0 0 0 0
330.259225951759 -109.482201190691 -642.734703886361 -0.0413512438869665 0.82628440038021 0.561733178938223 0.988631235610963 0.115182020646519 -0.0966508256268161 0 0 0 0 0 0
882.243730997283 -327.222499789198 1381.08109174695 -0.74605510953233 -0.165478787745847 -0.644994995598159 -0.317791222725766 -0.762719097168859 0.563265761051086 0 0 0 0 0 0
-400.191013645146 234.159987727838 351.097318992063 -0.633558419106798 0.416022008670004 0.652326159129473 -0.105328798127402 -0.88165933395441 0.459981155202615 0 0 0 0 0 0
145.945545002656 -526.184533511645 -1157.59062889237 -0.637899257221479 0.770057308636282 0.00981218906723796 0.375679999758504 0.322277166144424 -0.868908491133533 0 0 0 0 0 0
538.083836653391 755.929381072385 -634.752882565246 -0.312261739947509 -0.92182964994441 0.229614246616536 -0.949509668265327 0.310582082800711 -0.0443864812082577 0 0 0 0 0 0
311.09879813671 -221.802590563095 -198.230872026105 -0.267436203615987 -0.811266251693688 -0.519927827545686 -0.814063772306465 -0.0984632837927505 0.57236802527849 0 0 0 0 0 0
9.89520075422974 -83.9693794053733 -65.5416306340326 0.309868706628881 0.404059875986658 0.860649174327483 0.129002587631719 -0.914700543793637 0.382989879199392 0 0 0 0 0 0
-404.084294033783 -1025.29424570349 75.6588139197817 0.241992151839742 0.400512920843927 -0.883758563569902 -0.158310895283368 -0.882326486712515 -0.443212850983762 0 0 0 0 0 0
-228.31200157434 350.289876866159 -692.824480094652 -0.390746220655598 0.858684772606199 0.331629088500496 -0.798636959404833 -0.495391855503162 0.341710281634138 0 0 0 0 0 0
-91.5983194658515 -452.595564134454 483.49186370668 -0.166214665232929 -0.970969189725634 0.172021852297643 -0.81995794742235 0.0391883340017723 -0.571080763936318 0 0 0 0 0 0
-889.257960053655 -344.388225787532 359.572329875228 0.333020690356858 -0.902641249580947 -0.272646280643425 0.795895175694286 0.424137122970512 -0.43204000998222 0 0 0 0 0 0
916.595400810722 964.642437863729 411.226058292429 -0.793754583175098 -0.191009475273189 0.577467784421337 -0.568472832759269 -0.104678778999454 -0.816015313361907 0 0 0 0 0 0
-1058.76853568866 32.2371428708468 -132.721351532457 -0.372754195210528 -0.910113741880266 -0.180962114239214 0.388865323265622 0.0238567265258366 -0.920985676847524 0 0 0 0 0 0
-27.7843364272777 445.454056518505 -293.309132602094 0.527494246452831 0.723691780031066 -0.444994412857845 0.0693320141968001 -0.558718303471118 -0.826454432606085 0 0 0 0 0 0
431.615830773277 -142.374917136714 429.706402320153 0.884514204941187 0.417043619231089 0.209067551077586 -0.353267314702329 0.306075040217188 0.884036353391201 0 0 0 0 0 0
56.1547281891097 78.9108009904819 99.3402673090695 0.845102096437943 -0.520388779627055 0.122466177502027 -0.286747342362884 -0.247898126713482 0.925376939639859 0 0 0 0 0 0
-845.321369016259 1160.85597719845 -927.267001534442 -0.566272978616514 0.237429337275533 -0.789279559783863 0.000717930642723016 0.957752200669406 0.287593822418736 0 0 0 0 0 0
699.252501459083 -456.184519183122 -1189.77396601339 0.667732230058756 0.698673790753509 -0.256882469343786 0.500426748947274 -0.676785226534396 -0.539939650408339 0 0 0 0 0 0
178.953947856529 1233.89361171341 939.579501762285 0.616328980877928 0.448707479731202 0.647147730400932 0.64626833197286 -0.757775013277483 -0.0900792558917733 0 0 0 0 0 0
-755.788575490396 1086.33997618523 261.930415133778 0.511992487671824 0.806878750721206 -0.294636002899161 0.23986644149617 -0.463655086654501 -0.852929100725368 0 0 0 0 0 0
-796.775780484296 1312.33599758745 -274.447390950563 0.819545513027557 0.549754855066217 0.161600592222589 -0.30308798142459 0.176553435594639 0.936464927211543 0 0 0 0 0 0
-855.542137161092 -85.3961755348372 33.9416161882242 0.61885326048523 -0.778223722442703 0.106716820670733 -0.784200130286388 -0.619928147081537 0.0268188015149799 0 0 0 0 0 0
-111.879678629528 -387.857192249386 289.74201115253 -0.64175048546961 0.502083334732107 -0.579714273917239 -0.617299558010192 -0.786725693950054 0.00198447950419297 0 0 0 0 0 0
296.619161360387 82.0866176327262 1025.9066053226 0.242488533339146 0.969818650464181 0.0255165909131219 -0.917465468304174 0.220689887825277 0.330988047944453 0 0 0 0 0 0
-979.972491541729 283.596579699325 -5.32811235351491 -0.376131935952042 -0.116318701565345 0.91923594709023 0.863311721142319 0.316277460995833 0.393270186772956 0 0 0 0 0 0
-64.7444627200843 846.508250888464 -698.805211126078 0.341997097021863 -0.937346776331634 -0.0664756085310368 -0.685294162572617 -0.200379681255291 -0.700157049585249 0 0 0 0 0 0
-62.5699419457788 -626.677712995145 -465.712195768285 -0.979479366615944 0.0398281378755827 -0.197569961808504 -0.140183739746726 0.56968176654138 0.809821711231653 0 0 0 0 0 0
1.98037751095008 62.5330485529814 -185.325443165586 0.657698349594315 0.0495739488427841 0.751648391562225 -0.316385253803155 0.923731882110458 0.215916143792921 0 0 0 0 0 0
950.065859177691 75.4294126011709 235.67947802398 -0.85555345242733 -0.205373868291537 -0.475236640277507 0.512703057305778 -0.208693160156522 -0.832816150139629 0 0 0 0 0 0
133.931497794752 401.509699524627 -193.796058125612 0.434349293485039 0.895694521495709 0.0952471280741466 -0.743294878131813 0.41614344784226 -0.523772235764026 0 0 0 0 0 0
162.343594942172 -13.6702535646505 -615.582945954731 -0.134853166423029 0.463687857207934 -0.875675850177146 -0.988374602937364 -0.000322366909840225 0.152037956932964 0 0 0 0 0 0
-114.537159051422 151.050597501159 96.8818470914289 0.0305656816529464 0.705739809543664 0.70781145817862 0.603530356537257 0.551447761434001 -0.575896236440118 0 0 0 0 0 0
779.948184697335 -1594.23967156643 477.740612273207 -0.367687563300026 0.72620200764149 -0.580892847169771 0.430861968498717 0.686591911808952 0.585618912553982 0 0 0 0 0 0
484.560129893643 96.9768501320294 -0.350133378786948 0.57981951816458 -0.620768566100743 0.52768903124269 -0.54332919138578 0.188023191053375 0.818193540314053 0 0 0 0 0 0
-391.645801342314 637.112531481286 824.057174511513 -0.185843393712998 0.249083810524084 0.950483818034247 -0.903901768478363 -0.422620109980954 -0.0659836008239183 0 0 0 0 0 0
927.859462148539 -195.350698192345 194.523954856791 -0.329121696583999 -0.921805597860891 -0.204825165899547 0.353063545221968 0.0810506948439993 -0.932082033888741 0 0 0 0 0 0
-219.293064906615 1282.36442406778 -464.719973789603 -0.651431366778363 -0.756326668999432 0.0600595050101253 0.116445268074906 -0.17788932314177 -0.977136576052442 0 0 0 0 0 0
-188.548199617683 -1626.06842233887 213.571302685391 0.0545752663504729 -0.904101827806339 0.423817679263048 -0.884875262958705 -0.240443867276293 -0.398976836032356 0 0 0 0 0 0
-646.907072724058 571.974465863266 809.145511750845 -0.789182785821102 -0.556675468709852 0.25942812704221 -0.614017720760644 0.724194829736288 -0.313885468244991 0 0 0 0 0 0
-827.750512169424 -430.13726752267 128.853078176914 0.3892433876488 -0.448091832705343 0.804800158196518 0.508809865167044 0.832909725272861 0.217655486154183 0 0 0 0 0 0
49.6706316379417 -73.8922162316108 -340.314617948666 -0.438640850398787 -0.258129938237079 0.860792158041252 -0.653094656582637 -0.566399652571268 -0.502651771217902 0 0 0 0 0 0
-842.051836728181 -417.132082874033 633.290348613321 -0.71079931509455 0.283522474713537 0.643723030497575 0.237665501743142 -0.764537171930363 0.599164436543153 0 0 0 0 0 0
-297.248639858595 -66.2082526402953 -106.015150853148 0.362396890063402 0.697889094459817 0.617753434559097 -0.921548868126534 0.367401956630151 0.125552721679556 0 0 0 0 0 0
-1168.13095876944 165.942951861579 -603.128026910904 -0.86636625556473 -0.237274687246889 -0.43944309530625 -0.401179767908978 -0.19339320324896 0.895351251051736 0 0 0 0 0 0
9.85552880221776 -183.300115669902 164.127338421555 -0.523292853726417 -0.125550006716058 0.842853359162062 -0.65488301925658 0.692112465479904 -0.30349393110105 0 0 0 0 0 0
844.610368448061 669.695620860185 118.531954749246 -0.921984311096659 -0.385210760612192 -0.0394664414305186 0.297905363484276 -0.770728298315801 0.563231998895506 0 0 0 0 0 0
-342.327708695449 -10.9586627010527 -338.266600706094 0.845235534215403 0.190090503864838 0.499442180879171 -0.530399330150929 0.184353476585042 0.827460178042093 0 0 0 0 0 0
-545.448281572714 -89.3729778131466 -956.447897169465 0.923668247543754 0.0910806113693268 -0.372211352206484 -0.321139084257086 0.713933909301664 -0.622228303528406 0 0 0 0 0 0
166.259621556288 -492.42583016999 520.270990696177 -0.320413858613431 0.554758878225287 0.767839531568704 0.28502613894124 0.829472654377833 -0.480349056167383 0 0 0 0 0 0
164.375858571949 -173.068573171293 -395.052855853207 -0.957930468873756 0.0129110644059421 0.286709820585921 -0.266074636937083 0.334512363697943 -0.904049648036425 0 0 0 0 0 0
340.552312884264 35.3936843799126 -200.842665350044 -0.821553603703531 0.564284346826844 0.0814423241763351 -0.339717825585775 -0.599229703294434 0.724924521357227 0 0 0 0 0 0
-1201.32481481876 437.334533223902 665.476708163495 0.62621857232509 -0.72879582424839 -0.276960188899896 0.774102272903753 0.623504022169061 0.109582870133485 0 0 0 0 0 0
40.6606525907324 -121.40350825513 -851.875424307873 0.761986473057744 -0.552280953713261 -0.338175047931482 -0.425223351712324 -0.820553859247812 0.381937776650239 0 0 0 0 0 0
-428.468862550328 -163.585623062529 1226.127552641 -0.643392532945208 -0.715287277663197 -0.272782255580544 -0.676347527623556 0.698041171451455 -0.235143668493027 0 0 0 0 0 0
-489.900650611707 366.465037402582 133.423381948439 -0.171834783779516 0.96010741145148 -0.220604998954241 -0.960654599322478 -0.212913579925963 -0.178355118469959 0 0 0 0 0 0
-512.352713056845 925.311765226651 -320.89560228893 0.153917739441892 -0.603409254737091 0.782436323788354 -0.736867678596102 -0.597659674813974 -0.315957176439675 0 0 0 0 0 0
540.083899834716 486.323820973664 35.316108054317 -0.0146324900352553 0.986078626047917 -0.165634638549437 -0.981510267659948 -0.0457830714701173 -0.185853449918635 0 0 0 0 0 0
307.229402379879 -143.15493048317 117.24276244542 0.264829711366632 -0.790268571711747 0.552576518267547 0.777119831049839 0.514179804011594 0.362910315830929 0 0 0 0 0 0
-646.526243131572 -650.546487693925 691.268701265019 0.591124638801131 -0.803674157842475 0.0684069398222621 0.759583949339047 0.526149465503473 -0.382359730952807 0 0 0 0 0 0
-495.881513574397 -246.784819841224 -1101.32243352363 0.337196856053518 -0.381459490442752 0.860689803249817 -0.323971751888704 0.811377070733196 0.486528059894968 0 0 0 0 0 0
-1886.86187834216 1052.88123960106 292.674263808827 0.68761524214566 0.453403290754731 0.567107339662467 -0.360422452165653 -0.464886282472904 0.808688073574166 0 0 0 0 0 0
-387.756058395371 404.473141945524 -148.793489057728 0.849767576363876 -0.526632121413062 -0.0235302966376494 0.432615422147496 0.671166425572379 0.601979672171388 0 0 0 0 0 0
-848.780066006176 -74.5369924827965 -605.12862320454 -0.961108530097214 0.269877015125869 0.0586241424649248 0.164370986246172 0.388411764595856 0.906707494180973 0 0 0 0 0 0
145.034354604696 -45.2908542800775 410.817253478793 -0.131989000356768 -0.0577105678181722 0.989569802564025 0.951527727810117 0.272401957546044 0.142801109011008 0 0 0 0 0 0
-1600.8556452324 -136.895622459837 44.730108002762 -0.840349386434139 0.321861993422234 0.436139617454134 0.115776136021262 0.892631061872765 -0.435666929787934 0 0 0 0 0 0
571.999798138861 397.752917314418 -220.440862135607 0.350353494292013 0.182837882867645 0.918598246039328 -0.302545958291098 0.950277096314483 -0.0737521751740151 0 0 0 0 0 0
-978.826845397742 -82.8090495326008 359.791307614141 0.779031508967826 0.33947020976928 -0.527133649767789 -0.594825631455551 0.665962427868719 -0.450196082651319 0 0 0 0 0 0
-745.404791740557 -217.045961726517 -1113.26813267086 -0.900296114572665 -0.140702520107381 -0.411909828625931 -0.43077552840231 0.423766077356803 0.796777733003866 0 0 0 0 0 0
117.304707540534 423.26462646449 -741.081692761504 0.0554489632593707 0.436630478880411 -0.897930530377875 -0.566014592043015 0.754597009882348 0.331980171498816 0 0 0 0 0 0
394.27654350559 -446.872685623732 344.170635440196 -0.732014572889183 -0.661662716524545 0.162348743875739 0.100202516493654 -0.340266576203416 -0.93497492629892 0 0 0 0 0 0
-549.195772493033 163.312715420035 206.902153817522 0.339460686278614 -0.6725687022047 0.657584810719274 -0.495388805943491 0.466451603311885 0.73281159428324 0 0 0 0 0 0
1544.06216092417 911.60800636433 -30.9905023079613 0.0516148115727555 0.958104547778172 -0.281729634135033 -0.750838224056355 -0.148775079269375 -0.643512188759802 0 0 0 0 0 0
74.4128393696126 13.4038580661215 -488.29316295721 -0.466451550924425 0.107830244513987 -0.877949650610858 -0.0710274825065883 -0.993902762682051 -0.0843350168180195 0 0 0 0 0 0
100.702625034316 -257.966032859212 -140.535837028992 -0.671155961375566 -0.562607413573394 0.482724117591939 -0.300660064150732 0.801795345214727 0.516456920004098 0 0 0 0 0 0
469.437572357427 -138.766089827726 415.327805472006 -0.809823443586536 -0.308550510972312 0.498981535126488 -0.397403442081247 -0.337166267636718 -0.853457328863427 0 0 0 0 0 0
-107.550812213587 -31.6311188796848 -569.349637418702 0.567517391745316 0.204058235476915 -0.797674273499744 -0.808333637539732 0.322335505396457 -0.492642418377622 0 0 0 0 0 0
-92.7410196714241 461.720072672582 154.868089608231 -0.0768709690392998 0.961831380723903 0.262623778769507 -0.865489978564441 0.0663975987731447 -0.496506249591469 0 0 0 0 0 0
-386.976839507675 -642.127478330725 -198.01415561624 0.327177213922988 -0.881014056240902 0.341715237284229 0.944845008500933 0.310712271407727 -0.103565410761575 0 0 0 0 0 0
-274.941939370098 1757.39054123616 -638.316560946294 0.080881955695559 0.0362641805444841 -0.996063762240457 0.768910238657886 -0.638153709924062 0.0392031554456476 0 0 0 0 0 0
584.095525565124 772.757550460546 179.755611740135 0.368927322073634 0.676448921958636 -0.637424102939128 0.132881913246984 0.6403700253976 0.756484386952593 0 0 0 0 0 0
-1576.72255656831 801.98876198215 -747.64949035299 -0.777294603596355 0.24565470253654 0.5791950158104 -0.622429094238433 -0.434344079673034 -0.651096953684 0 0 0 0 0 0
597.19463346614 335.745940668133 -710.204005585565 0.768853387552587 -0.472869073755488 0.430417596683552 0.186160096526499 0.809508754559792 0.556812351471501 0 0 0 0 0 0
825.573248093999 -789.65805910501 283.969232392631 0.237252817043074 0.971355319736998 -0.0134143068620874 0.805543664968504 -0.204433853672699 -0.556153039462973 0 0 0 0 0 0
-321.483652265999 174.699639247897 1191.23637819624 -0.540158029455111 -0.74354386513654 -0.394172327585605 0.709738807762453 -0.150801232402925 -0.688135025313005 0 0 0 0 0 0
212.971949663755 -222.862656494259 302.233136474445 0.230531689784584 0.875161434591007 0.42537936411153 -0.355994663272594 -0.330994114113381 0.873905427460642 0 0 0 0 0 0
52.9394221933855 329.796738535015 -707.180463240669 -0.796173339735759 0.531487248279015 0.289187340681666 0.0669578556870028 0.552397377024333 -0.830887347008475 0 0 0 0 0 0
244.975267923628 -1600.61394517601 1119.62340347401 -0.556203882346878 -0.35172406566343 -0.752945829984674 0.644499030514054 0.389422875876057 -0.658005184938744 0 0 0 0 0 0
1060.23031818886 -796.124010083152 -496.097452310224 0.296935616775107 0.515625779877753 0.803715929054444 -0.413875960599793 -0.68901642080089 0.594947948231616 0 0 0 0 0 0
520.452311179043 804.719284858672 -133.586852453405 -0.823234842680314 -0.567324512575603 0.0206710238737921 -0.558267998828809 0.802408919940083 -0.210895155667641 0 0 0 0 0 0
414.591037426166 -75.6285788410952 930.174227766547 0.514453630358961 0.244226844293705 -0.822004081947444 -0.851177814772968 0.261789414106724 -0.454931456703671 0 0 0 0 0 0
-513.388106491778 156.755935557657 -244.071947372169 -0.261918340962841 0.390010324942441 0.882774449736561 0.202265794901032 -0.872208679142335 0.445354429913326 0 0 0 0 0 0
81.6123445032865 -12.422984129677 -1054.02147625595 0.652804614815798 -0.248695495469796 0.715539436654949 0.157503253094815 -0.879371247044427 -0.449331653833301 0 0 0 0 0 0
-32.8300896255547 -670.091131045151 -600.024921731453 0.377688005671281 -0.698496379374066 -0.607827753869664 0.633224735120425 0.673791204662675 -0.380830470618792 0 0 0 0 0 0
-239.410489010241 115.681575695973 -292.705693798961 0.544913616464421 -0.460310735547964 -0.700844617109909 -0.180753459562345 0.751701031522829 -0.63425053887636 0 0 0 0 0 0
1192.78346919331 687.806949470808 13.1242268397707 -0.869941913678747 -0.151960892751798 0.469157706855028 0.476969952135017 -0.500987646239553 0.722157214930592 0 0 0 0 0 0
-420.241805604311 259.722383563319 392.778515898411 -0.353957199589444 0.380410951432732 -0.854401433105537 0.736505810366338 0.676419689453174 -0.00394905293495412 0 0 0 0 0 0
354.672846098736 -997.598234621365 3.83300780772221 -0.681161119373853 0.695035850925422 -0.230097143354452 -0.716256507858202 -0.567526496206927 0.406066855397293 0 0 0 0 0 0
201.770239439295 -260.821113284805 -850.603040405898 0.455069403889618 0.0630973876516155 -0.888217629477235 -0.585977903093657 -0.729848411095956 -0.352067030417279 0 0 0 0 0 0
173.180315291955 -567.888710718662 1205.0007077753 0.939969945689868 0.265187249803606 -0.214784132884355 -0.333624801601668 0.581735276406706 -0.741807630007914 0 0 0 0 0 0
-497.429809494926 -579.514682035263 747.725757829105 -0.0962249538671192 -0.756843638287126 0.646473870652792 -0.263883584563549 -0.606849686311559 -0.749732560331074 0 0 0 0 0 0
360.042327090951 269.747836286347 -883.845889210001 -0.359194583296541 -0.454339324048943 -0.815202447221434 0.37696377159756 -0.869702307733511 0.318616086896282 0 0 0 0 0 0
867.652396903117 -825.342757736675 -849.393181877797 -0.887677711016817 0.0901872172211121 -0.451546838337962 0.428013767089915 -0.200009563024672 -0.881362802641564 0 0 0 0 0 0
