        0.0000   1.167166   0.367225   1.534391 
      100.0000  -0.149528   0.374534   0.225006 
      200.0000  -0.260912   0.367703   0.106790 
      300.0000  -0.339431   0.365421   0.025990 
      400.0000  -0.408736   0.368306  -0.040430 
      500.0000  -0.471808   0.358742  -0.113066 
      600.0000  -0.541973   0.362061  -0.179912 
      700.0000  -0.581695   0.370759  -0.210936 
      800.0000  -0.601030   0.369886  -0.231144 
      900.0000  -0.646799   0.366209  -0.280590 
     1000.0000  -0.663899   0.363134  -0.300764 
     1100.0000  -0.700159   0.375126  -0.325033 
     1200.0000  -0.717420   0.363258  -0.354162 
     1300.0000  -0.726748   0.359100  -0.367648 
     1400.0000  -0.748697   0.363740  -0.384956 
     1500.0000  -0.755623   0.358387  -0.397235 
     1600.0000  -0.765761   0.364294  -0.401466 
     1700.0000  -0.783714   0.369024  -0.414690 
     1800.0000  -0.790692   0.359333  -0.431358 
     1900.0000  -0.782484   0.357218  -0.425267 
     2000.0000  -0.811832   0.357938  -0.453893 
     2100.0000  -0.819068   0.371152  -0.447915 
     2200.0000  -0.834812   0.371017  -0.463795 
     2300.0000  -0.826940   0.372687  -0.454253 
     2400.0000  -0.839452   0.363808  -0.475645 
     2500.0000  -0.840989   0.367024  -0.473966 
     2600.0000  -0.855412   0.367945  -0.487467 
     2700.0000  -0.856897   0.369312  -0.487585 
     2800.0000  -0.864463   0.359064  -0.505399 
     2900.0000  -0.864493   0.362593  -0.501900 
     3000.0000  -0.867124   0.370309  -0.496815 
     3100.0000  -0.877375   0.365853  -0.511521 
     3200.0000  -0.871599   0.369695  -0.501904 
     3300.0000  -0.887349   0.367472  -0.519878 
     3400.0000  -0.898892   0.359223  -0.539669 
     3500.0000  -0.913521   0.367045  -0.546476 
     3600.0000  -0.909717   0.364234  -0.545484 
     3700.0000  -0.920504   0.366408  -0.554096 
     3800.0000  -0.924583   0.366186  -0.558397 
     3900.0000  -0.912519   0.370038  -0.542481 
     4000.0000  -0.912262   0.368105  -0.544157 
     4100.0000  -0.920078   0.359029  -0.561049 
     4200.0000  -0.945469   0.363934  -0.581535 
     4300.0000  -0.947201   0.362002  -0.585199 
     4400.0000  -0.932839   0.360582  -0.572257 
     4500.0000  -0.935449   0.371146  -0.564304 
     4600.0000  -0.945758   0.377500  -0.568258 
     4700.0000  -0.952180   0.365320  -0.586860 
     4800.0000  -0.950142   0.357228  -0.592914 
     4900.0000  -0.964640   0.360586  -0.604054 
     5000.0000  -0.967323   0.366462  -0.600862 
     5100.0000  -0.966101   0.365634  -0.600467 
     5200.0000  -0.976425   0.360261  -0.616164 
     5300.0000  -0.993367   0.361336  -0.632032 
     5400.0000  -0.991250   0.364215  -0.627034 
     5500.0000  -1.003517   0.365994  -0.637523 
     5600.0000  -0.995237   0.363607  -0.631629 
     5700.0000  -0.999479   0.368904  -0.630575 
     5800.0000  -1.016116   0.367354  -0.648762 
     5900.0000  -1.004387   0.371816  -0.632571 
     6000.0000  -1.008193   0.363460  -0.644733 
     6100.0000  -1.028946   0.370721  -0.658226 
     6200.0000  -1.035968   0.358817  -0.677151 
     6300.0000  -1.019564   0.371623  -0.647941 
     6400.0000  -1.015798   0.361437  -0.654361 
     6500.0000  -1.015088   0.369576  -0.645512 
     6600.0000  -1.021091   0.364568  -0.656523 
     6700.0000  -1.025496   0.362177  -0.663320 
     6800.0000  -1.021480   0.368433  -0.653047 
     6900.0000  -1.019457   0.376507  -0.642949 
     7000.0000  -1.030447   0.367074  -0.663373 
     7100.0000  -1.023741   0.368213  -0.655528 
     7200.0000  -1.039926   0.373978  -0.665948 
     7300.0000  -1.044913   0.363935  -0.680978 
     7400.0000  -1.040514   0.369990  -0.670523 
     7500.0000  -1.039296   0.354955  -0.684341 
     7600.0000  -1.030508   0.360524  -0.669984 
     7700.0000  -1.038664   0.373594  -0.665070 
     7800.0000  -1.039959   0.368282  -0.671677 
     7900.0000  -1.045806   0.370078  -0.675728 
     8000.0000  -1.049014   0.363796  -0.685218 
     8100.0000  -1.052432   0.366959  -0.685474 
     8200.0000  -1.057392   0.362560  -0.694831 
     8300.0000  -1.062489   0.365949  -0.696540 
     8400.0000  -1.074386   0.357538  -0.716848 
     8500.0000  -1.058430   0.363643  -0.694786 
     8600.0000  -1.060170   0.364032  -0.696137 
     8700.0000  -1.067938   0.368003  -0.699934 
     8800.0000  -1.059749   0.367819  -0.691930 
     8900.0000  -1.048447   0.369651  -0.678797 
     9000.0000  -1.052958   0.369682  -0.683276 
     9100.0000  -1.053861   0.367867  -0.685994 
     9200.0000  -1.053253   0.357511  -0.695742 
     9300.0000  -1.061378   0.364632  -0.696746 
     9400.0000  -1.068676   0.362652  -0.706024 
     9500.0000  -1.068101   0.365557  -0.702543 
     9600.0000  -1.059435   0.370010  -0.689425 
     9700.0000  -1.075178   0.371542  -0.703636 
     9800.0000  -1.092280   0.368015  -0.724264 
     9900.0000  -1.094987   0.365238  -0.729749 
    10000.0000  -1.090809   0.375653  -0.715156 
    10100.0000  -1.101361   0.365689  -0.735673 
    10200.0000  -1.098546   0.372006  -0.726539 
    10300.0000  -1.097504   0.369904  -0.727599 
    10400.0000  -1.102624   0.368849  -0.733775 
    10500.0000  -1.104568   0.367982  -0.736586 
    10600.0000  -1.095719   0.374523  -0.721196 
    10700.0000  -1.081961   0.374997  -0.706964 
    10800.0000  -1.075188   0.365103  -0.710086 
    10900.0000  -1.068786   0.358117  -0.710669 
    11000.0000  -1.094651   0.361855  -0.732796 
    11100.0000  -1.106436   0.365333  -0.741103 
    11200.0000  -1.108427   0.372508  -0.735919 
    11300.0000  -1.105116   0.365905  -0.739212 
    11400.0000  -1.106335   0.362119  -0.744215 
    11500.0000  -1.110797   0.367923  -0.742874 
    11600.0000  -1.115418   0.363096  -0.752322 
    11700.0000  -1.145889   0.363365  -0.782524 
    11800.0000  -1.142755   0.359350  -0.783405 
    11900.0000  -1.147308   0.370723  -0.776585 
    12000.0000  -1.144840   0.360709  -0.784131 
    12100.0000  -1.137117   0.362804  -0.774313 
    12200.0000  -1.147638   0.366299  -0.781339 
    12300.0000  -1.152336   0.370807  -0.781528 
    12400.0000  -1.158120   0.363122  -0.794998 
    12500.0000  -1.166602   0.365611  -0.800992 
    12600.0000  -1.159042   0.367444  -0.791597 
    12700.0000  -1.182733   0.371330  -0.811403 
    12800.0000  -1.177337   0.363281  -0.814056 
    12900.0000  -1.169995   0.366269  -0.803726 
    13000.0000  -1.177052   0.370563  -0.806490 
    13100.0000  -1.187251   0.368457  -0.818794 
    13200.0000  -1.189202   0.362573  -0.826629 
    13300.0000  -1.175732   0.362309  -0.813423 
    13400.0000  -1.172238   0.368302  -0.803936 
    13500.0000  -1.187825   0.361410  -0.826415 
    13600.0000  -1.191008   0.368850  -0.822159 
    13700.0000  -1.186432   0.365809  -0.820622 
    13800.0000  -1.191499   0.375476  -0.816023 
    13900.0000  -1.189828   0.362185  -0.827643 
    14000.0000  -1.211163   0.371517  -0.839646 
    14100.0000  -1.211008   0.372541  -0.838467 
    14200.0000  -1.209704   0.367280  -0.842423 
    14300.0000  -1.204634   0.365009  -0.839625 
    14400.0000  -1.211122   0.370829  -0.840293 
    14500.0000  -1.220552   0.358935  -0.861616 
    14600.0000  -1.224917   0.358802  -0.866115 
    14700.0000  -1.238369   0.361233  -0.877137 
    14800.0000  -1.233512   0.365877  -0.867635 
    14900.0000  -1.231077   0.368336  -0.862741 
    15000.0000  -1.234773   0.362494  -0.872280 
    15100.0000  -1.236739   0.367918  -0.868821 
    15200.0000  -1.245767   0.362718  -0.883048 
    15300.0000  -1.252208   0.359256  -0.892952 
    15400.0000  -1.258648   0.364225  -0.894423 
    15500.0000  -1.263977   0.366669  -0.897308 
    15600.0000  -1.263454   0.363284  -0.900170 
    15700.0000  -1.259649   0.363972  -0.895676 
    15800.0000  -1.260059   0.363172  -0.896887 
    15900.0000  -1.259357   0.358884  -0.900473 
    16000.0000  -1.273638   0.366024  -0.907615 
    16100.0000  -1.268117   0.360833  -0.907284 
    16200.0000  -1.266769   0.366606  -0.900163 
    16300.0000  -1.268412   0.360348  -0.908065 
    16400.0000  -1.269520   0.352451  -0.917069 
    16500.0000  -1.262532   0.366648  -0.895885 
    16600.0000  -1.282421   0.363222  -0.919199 
    16700.0000  -1.267346   0.356323  -0.911023 
    16800.0000  -1.293822   0.366126  -0.927696 
    16900.0000  -1.289042   0.367817  -0.921225 
    17000.0000  -1.306565   0.360684  -0.945881 
    17100.0000  -1.310924   0.369751  -0.941173 
    17200.0000  -1.323840   0.371578  -0.952262 
    17300.0000  -1.312910   0.358932  -0.953978 
    17400.0000  -1.327791   0.368833  -0.958959 
    17500.0000  -1.332856   0.370939  -0.961917 
    17600.0000  -1.340535   0.364750  -0.975785 
    17700.0000  -1.342028   0.365199  -0.976829 
    17800.0000  -1.340859   0.367103  -0.973756 
    17900.0000  -1.366325   0.373642  -0.992683 
    18000.0000  -1.370831   0.361530  -1.009301 
    18100.0000  -1.359434   0.357971  -1.001464 
    18200.0000  -1.357916   0.368090  -0.989825 
    18300.0000  -1.370182   0.362111  -1.008071 
    18400.0000  -1.351424   0.366767  -0.984657 
    18500.0000  -1.357848   0.371856  -0.985992 
    18600.0000  -1.362099   0.375908  -0.986192 
    18700.0000  -1.372820   0.366061  -1.006759 
    18800.0000  -1.372083   0.370467  -1.001615 
    18900.0000  -1.374171   0.365349  -1.008822 
    19000.0000  -1.392857   0.367989  -1.024869 
    19100.0000  -1.399577   0.368620  -1.030957 
    19200.0000  -1.389999   0.372654  -1.017344 
    19300.0000  -1.393045   0.371853  -1.021192 
    19400.0000  -1.396576   0.370093  -1.026483 
    19500.0000  -1.393634   0.359762  -1.033872 
    19600.0000  -1.407842   0.370876  -1.036966 
    19700.0000  -1.410156   0.366678  -1.043478 
    19800.0000  -1.402272   0.369891  -1.032382 
    19900.0000  -1.406225   0.365776  -1.040450 
    20000.0000  -1.421155   0.357106  -1.064049 
    20100.0000  -1.413707   0.373009  -1.040698 
    20200.0000  -1.406498   0.366725  -1.039772 
    20300.0000  -1.402275   0.367864  -1.034410 
    20400.0000  -1.416165   0.363839  -1.052326 
    20500.0000  -1.403941   0.370454  -1.033487 
    20600.0000  -1.407921   0.366781  -1.041140 
    20700.0000  -1.432759   0.360668  -1.072091 
    20800.0000  -1.430753   0.359254  -1.071499 
    20900.0000  -1.435229   0.364498  -1.070732 
    21000.0000  -1.446037   0.366637  -1.079400 
    21100.0000  -1.451050   0.374088  -1.076961 
    21200.0000  -1.454218   0.370072  -1.084146 
    21300.0000  -1.458097   0.372325  -1.085771 
    21400.0000  -1.465015   0.364789  -1.100226 
    21500.0000  -1.471730   0.349381  -1.122349 
    21600.0000  -1.469732   0.367360  -1.102372 
    21700.0000  -1.472440   0.365055  -1.107385 
    21800.0000  -1.457432   0.363332  -1.094100 
    21900.0000  -1.453168   0.361640  -1.091528 
    22000.0000  -1.469161   0.364820  -1.104341 
    22100.0000  -1.473411   0.370234  -1.103177 
    22200.0000  -1.483830   0.365999  -1.117832 
    22300.0000  -1.478398   0.366790  -1.111608 
    22400.0000  -1.483765   0.365779  -1.117986 
    22500.0000  -1.489828   0.364081  -1.125747 
    22600.0000  -1.503488   0.372409  -1.131079 
    22700.0000  -1.501881   0.364421  -1.137460 
    22800.0000  -1.498490   0.366266  -1.132224 
    22900.0000  -1.500401   0.369082  -1.131319 
    23000.0000  -1.504070   0.367676  -1.136394 
    23100.0000  -1.507613   0.350863  -1.156750 
    23200.0000  -1.504180   0.368993  -1.135186 
    23300.0000  -1.517072   0.365480  -1.151592 
    23400.0000  -1.526704   0.367573  -1.159131 
    23500.0000  -1.536090   0.374678  -1.161412 
    23600.0000  -1.519135   0.366200  -1.152934 
    23700.0000  -1.510465   0.361323  -1.149142 
    23800.0000  -1.526420   0.374587  -1.151834 
    23900.0000  -1.522046   0.372286  -1.149761 
    24000.0000  -1.529216   0.374210  -1.155006 
    24100.0000  -1.542196   0.363107  -1.179089 
    24200.0000  -1.536064   0.368802  -1.167262 
    24300.0000  -1.542791   0.368023  -1.174767 
    24400.0000  -1.538859   0.363048  -1.175810 
    24500.0000  -1.535993   0.357607  -1.178386 
    24600.0000  -1.525978   0.361997  -1.163981 
    24700.0000  -1.540659   0.363375  -1.177284 
    24800.0000  -1.546366   0.366992  -1.179375 
    24900.0000  -1.562380   0.372046  -1.190334 
    25000.0000  -1.551754   0.369207  -1.182547 
    25100.0000  -1.561400   0.362773  -1.198627 
    25200.0000  -1.557280   0.359739  -1.197541 
    25300.0000  -1.564489   0.362051  -1.202438 
    25400.0000  -1.560315   0.369328  -1.190987 
    25500.0000  -1.562326   0.373083  -1.189243 
    25600.0000  -1.571373   0.360757  -1.210616 
    25700.0000  -1.560338   0.358508  -1.201831 
    25800.0000  -1.560064   0.369198  -1.190866 
    25900.0000  -1.550212   0.364787  -1.185425 
    26000.0000  -1.554826   0.366596  -1.188230 
    26100.0000  -1.574339   0.357690  -1.216649 
    26200.0000  -1.570375   0.367833  -1.202542 
    26300.0000  -1.582796   0.368689  -1.214107 
    26400.0000  -1.580296   0.373427  -1.206869 
    26500.0000  -1.578107   0.377216  -1.200891 
    26600.0000  -1.577591   0.369890  -1.207701 
    26700.0000  -1.577932   0.370137  -1.207794 
    26800.0000  -1.594030   0.372814  -1.221217 
    26900.0000  -1.605529   0.365794  -1.239735 
    27000.0000  -1.608871   0.358870  -1.250001 
    27100.0000  -1.619906   0.362074  -1.257832 
    27200.0000  -1.632820   0.359731  -1.273089 
    27300.0000  -1.633874   0.366419  -1.267455 
    27400.0000  -1.632209   0.369218  -1.262992 
    27500.0000  -1.612088   0.362157  -1.249931 
    27600.0000  -1.621845   0.366930  -1.254915 
    27700.0000  -1.616549   0.365596  -1.250953 
    27800.0000  -1.610896   0.367821  -1.243076 
    27900.0000  -1.614136   0.368954  -1.245181 
    28000.0000  -1.627747   0.361395  -1.266352 
    28100.0000  -1.639489   0.366968  -1.272521 
    28200.0000  -1.643482   0.363507  -1.279975 
    28300.0000  -1.658483   0.370042  -1.288441 
    28400.0000  -1.663411   0.358881  -1.304530 
    28500.0000  -1.661292   0.368627  -1.292664 
    28600.0000  -1.670211   0.372585  -1.297626 
    28700.0000  -1.673586   0.367993  -1.305593 
    28800.0000  -1.676027   0.370503  -1.305524 
    28900.0000  -1.677557   0.363202  -1.314355 
    29000.0000  -1.678454   0.369711  -1.308744 
    29100.0000  -1.678168   0.365884  -1.312284 
    29200.0000  -1.688389   0.366234  -1.322155 
    29300.0000  -1.692181   0.355863  -1.336318 
    29400.0000  -1.678621   0.364987  -1.313634 
    29500.0000  -1.681675   0.354153  -1.327522 
    29600.0000  -1.693159   0.361495  -1.331663 
    29700.0000  -1.691816   0.366434  -1.325382 
    29800.0000  -1.696501   0.363057  -1.333444 
    29900.0000  -1.697322   0.362944  -1.334378 
    30000.0000  -1.703394   0.370168  -1.333227 
    30100.0000  -1.704747   0.367194  -1.337553 
    30200.0000  -1.694541   0.362034  -1.332507 
    30300.0000  -1.714837   0.369858  -1.344979 
    30400.0000  -1.715731   0.362084  -1.353647 
    30500.0000  -1.718326   0.366374  -1.351952 
    30600.0000  -1.715511   0.368046  -1.347465 
    30700.0000  -1.710840   0.361543  -1.349297 
    30800.0000  -1.718953   0.364247  -1.354706 
    30900.0000  -1.721529   0.364346  -1.357183 
    31000.0000  -1.721835   0.357035  -1.364799 
    31100.0000  -1.720063   0.373212  -1.346851 
    31200.0000  -1.725263   0.365211  -1.360053 
    31300.0000  -1.729479   0.360728  -1.368752 
    31400.0000  -1.733224   0.363498  -1.369725 
    31500.0000  -1.735109   0.359476  -1.375633 
    31600.0000  -1.734495   0.367085  -1.367410 
    31700.0000  -1.743642   0.362622  -1.381021 
    31800.0000  -1.741438   0.356606  -1.384832 
    31900.0000  -1.745787   0.372006  -1.373782 
    32000.0000  -1.765297   0.370514  -1.394783 
    32100.0000  -1.771820   0.369586  -1.402234 
    32200.0000  -1.773076   0.360085  -1.412991 
    32300.0000  -1.783852   0.368915  -1.414937 
    32400.0000  -1.783591   0.371501  -1.412090 
    32500.0000  -1.781127   0.363727  -1.417401 
    32600.0000  -1.780570   0.377137  -1.403432 
    32700.0000  -1.783187   0.365690  -1.417497 
    32800.0000  -1.778664   0.368004  -1.410660 
    32900.0000  -1.776402   0.371053  -1.405348 
    33000.0000  -1.789009   0.365235  -1.423775 
    33100.0000  -1.797686   0.364421  -1.433265 
    33200.0000  -1.792244   0.364022  -1.428222 
    33300.0000  -1.793935   0.360926  -1.433009 
    33400.0000  -1.799257   0.365542  -1.433715 
    33500.0000  -1.805429   0.366027  -1.439402 
    33600.0000  -1.816773   0.368922  -1.447851 
    33700.0000  -1.814092   0.363218  -1.450874 
    33800.0000  -1.824415   0.362576  -1.461839 
    33900.0000  -1.835344   0.369802  -1.465542 
    34000.0000  -1.830734   0.362318  -1.468416 
    34100.0000  -1.836352   0.362966  -1.473386 
    34200.0000  -1.837180   0.373040  -1.464140 
    34300.0000  -1.835903   0.371063  -1.464840 
    34400.0000  -1.842570   0.367321  -1.475249 
    34500.0000  -1.834915   0.367167  -1.467748 
    34600.0000  -1.829073   0.369657  -1.459416 
    34700.0000  -1.849666   0.363017  -1.486649 
    34800.0000  -1.843506   0.368129  -1.475377 
    34900.0000  -1.847465   0.365866  -1.481599 
    35000.0000  -1.855781   0.370344  -1.485436 
    35100.0000  -1.854672   0.364060  -1.490613 
    35200.0000  -1.860888   0.366483  -1.494405 
    35300.0000  -1.868776   0.363639  -1.505137 
    35400.0000  -1.864928   0.372130  -1.492798 
    35500.0000  -1.880915   0.363196  -1.517719 
    35600.0000  -1.883520   0.361450  -1.522071 
    35700.0000  -1.895842   0.371805  -1.524036 
    35800.0000  -1.910109   0.364873  -1.545235 
    35900.0000  -1.918803   0.362023  -1.556780 
    36000.0000  -1.913303   0.375655  -1.537648 
    36100.0000  -1.907565   0.367348  -1.540217 
    36200.0000  -1.904726   0.361353  -1.543373 
    36300.0000  -1.911545   0.368140  -1.543405 
    36400.0000  -1.907075   0.364908  -1.542167 
    36500.0000  -1.915230   0.370856  -1.544374 
    36600.0000  -1.909244   0.373336  -1.535907 
    36700.0000  -1.899515   0.369536  -1.529978 
    36800.0000  -1.900435   0.364530  -1.535905 
    36900.0000  -1.912577   0.360158  -1.552419 
    37000.0000  -1.919541   0.366865  -1.552677 
    37100.0000  -1.921168   0.361268  -1.559901 
    37200.0000  -1.933781   0.367012  -1.566769 
    37300.0000  -1.931328   0.366805  -1.564523 
    37400.0000  -1.929674   0.366333  -1.563341 
    37500.0000  -1.923686   0.364165  -1.559521 
    37600.0000  -1.923718   0.373071  -1.550647 
    37700.0000  -1.940479   0.374210  -1.566268 
    37800.0000  -1.938139   0.371100  -1.567039 
    37900.0000  -1.932424   0.367077  -1.565346 
    38000.0000  -1.934770   0.370103  -1.564667 
    38100.0000  -1.954067   0.367667  -1.586400 
    38200.0000  -1.954919   0.365170  -1.589750 
    38300.0000  -1.950309   0.363867  -1.586442 
    38400.0000  -1.951326   0.360553  -1.590773 
    38500.0000  -1.950041   0.368692  -1.581349 
    38600.0000  -1.956410   0.369105  -1.587305 
    38700.0000  -1.962800   0.366720  -1.596080 
    38800.0000  -1.960599   0.366572  -1.594027 
    38900.0000  -1.964631   0.364267  -1.600364 
    39000.0000  -1.963688   0.361887  -1.601801 
    39100.0000  -1.962068   0.368680  -1.593389 
    39200.0000  -1.968545   0.368633  -1.599912 
    39300.0000  -1.972034   0.362880  -1.609154 
    39400.0000  -1.979041   0.366274  -1.612767 
    39500.0000  -1.971070   0.359987  -1.611083 
    39600.0000  -1.980795   0.358460  -1.622335 
    39700.0000  -1.983379   0.354791  -1.628588 
    39800.0000  -1.996037   0.361193  -1.634843 
    39900.0000  -2.000231   0.364379  -1.635852 
    40000.0000  -2.006943   0.363852  -1.643091 
    40100.0000  -2.006299   0.367599  -1.638700 
    40200.0000  -2.001831   0.357834  -1.643997 
    40300.0000  -2.019142   0.365647  -1.653494 
    40400.0000  -2.018823   0.366633  -1.652190 
    40500.0000  -2.019294   0.363869  -1.655425 
    40600.0000  -2.017699   0.365390  -1.652309 
    40700.0000  -2.017262   0.362103  -1.655159 
    40800.0000  -2.020107   0.367712  -1.652395 
    40900.0000  -2.028405   0.358518  -1.669887 
    41000.0000  -2.018965   0.363897  -1.655068 
    41100.0000  -2.028978   0.364904  -1.664074 
    41200.0000  -2.035425   0.368474  -1.666951 
    41300.0000  -2.037162   0.378040  -1.659122 
    41400.0000  -2.053744   0.359768  -1.693976 
    41500.0000  -2.049629   0.367823  -1.681807 
    41600.0000  -2.051951   0.369271  -1.682680 
    41700.0000  -2.052951   0.363334  -1.689616 
    41800.0000  -2.052754   0.361415  -1.691339 
    41900.0000  -2.048932   0.365428  -1.683504 
    42000.0000  -2.051700   0.371067  -1.680633 
    42100.0000  -2.054570   0.364131  -1.690439 
    42200.0000  -2.058783   0.370621  -1.688162 
    42300.0000  -2.056891   0.370033  -1.686857 
    42400.0000  -2.062790   0.366423  -1.696366 
    42500.0000  -2.047858   0.356774  -1.691084 
    42600.0000  -2.048069   0.368181  -1.679888 
    42700.0000  -2.056461   0.363019  -1.693442 
    42800.0000  -2.058442   0.368225  -1.690217 
    42900.0000  -2.062907   0.367667  -1.695240 
    43000.0000  -2.049291   0.375222  -1.674069 
    43100.0000  -2.066565   0.363867  -1.702698 
    43200.0000  -2.080775   0.371034  -1.709741 
    43300.0000  -2.076580   0.370301  -1.706279 
    43400.0000  -2.082871   0.360153  -1.722718 
    43500.0000  -2.072626   0.364644  -1.707982 
    43600.0000  -2.071322   0.368985  -1.702336 
    43700.0000  -2.067092   0.365950  -1.701142 
    43800.0000  -2.070610   0.362627  -1.707983 
    43900.0000  -2.066893   0.357258  -1.709635 
    44000.0000  -2.072796   0.369090  -1.703706 
    44100.0000  -2.082038   0.362220  -1.719818 
    44200.0000  -2.082713   0.367797  -1.714915 
    44300.0000  -2.080522   0.366446  -1.714076 
    44400.0000  -2.089072   0.368731  -1.720341 
    44500.0000  -2.084763   0.367979  -1.716784 
    44600.0000  -2.079496   0.369743  -1.709753 
    44700.0000  -2.085896   0.363897  -1.721999 
    44800.0000  -2.085457   0.371801  -1.713655 
    44900.0000  -2.082160   0.361041  -1.721120 
    45000.0000  -2.084281   0.365889  -1.718392 
    45100.0000  -2.088916   0.359602  -1.729314 
    45200.0000  -2.088921   0.363657  -1.725264 
    45300.0000  -2.086913   0.371924  -1.714989 
    45400.0000  -2.089532   0.366055  -1.723477 
    45500.0000  -2.090301   0.359034  -1.731267 
    45600.0000  -2.100364   0.367797  -1.732567 
    45700.0000  -2.099106   0.377855  -1.721251 
    45800.0000  -2.099898   0.361377  -1.738521 
    45900.0000  -2.100093   0.378368  -1.721725 
    46000.0000  -2.097818   0.356319  -1.741500 
    46100.0000  -2.105329   0.372524  -1.732804 
    46200.0000  -2.097739   0.361427  -1.736313 
    46300.0000  -2.097454   0.360058  -1.737395 
    46400.0000  -2.102882   0.361639  -1.741243 
    46500.0000  -2.104441   0.359321  -1.745120 
    46600.0000  -2.100899   0.359839  -1.741060 
    46700.0000  -2.104980   0.363202  -1.741779 
    46800.0000  -2.108507   0.371951  -1.736556 
    46900.0000  -2.104534   0.368083  -1.736451 
    47000.0000  -2.108968   0.365629  -1.743340 
    47100.0000  -2.111850   0.361069  -1.750781 
    47200.0000  -2.116980   0.370779  -1.746201 
    47300.0000  -2.118975   0.349191  -1.769784 
    47400.0000  -2.122083   0.374351  -1.747732 
    47500.0000  -2.120636   0.371944  -1.748693 
    47600.0000  -2.124351   0.368117  -1.756234 
    47700.0000  -2.124759   0.368547  -1.756212 
    47800.0000  -2.131071   0.358330  -1.772741 
    47900.0000  -2.118921   0.367259  -1.751662 
    48000.0000  -2.123700   0.368054  -1.755647 
    48100.0000  -2.124350   0.369709  -1.754641 
    48200.0000  -2.129255   0.369617  -1.759638 
    48300.0000  -2.132095   0.360417  -1.771679 
    48400.0000  -2.139594   0.356473  -1.783121 
    48500.0000  -2.135488   0.367340  -1.768147 
    48600.0000  -2.135131   0.366091  -1.769040 
    48700.0000  -2.139640   0.376521  -1.763119 
    48800.0000  -2.128664   0.359751  -1.768913 
    48900.0000  -2.128040   0.365557  -1.762482 
    49000.0000  -2.135725   0.370651  -1.765074 
    49100.0000  -2.131207   0.364757  -1.766450 
    49200.0000  -2.126024   0.373315  -1.752709 
    49300.0000  -2.119795   0.370729  -1.749066 
    49400.0000  -2.118418   0.363196  -1.755223 
    49500.0000  -2.127077   0.365306  -1.761771 
    49600.0000  -2.137053   0.370661  -1.766392 
    49700.0000  -2.142241   0.366510  -1.775731 
    49800.0000  -2.133626   0.364879  -1.768747 
    49900.0000  -2.141907   0.359620  -1.782287 
    50000.0000  -2.142335   0.366240  -1.776095 
    50100.0000  -2.143067   0.370115  -1.772952 
    50200.0000  -2.132751   0.358915  -1.773836 
    50300.0000  -2.146338   0.364010  -1.782328 
    50400.0000  -2.145532   0.368292  -1.777240 
    50500.0000  -2.149857   0.361501  -1.788356 
    50600.0000  -2.145857   0.366626  -1.779231 
    50700.0000  -2.140458   0.363758  -1.776700 
    50800.0000  -2.142789   0.368161  -1.774629 
    50900.0000  -2.144544   0.367912  -1.776631 
    51000.0000  -2.156744   0.369295  -1.787449 
    51100.0000  -2.159201   0.364122  -1.795079 
    51200.0000  -2.154683   0.365603  -1.789080 
    51300.0000  -2.156290   0.359983  -1.796307 
    51400.0000  -2.156643   0.362459  -1.794184 
    51500.0000  -2.152766   0.361603  -1.791163 
    51600.0000  -2.151673   0.370688  -1.780985 
    51700.0000  -2.161245   0.362984  -1.798261 
    51800.0000  -2.149812   0.364989  -1.784824 
    51900.0000  -2.153509   0.359936  -1.793573 
    52000.0000  -2.154709   0.360960  -1.793749 
    52100.0000  -2.162090   0.367584  -1.794506 
    52200.0000  -2.171605   0.372561  -1.799044 
    52300.0000  -2.172986   0.360933  -1.812053 
    52400.0000  -2.173574   0.372583  -1.800991 
    52500.0000  -2.168953   0.369203  -1.799749 
    52600.0000  -2.181604   0.363829  -1.817775 
    52700.0000  -2.179270   0.358134  -1.821136 
    52800.0000  -2.180778   0.365890  -1.814888 
    52900.0000  -2.184409   0.368006  -1.816403 
    53000.0000  -2.180880   0.364651  -1.816229 
    53100.0000  -2.192667   0.363428  -1.829240 
    53200.0000  -2.190167   0.363435  -1.826732 
    53300.0000  -2.186695   0.372425  -1.814270 
    53400.0000  -2.189455   0.360231  -1.829224 
    53500.0000  -2.186841   0.355127  -1.831714 
    53600.0000  -2.187661   0.372072  -1.815589 
    53700.0000  -2.194399   0.372570  -1.821829 
    53800.0000  -2.185384   0.364948  -1.820436 
    53900.0000  -2.184264   0.366661  -1.817604 
    54000.0000  -2.191132   0.374814  -1.816318 
    54100.0000  -2.185539   0.362969  -1.822571 
    54200.0000  -2.195322   0.368831  -1.826491 
    54300.0000  -2.200048   0.362497  -1.837551 
    54400.0000  -2.196347   0.364886  -1.831461 
    54500.0000  -2.204956   0.359861  -1.845095 
    54600.0000  -2.207442   0.373018  -1.834424 
    54700.0000  -2.197920   0.361069  -1.836852 
    54800.0000  -2.203014   0.363862  -1.839151 
    54900.0000  -2.197564   0.368248  -1.829316 
    55000.0000  -2.207747   0.361401  -1.846346 
    55100.0000  -2.211133   0.371601  -1.839531 
    55200.0000  -2.204831   0.362740  -1.842091 
    55300.0000  -2.210847   0.362485  -1.848362 
    55400.0000  -2.211015   0.362967  -1.848047 
    55500.0000  -2.208600   0.364976  -1.843624 
    55600.0000  -2.207869   0.369443  -1.838426 
    55700.0000  -2.210201   0.365857  -1.844344 
    55800.0000  -2.203217   0.366997  -1.836220 
    55900.0000  -2.212727   0.364074  -1.848653 
    56000.0000  -2.210081   0.363783  -1.846297 
    56100.0000  -2.222015   0.359166  -1.862850 
    56200.0000  -2.222356   0.364793  -1.857563 
    56300.0000  -2.218329   0.370372  -1.847957 
    56400.0000  -2.223929   0.364764  -1.859166 
    56500.0000  -2.217771   0.360359  -1.857412 
    56600.0000  -2.213109   0.365989  -1.847121 
    56700.0000  -2.222009   0.365961  -1.856047 
    56800.0000  -2.221929   0.367428  -1.854501 
    56900.0000  -2.216013   0.372210  -1.843803 
    57000.0000  -2.222192   0.361024  -1.861168 
    57100.0000  -2.221795   0.366944  -1.854851 
    57200.0000  -2.226128   0.360132  -1.865996 
    57300.0000  -2.224886   0.372675  -1.852211 
    57400.0000  -2.217905   0.373964  -1.843941 
    57500.0000  -2.234350   0.363534  -1.870816 
    57600.0000  -2.235624   0.362278  -1.873347 
    57700.0000  -2.243214   0.363132  -1.880081 
    57800.0000  -2.238229   0.361291  -1.876938 
    57900.0000  -2.225120   0.366682  -1.858437 
    58000.0000  -2.226897   0.371628  -1.855269 
    58100.0000  -2.226092   0.362498  -1.863594 
    58200.0000  -2.232942   0.373513  -1.859429 
    58300.0000  -2.228428   0.358176  -1.870252 
    58400.0000  -2.239199   0.371129  -1.868070 
    58500.0000  -2.236198   0.359343  -1.876854 
    58600.0000  -2.237923   0.364655  -1.873268 
    58700.0000  -2.229937   0.366649  -1.863288 
    58800.0000  -2.232188   0.367587  -1.864601 
    58900.0000  -2.224482   0.367006  -1.857476 
    59000.0000  -2.230603   0.370593  -1.860009 
    59100.0000  -2.234341   0.372538  -1.861804 
    59200.0000  -2.236942   0.364543  -1.872399 
    59300.0000  -2.234477   0.360181  -1.874296 
    59400.0000  -2.235386   0.368968  -1.866419 
    59500.0000  -2.241512   0.367979  -1.873533 
    59600.0000  -2.232810   0.368462  -1.864348 
    59700.0000  -2.238815   0.369047  -1.869768 
    59800.0000  -2.239486   0.371502  -1.867984 
    59900.0000  -2.245356   0.369233  -1.876123 
    60000.0000  -2.234965   0.368969  -1.865996 
    60100.0000  -2.242585   0.371723  -1.870862 
    60200.0000  -2.239262   0.370024  -1.869237 
    60300.0000  -2.246161   0.359290  -1.886871 
    60400.0000  -2.246504   0.369979  -1.876525 
    60500.0000  -2.252391   0.372308  -1.880083 
    60600.0000  -2.249385   0.361939  -1.887446 
    60700.0000  -2.249414   0.358655  -1.890759 
    60800.0000  -2.244822   0.369147  -1.875675 
    60900.0000  -2.239037   0.371836  -1.867201 
    61000.0000  -2.250726   0.367981  -1.882745 
    61100.0000  -2.242046   0.367198  -1.874847 
    61200.0000  -2.242212   0.356770  -1.885442 
    61300.0000  -2.245495   0.370755  -1.874740 
    61400.0000  -2.245425   0.366619  -1.878806 
    61500.0000  -2.237402   0.364754  -1.872649 
    61600.0000  -2.236901   0.366548  -1.870354 
    61700.0000  -2.232494   0.360664  -1.871829 
    61800.0000  -2.231964   0.370571  -1.861393 
    61900.0000  -2.248519   0.372588  -1.875932 
    62000.0000  -2.251646   0.372899  -1.878747 
    62100.0000  -2.239486   0.367464  -1.872022 
    62200.0000  -2.247864   0.366985  -1.880879 
    62300.0000  -2.252113   0.367499  -1.884614 
    62400.0000  -2.240156   0.359092  -1.881064 
    62500.0000  -2.250981   0.373261  -1.877720 
    62600.0000  -2.243501   0.363805  -1.879696 
    62700.0000  -2.254363   0.361138  -1.893225 
    62800.0000  -2.255270   0.362890  -1.892380 
    62900.0000  -2.255505   0.372506  -1.882999 
    63000.0000  -2.260002   0.371616  -1.888386 
    63100.0000  -2.255118   0.364058  -1.891060 
    63200.0000  -2.255935   0.368558  -1.887377 
    63300.0000  -2.251954   0.363086  -1.888869 
    63400.0000  -2.252094   0.366941  -1.885153 
    63500.0000  -2.259969   0.361868  -1.898101 
    63600.0000  -2.261175   0.368960  -1.892215 
    63700.0000  -2.257549   0.371641  -1.885908 
    63800.0000  -2.264898   0.367726  -1.897173 
    63900.0000  -2.257785   0.367911  -1.889874 
    64000.0000  -2.263786   0.373841  -1.889944 
    64100.0000  -2.259759   0.370581  -1.889177 
    64200.0000  -2.273326   0.363468  -1.909858 
    64300.0000  -2.276228   0.369495  -1.906733 
    64400.0000  -2.267884   0.362102  -1.905782 
    64500.0000  -2.272476   0.359547  -1.912929 
    64600.0000  -2.281023   0.366549  -1.914474 
    64700.0000  -2.272008   0.367779  -1.904230 
    64800.0000  -2.278557   0.364870  -1.913687 
    64900.0000  -2.276901   0.364025  -1.912876 
    65000.0000  -2.277241   0.370357  -1.906884 
    65100.0000  -2.288876   0.364402  -1.924474 
    65200.0000  -2.281525   0.358306  -1.923218 
    65300.0000  -2.281298   0.362111  -1.919188 
    65400.0000  -2.278987   0.365636  -1.913351 
    65500.0000  -2.284747   0.367719  -1.917028 
    65600.0000  -2.283857   0.362579  -1.921278 
    65700.0000  -2.283866   0.362885  -1.920982 
    65800.0000  -2.284153   0.360141  -1.924012 
    65900.0000  -2.279363   0.365080  -1.914283 
    66000.0000  -2.281102   0.370351  -1.910751 
    66100.0000  -2.281471   0.364370  -1.917101 
    66200.0000  -2.288193   0.366924  -1.921269 
    66300.0000  -2.280345   0.362737  -1.917608 
    66400.0000  -2.278591   0.359080  -1.919511 
    66500.0000  -2.284556   0.366566  -1.917990 
    66600.0000  -2.288980   0.364467  -1.924512 
    66700.0000  -2.275259   0.362262  -1.912997 
    66800.0000  -2.279176   0.368494  -1.910682 
    66900.0000  -2.267405   0.364040  -1.903365 
    67000.0000  -2.273878   0.375506  -1.898372 
    67100.0000  -2.286109   0.357466  -1.928642 
    67200.0000  -2.276202   0.367968  -1.908234 
    67300.0000  -2.275279   0.368094  -1.907184 
    67400.0000  -2.277686   0.366853  -1.910833 
    67500.0000  -2.281259   0.365473  -1.915786 
    67600.0000  -2.283581   0.357206  -1.926375 
    67700.0000  -2.284832   0.370777  -1.914055 
    67800.0000  -2.287757   0.366514  -1.921244 
    67900.0000  -2.284391   0.367848  -1.916543 
    68000.0000  -2.284040   0.364362  -1.919678 
    68100.0000  -2.287147   0.364562  -1.922585 
    68200.0000  -2.288328   0.363107  -1.925220 
    68300.0000  -2.289639   0.367827  -1.921812 
    68400.0000  -2.294541   0.370422  -1.924118 
    68500.0000  -2.288677   0.374545  -1.914132 
    68600.0000  -2.291870   0.369114  -1.922756 
    68700.0000  -2.284065   0.365838  -1.918227 
    68800.0000  -2.289119   0.359049  -1.930069 
    68900.0000  -2.287418   0.369258  -1.918160 
    69000.0000  -2.279194   0.375605  -1.903588 
    69100.0000  -2.288721   0.359446  -1.929275 
    69200.0000  -2.285349   0.368624  -1.916725 
    69300.0000  -2.281538   0.361439  -1.920100 
    69400.0000  -2.289013   0.365669  -1.923344 
    69500.0000  -2.286723   0.365316  -1.921407 
    69600.0000  -2.285428   0.369497  -1.915931 
    69700.0000  -2.299848   0.373289  -1.926559 
    69800.0000  -2.301731   0.360360  -1.941371 
    69900.0000  -2.292115   0.362060  -1.930055 
    70000.0000  -2.289705   0.371753  -1.917952 
    70100.0000  -2.292757   0.366117  -1.926640 
    70200.0000  -2.298799   0.369762  -1.929037 
    70300.0000  -2.296944   0.371832  -1.925112 
    70400.0000  -2.296240   0.362880  -1.933360 
    70500.0000  -2.296631   0.373717  -1.922914 
    70600.0000  -2.288149   0.365938  -1.922211 
    70700.0000  -2.283090   0.372247  -1.910843 
    70800.0000  -2.295614   0.361701  -1.933913 
    70900.0000  -2.284683   0.366251  -1.918433 
    71000.0000  -2.286694   0.365629  -1.921065 
    71100.0000  -2.286099   0.365024  -1.921076 
    71200.0000  -2.286017   0.368106  -1.917912 
    71300.0000  -2.281991   0.366349  -1.915642 
    71400.0000  -2.282838   0.375506  -1.907332 
    71500.0000  -2.290185   0.362118  -1.928067 
    71600.0000  -2.288823   0.370337  -1.918487 
    71700.0000  -2.289204   0.361196  -1.928008 
    71800.0000  -2.294102   0.363652  -1.930450 
    71900.0000  -2.294156   0.366275  -1.927881 
    72000.0000  -2.294873   0.369996  -1.924877 
    72100.0000  -2.295530   0.374936  -1.920594 
    72200.0000  -2.292983   0.361204  -1.931780 
    72300.0000  -2.292781   0.365714  -1.927066 
    72400.0000  -2.291257   0.375723  -1.915534 
    72500.0000  -2.291117   0.365682  -1.925435 
    72600.0000  -2.290433   0.359485  -1.930947 
    72700.0000  -2.290322   0.379066  -1.911255 
    72800.0000  -2.300349   0.364319  -1.936030 
    72900.0000  -2.294609   0.367720  -1.926889 
    73000.0000  -2.290924   0.364307  -1.926617 
    73100.0000  -2.298912   0.370176  -1.928737 
    73200.0000  -2.296189   0.365183  -1.931006 
    73300.0000  -2.301785   0.371081  -1.930703 
    73400.0000  -2.307083   0.365035  -1.942048 
    73500.0000  -2.308739   0.358048  -1.950692 
    73600.0000  -2.302328   0.360408  -1.941920 
    73700.0000  -2.312261   0.362263  -1.949999 
    73800.0000  -2.305847   0.361958  -1.943889 
    73900.0000  -2.309993   0.374576  -1.935417 
    74000.0000  -2.310354   0.359798  -1.950556 
    74100.0000  -2.313937   0.370066  -1.943871 
    74200.0000  -2.319988   0.368244  -1.951744 
    74300.0000  -2.325816   0.364125  -1.961691 
    74400.0000  -2.319708   0.372462  -1.947246 
    74500.0000  -2.320398   0.367853  -1.952545 
    74600.0000  -2.319751   0.362738  -1.957012 
    74700.0000  -2.320429   0.364398  -1.956030 
    74800.0000  -2.319367   0.371415  -1.947952 
    74900.0000  -2.316584   0.361750  -1.954834 
    75000.0000  -2.321805   0.369664  -1.952140 
    75100.0000  -2.326242   0.361213  -1.965029 
    75200.0000  -2.318766   0.373692  -1.945074 
    75300.0000  -2.319912   0.368982  -1.950931 
    75400.0000  -2.322593   0.373704  -1.948889 
    75500.0000  -2.320737   0.374067  -1.946670 
    75600.0000  -2.322150   0.371019  -1.951131 
    75700.0000  -2.310445   0.368734  -1.941712 
    75800.0000  -2.319104   0.360138  -1.958966 
    75900.0000  -2.321097   0.368351  -1.952747 
    76000.0000  -2.317685   0.367496  -1.950189 
    76100.0000  -2.318777   0.362146  -1.956632 
    76200.0000  -2.316598   0.362319  -1.954279 
    76300.0000  -2.318966   0.362399  -1.956568 
    76400.0000  -2.325786   0.360830  -1.964956 
    76500.0000  -2.321200   0.365664  -1.955537 
    76600.0000  -2.320216   0.362378  -1.957838 
    76700.0000  -2.322390   0.360177  -1.962213 
    76800.0000  -2.319544   0.365396  -1.954148 
    76900.0000  -2.322736   0.361313  -1.961423 
    77000.0000  -2.336986   0.366384  -1.970603 
    77100.0000  -2.328944   0.365330  -1.963613 
    77200.0000  -2.331256   0.380821  -1.950435 
    77300.0000  -2.329197   0.364986  -1.964212 
    77400.0000  -2.326541   0.374080  -1.952462 
    77500.0000  -2.330997   0.358548  -1.972449 
    77600.0000  -2.334822   0.364030  -1.970792 
    77700.0000  -2.330269   0.363436  -1.966833 
    77800.0000  -2.329864   0.363698  -1.966166 
    77900.0000  -2.327483   0.367649  -1.959834 
    78000.0000  -2.330480   0.366772  -1.963707 
    78100.0000  -2.330491   0.361639  -1.968851 
    78200.0000  -2.335389   0.363914  -1.971475 
    78300.0000  -2.327450   0.366928  -1.960522 
    78400.0000  -2.331863   0.371852  -1.960010 
    78500.0000  -2.328710   0.363629  -1.965082 
    78600.0000  -2.325126   0.362825  -1.962301 
    78700.0000  -2.321337   0.357423  -1.963914 
    78800.0000  -2.321905   0.368618  -1.953287 
    78900.0000  -2.319297   0.372427  -1.946870 
    79000.0000  -2.329725   0.366506  -1.963219 
    79100.0000  -2.326490   0.366024  -1.960466 
    79200.0000  -2.330181   0.365222  -1.964959 
    79300.0000  -2.327219   0.364847  -1.962372 
    79400.0000  -2.321823   0.365149  -1.956673 
    79500.0000  -2.328333   0.367172  -1.961161 
    79600.0000  -2.319336   0.364580  -1.954757 
    79700.0000  -2.327026   0.362835  -1.964191 
    79800.0000  -2.332709   0.363343  -1.969366 
    79900.0000  -2.323060   0.366814  -1.956246 
    80000.0000  -2.320650   0.370693  -1.949957 
    80100.0000  -2.329802   0.369006  -1.960796 
    80200.0000  -2.332736   0.373865  -1.958872 
    80300.0000  -2.331836   0.370170  -1.961666 
    80400.0000  -2.329687   0.367889  -1.961798 
    80500.0000  -2.331072   0.365298  -1.965774 
    80600.0000  -2.330135   0.361189  -1.968946 
    80700.0000  -2.326694   0.363629  -1.963065 
    80800.0000  -2.331771   0.375845  -1.955926 
    80900.0000  -2.329494   0.365194  -1.964299 
    81000.0000  -2.329026   0.361170  -1.967856 
    81100.0000  -2.327030   0.365272  -1.961758 
    81200.0000  -2.331022   0.369659  -1.961363 
    81300.0000  -2.330279   0.360537  -1.969742 
    81400.0000  -2.330312   0.368000  -1.962312 
    81500.0000  -2.321369   0.364236  -1.957133 
    81600.0000  -2.323527   0.365105  -1.958422 
    81700.0000  -2.321868   0.362384  -1.959483 
    81800.0000  -2.322421   0.365752  -1.956668 
    81900.0000  -2.327883   0.357072  -1.970812 
    82000.0000  -2.317156   0.354864  -1.962292 
    82100.0000  -2.329311   0.377426  -1.951885 
    82200.0000  -2.325923   0.365875  -1.960048 
    82300.0000  -2.331663   0.368812  -1.962851 
    82400.0000  -2.328011   0.359897  -1.968114 
    82500.0000  -2.333059   0.360416  -1.972644 
    82600.0000  -2.335204   0.361401  -1.973803 
    82700.0000  -2.325793   0.370974  -1.954819 
    82800.0000  -2.329156   0.374696  -1.954460 
    82900.0000  -2.323797   0.369749  -1.954048 
    83000.0000  -2.327418   0.365816  -1.961602 
    83100.0000  -2.324147   0.364959  -1.959187 
    83200.0000  -2.327393   0.376223  -1.951170 
    83300.0000  -2.326775   0.366924  -1.959851 
    83400.0000  -2.330456   0.373501  -1.956955 
    83500.0000  -2.328989   0.374780  -1.954209 
    83600.0000  -2.328804   0.363070  -1.965734 
    83700.0000  -2.337017   0.366624  -1.970394 
    83800.0000  -2.333117   0.359164  -1.973952 
    83900.0000  -2.343090   0.362733  -1.980357 
    84000.0000  -2.335510   0.369691  -1.965818 
    84100.0000  -2.332825   0.362843  -1.969982 
    84200.0000  -2.339293   0.365662  -1.973630 
    84300.0000  -2.337746   0.368591  -1.969155 
    84400.0000  -2.341232   0.374483  -1.966749 
    84500.0000  -2.341258   0.358900  -1.982358 
    84600.0000  -2.341958   0.370886  -1.971072 
    84700.0000  -2.338109   0.366651  -1.971458 
    84800.0000  -2.344532   0.364550  -1.979982 
    84900.0000  -2.343276   0.362038  -1.981238 
    85000.0000  -2.339229   0.370451  -1.968777 
    85100.0000  -2.345760   0.361429  -1.984331 
    85200.0000  -2.346328   0.369052  -1.977276 
    85300.0000  -2.345315   0.367067  -1.978248 
    85400.0000  -2.339750   0.361075  -1.978674 
    85500.0000  -2.333617   0.363195  -1.970422 
    85600.0000  -2.333430   0.369895  -1.963535 
    85700.0000  -2.329051   0.374770  -1.954281 
    85800.0000  -2.335409   0.370674  -1.964735 
    85900.0000  -2.329692   0.370090  -1.959602 
    86000.0000  -2.325543   0.359907  -1.965636 
    86100.0000  -2.327607   0.363421  -1.964186 
    86200.0000  -2.331215   0.362602  -1.968613 
    86300.0000  -2.337819   0.358523  -1.979296 
    86400.0000  -2.333666   0.369883  -1.963783 
    86500.0000  -2.331835   0.364674  -1.967161 
    86600.0000  -2.331131   0.370014  -1.961116 
    86700.0000  -2.330722   0.369784  -1.960939 
    86800.0000  -2.334823   0.365694  -1.969129 
    86900.0000  -2.332350   0.355347  -1.977003 
    87000.0000  -2.340304   0.364679  -1.975625 
    87100.0000  -2.338484   0.360062  -1.978422 
    87200.0000  -2.344935   0.370578  -1.974357 
    87300.0000  -2.338836   0.360402  -1.978434 
    87400.0000  -2.340709   0.368204  -1.972505 
    87500.0000  -2.339552   0.373392  -1.966160 
    87600.0000  -2.338334   0.359352  -1.978983 
    87700.0000  -2.343480   0.367203  -1.976277 
    87800.0000  -2.335257   0.369306  -1.965951 
    87900.0000  -2.337800   0.358861  -1.978938 
    88000.0000  -2.338390   0.368620  -1.969770 
    88100.0000  -2.333131   0.370941  -1.962190 
    88200.0000  -2.337183   0.363980  -1.973203 
    88300.0000  -2.338459   0.377963  -1.960496 
    88400.0000  -2.330895   0.362284  -1.968611 
    88500.0000  -2.331278   0.365485  -1.965793 
    88600.0000  -2.332058   0.370445  -1.961613 
    88700.0000  -2.335675   0.367746  -1.967929 
    88800.0000  -2.336372   0.367653  -1.968719 
    88900.0000  -2.334215   0.358968  -1.975247 
    89000.0000  -2.337601   0.365996  -1.971604 
    89100.0000  -2.339796   0.358687  -1.981110 
    89200.0000  -2.334206   0.362155  -1.972051 
    89300.0000  -2.334762   0.368494  -1.966268 
    89400.0000  -2.341759   0.364749  -1.977010 
    89500.0000  -2.343066   0.367483  -1.975583 
    89600.0000  -2.345912   0.372397  -1.973515 
    89700.0000  -2.336370   0.366112  -1.970258 
    89800.0000  -2.334251   0.363017  -1.971233 
    89900.0000  -2.336922   0.373721  -1.963200 
    90000.0000  -2.342637   0.365778  -1.976858 
    90100.0000  -2.338303   0.362806  -1.975497 
    90200.0000  -2.338420   0.359222  -1.979198 
    90300.0000  -2.345994   0.366248  -1.979747 
    90400.0000  -2.340127   0.364090  -1.976037 
    90500.0000  -2.339873   0.369881  -1.969992 
    90600.0000  -2.331676   0.366555  -1.965121 
    90700.0000  -2.335132   0.363212  -1.971919 
    90800.0000  -2.339544   0.363283  -1.976261 
    90900.0000  -2.343110   0.366583  -1.976527 
    91000.0000  -2.343638   0.373245  -1.970393 
    91100.0000  -2.346517   0.362610  -1.983908 
    91200.0000  -2.349313   0.364368  -1.984945 
    91300.0000  -2.349447   0.363424  -1.986023 
    91400.0000  -2.344406   0.365929  -1.978478 
    91500.0000  -2.350364   0.364024  -1.986340 
    91600.0000  -2.353265   0.371015  -1.982250 
    91700.0000  -2.350994   0.361451  -1.989544 
    91800.0000  -2.350675   0.358445  -1.992230 
    91900.0000  -2.342460   0.367377  -1.975082 
    92000.0000  -2.343029   0.370375  -1.972654 
    92100.0000  -2.338035   0.366105  -1.971930 
    92200.0000  -2.346766   0.370722  -1.976044 
    92300.0000  -2.343450   0.376377  -1.967073 
    92400.0000  -2.333524   0.364761  -1.968763 
    92500.0000  -2.346652   0.363857  -1.982795 
    92600.0000  -2.341863   0.371891  -1.969973 
    92700.0000  -2.341360   0.366722  -1.974638 
    92800.0000  -2.344282   0.371211  -1.973071 
    92900.0000  -2.340836   0.365880  -1.974956 
    93000.0000  -2.347150   0.362463  -1.984687 
    93100.0000  -2.340586   0.368978  -1.971608 
    93200.0000  -2.339468   0.364331  -1.975138 
    93300.0000  -2.350439   0.371554  -1.978885 
    93400.0000  -2.348635   0.370184  -1.978451 
    93500.0000  -2.355192   0.369764  -1.985428 
    93600.0000  -2.342424   0.372806  -1.969618 
    93700.0000  -2.348351   0.368396  -1.979955 
    93800.0000  -2.345671   0.373400  -1.972271 
    93900.0000  -2.347141   0.366724  -1.980418 
    94000.0000  -2.347875   0.360441  -1.987434 
    94100.0000  -2.338441   0.362899  -1.975541 
    94200.0000  -2.347991   0.361688  -1.986302 
    94300.0000  -2.341247   0.358981  -1.982266 
    94400.0000  -2.333125   0.369128  -1.963998 
    94500.0000  -2.340754   0.365195  -1.975559 
    94600.0000  -2.343242   0.364886  -1.978356 
    94700.0000  -2.337957   0.371936  -1.966020 
    94800.0000  -2.342363   0.365663  -1.976700 
    94900.0000  -2.340875   0.371569  -1.969307 
    95000.0000  -2.341756   0.368310  -1.973447 
    95100.0000  -2.347247   0.368921  -1.978326 
    95200.0000  -2.340008   0.356415  -1.983594 
    95300.0000  -2.339528   0.363894  -1.975633 
    95400.0000  -2.333882   0.371908  -1.961974 
    95500.0000  -2.341619   0.363276  -1.978342 
    95600.0000  -2.347851   0.364645  -1.983206 
    95700.0000  -2.342410   0.369922  -1.972487 
    95800.0000  -2.344177   0.374816  -1.969361 
    95900.0000  -2.348251   0.364313  -1.983938 
    96000.0000  -2.349149   0.369257  -1.979892 
    96100.0000  -2.338636   0.367977  -1.970660 
    96200.0000  -2.340725   0.361548  -1.979177 
    96300.0000  -2.332504   0.366872  -1.965633 
    96400.0000  -2.339684   0.359183  -1.980501 
    96500.0000  -2.332642   0.368821  -1.963821 
    96600.0000  -2.338101   0.364640  -1.973461 
    96700.0000  -2.340211   0.366334  -1.973877 
    96800.0000  -2.338001   0.367456  -1.970545 
    96900.0000  -2.338235   0.359209  -1.979026 
    97000.0000  -2.338464   0.372659  -1.965805 
    97100.0000  -2.337504   0.364442  -1.973062 
    97200.0000  -2.343140   0.362594  -1.980546 
    97300.0000  -2.334794   0.367681  -1.967113 
    97400.0000  -2.337808   0.363580  -1.974228 
    97500.0000  -2.331028   0.369606  -1.961422 
    97600.0000  -2.332184   0.369900  -1.962283 
    97700.0000  -2.335336   0.367189  -1.968147 
    97800.0000  -2.335893   0.363984  -1.971909 
    97900.0000  -2.337220   0.369326  -1.967893 
    98000.0000  -2.338418   0.360903  -1.977514 
    98100.0000  -2.337319   0.362882  -1.974437 
    98200.0000  -2.337768   0.361383  -1.976385 
    98300.0000  -2.344812   0.366398  -1.978414 
    98400.0000  -2.345168   0.356561  -1.988607 
    98500.0000  -2.342674   0.370472  -1.972202 
    98600.0000  -2.336512   0.362167  -1.974344 
    98700.0000  -2.336514   0.367895  -1.968619 
    98800.0000  -2.347861   0.364807  -1.983054 
    98900.0000  -2.344908   0.372099  -1.972809 
    99000.0000  -2.342329   0.365316  -1.977013 
    99100.0000  -2.345908   0.359764  -1.986144 
    99200.0000  -2.345059   0.373137  -1.971922 
    99300.0000  -2.345070   0.360449  -1.984621 
    99400.0000  -2.333467   0.360491  -1.972977 
    99500.0000  -2.339515   0.359030  -1.980485 
    99600.0000  -2.340050   0.368055  -1.971995 
    99700.0000  -2.343331   0.364162  -1.979170 
    99800.0000  -2.351049   0.365496  -1.985552 
    99900.0000  -2.342737   0.374952  -1.967785 
   100000.0000  -2.340531   0.364963  -1.975568 
   100100.0000  -2.350471   0.368576  -1.981895 
   100200.0000  -2.337671   0.370841  -1.966830 
   100300.0000  -2.348710   0.372827  -1.975883 
   100400.0000  -2.350212   0.369981  -1.980232 
   100500.0000  -2.347910   0.357897  -1.990014 
   100600.0000  -2.354236   0.357873  -1.996363 
   100700.0000  -2.357775   0.363777  -1.993999 
   100800.0000  -2.351816   0.364286  -1.987530 
   100900.0000  -2.354315   0.367411  -1.986904 
   101000.0000  -2.349297   0.367410  -1.981886 
   101100.0000  -2.355411   0.362781  -1.992630 
   101200.0000  -2.354131   0.364649  -1.989482 
   101300.0000  -2.357991   0.369330  -1.988661 
   101400.0000  -2.360381   0.369783  -1.990598 
   101500.0000  -2.358230   0.359074  -1.999157 
   101600.0000  -2.356331   0.369798  -1.986533 
   101700.0000  -2.360895   0.361405  -1.999491 
   101800.0000  -2.362235   0.359894  -2.002342 
   101900.0000  -2.355698   0.366700  -1.988998 
   102000.0000  -2.357522   0.366483  -1.991038 
   102100.0000  -2.358735   0.368387  -1.990348 
   102200.0000  -2.367967   0.374019  -1.993948 
   102300.0000  -2.361899   0.360921  -2.000978 
   102400.0000  -2.354990   0.362390  -1.992600 
   102500.0000  -2.358145   0.365482  -1.992663 
   102600.0000  -2.352035   0.364626  -1.987409 
   102700.0000  -2.355818   0.365439  -1.990379 
   102800.0000  -2.357434   0.362006  -1.995428 
   102900.0000  -2.355179   0.368741  -1.986437 
   103000.0000  -2.356944   0.365509  -1.991436 
   103100.0000  -2.360535   0.370385  -1.990150 
   103200.0000  -2.356144   0.363925  -1.992219 
   103300.0000  -2.370097   0.369656  -2.000441 
   103400.0000  -2.369727   0.362582  -2.007145 
   103500.0000  -2.364303   0.358916  -2.005387 
   103600.0000  -2.360563   0.371064  -1.989498 
   103700.0000  -2.361953   0.371215  -1.990739 
   103800.0000  -2.362836   0.372644  -1.990192 
   103900.0000  -2.354496   0.372963  -1.981532 
   104000.0000  -2.356743   0.360375  -1.996368 
   104100.0000  -2.353758   0.361177  -1.992582 
   104200.0000  -2.362119   0.360689  -2.001430 
   104300.0000  -2.358420   0.370350  -1.988070 
   104400.0000  -2.357304   0.359996  -1.997309 
   104500.0000  -2.357376   0.368949  -1.988427 
   104600.0000  -2.365326   0.362865  -2.002461 
   104700.0000  -2.359747   0.366582  -1.993166 
   104800.0000  -2.364391   0.367083  -1.997309 
   104900.0000  -2.353768   0.361472  -1.992297 
   105000.0000  -2.358212   0.364358  -1.993854 
   105100.0000  -2.359579   0.358564  -2.001015 
   105200.0000  -2.365318   0.363223  -2.002095 
   105300.0000  -2.360424   0.374352  -1.986073 
   105400.0000  -2.366557   0.359756  -2.006800 
   105500.0000  -2.363734   0.354695  -2.009040 
   105600.0000  -2.365027   0.366886  -1.998141 
   105700.0000  -2.365651   0.359395  -2.006256 
   105800.0000  -2.367435   0.371435  -1.996000 
   105900.0000  -2.372065   0.369842  -2.002223 
   106000.0000  -2.371568   0.365546  -2.006022 
   106100.0000  -2.365980   0.366862  -1.999118 
   106200.0000  -2.375407   0.365797  -2.009610 
   106300.0000  -2.369872   0.368859  -2.001014 
   106400.0000  -2.366810   0.373034  -1.993777 
   106500.0000  -2.367171   0.364001  -2.003170 
   106600.0000  -2.368208   0.370411  -1.997797 
   106700.0000  -2.368488   0.366123  -2.002365 
   106800.0000  -2.363702   0.362933  -2.000769 
   106900.0000  -2.362226   0.357845  -2.004381 
   107000.0000  -2.360870   0.374915  -1.985954 
   107100.0000  -2.368724   0.363868  -2.004856 
   107200.0000  -2.365223   0.369270  -1.995954 
   107300.0000  -2.371857   0.356079  -2.015778 
   107400.0000  -2.369294   0.372191  -1.997103 
   107500.0000  -2.373379   0.367117  -2.006261 
   107600.0000  -2.367221   0.363981  -2.003240 
   107700.0000  -2.360854   0.369677  -1.991177 
   107800.0000  -2.370168   0.359948  -2.010220 
   107900.0000  -2.371273   0.370848  -2.000425 
   108000.0000  -2.364513   0.369159  -1.995354 
   108100.0000  -2.375186   0.366443  -2.008743 
   108200.0000  -2.374011   0.369840  -2.004172 
   108300.0000  -2.378108   0.370455  -2.007653 
   108400.0000  -2.374583   0.378288  -1.996295 
   108500.0000  -2.372472   0.372153  -2.000320 
   108600.0000  -2.369958   0.362254  -2.007705 
   108700.0000  -2.369808   0.362762  -2.007046 
   108800.0000  -2.372204   0.364032  -2.008172 
   108900.0000  -2.371590   0.366685  -2.004905 
   109000.0000  -2.370857   0.373502  -1.997355 
   109100.0000  -2.377256   0.360809  -2.016447 
   109200.0000  -2.375977   0.363941  -2.012036 
   109300.0000  -2.382399   0.362774  -2.019624 
   109400.0000  -2.383711   0.376153  -2.007558 
   109500.0000  -2.378111   0.371008  -2.007103 
   109600.0000  -2.381449   0.368097  -2.013352 
   109700.0000  -2.381859   0.375146  -2.006712 
   109800.0000  -2.389322   0.368921  -2.020402 
   109900.0000  -2.380753   0.362997  -2.017756 
   110000.0000  -2.382203   0.369125  -2.013077 
   110100.0000  -2.379199   0.369755  -2.009444 
   110200.0000  -2.379674   0.366542  -2.013132 
   110300.0000  -2.384013   0.376016  -2.007997 
   110400.0000  -2.382659   0.363138  -2.019521 
   110500.0000  -2.391894   0.369419  -2.022475 
   110600.0000  -2.385503   0.374855  -2.010648 
   110700.0000  -2.386905   0.367197  -2.019708 
   110800.0000  -2.395862   0.359585  -2.036276 
   110900.0000  -2.397779   0.374207  -2.023573 
   111000.0000  -2.401965   0.370686  -2.031278 
   111100.0000  -2.395927   0.366447  -2.029480 
   111200.0000  -2.400942   0.368722  -2.032220 
   111300.0000  -2.393693   0.362227  -2.031467 
   111400.0000  -2.390146   0.363089  -2.027057 
   111500.0000  -2.396405   0.364103  -2.032302 
   111600.0000  -2.402036   0.368589  -2.033447 
   111700.0000  -2.397765   0.376462  -2.021303 
   111800.0000  -2.398025   0.365103  -2.032922 
   111900.0000  -2.404220   0.359162  -2.045058 
   112000.0000  -2.405800   0.364608  -2.041192 
   112100.0000  -2.393301   0.362153  -2.031147 
   112200.0000  -2.397807   0.363487  -2.034319 
   112300.0000  -2.398149   0.372200  -2.025948 
   112400.0000  -2.402404   0.368519  -2.033886 
   112500.0000  -2.400017   0.367752  -2.032265 
   112600.0000  -2.400128   0.366920  -2.033207 
   112700.0000  -2.395052   0.377024  -2.018028 
   112800.0000  -2.400349   0.366588  -2.033762 
   112900.0000  -2.397676   0.364399  -2.033277 
   113000.0000  -2.392249   0.365422  -2.026827 
   113100.0000  -2.395811   0.367229  -2.028582 
   113200.0000  -2.396321   0.365943  -2.030379 
   113300.0000  -2.405146   0.366376  -2.038770 
   113400.0000  -2.404706   0.368424  -2.036282 
   113500.0000  -2.395964   0.371866  -2.024098 
   113600.0000  -2.401175   0.367552  -2.033623 
   113700.0000  -2.402014   0.362899  -2.039116 
   113800.0000  -2.402512   0.364968  -2.037544 
   113900.0000  -2.400746   0.361431  -2.039315 
   114000.0000  -2.400213   0.366652  -2.033560 
   114100.0000  -2.402071   0.357941  -2.044130 
   114200.0000  -2.400113   0.361820  -2.038293 
   114300.0000  -2.400442   0.363731  -2.036712 
   114400.0000  -2.398116   0.362005  -2.036111 
   114500.0000  -2.400546   0.374973  -2.025574 
   114600.0000  -2.394912   0.368291  -2.026621 
   114700.0000  -2.394286   0.364477  -2.029808 
   114800.0000  -2.399875   0.368621  -2.031254 
   114900.0000  -2.405581   0.367522  -2.038058 
   115000.0000  -2.397683   0.360879  -2.036804 
   115100.0000  -2.400953   0.367601  -2.033352 
   115200.0000  -2.401689   0.364758  -2.036931 
   115300.0000  -2.402308   0.368419  -2.033889 
   115400.0000  -2.391569   0.365478  -2.026091 
   115500.0000  -2.399452   0.369499  -2.029953 
   115600.0000  -2.405001   0.368815  -2.036186 
   115700.0000  -2.395129   0.367436  -2.027693 
   115800.0000  -2.393584   0.367101  -2.026484 
   115900.0000  -2.392696   0.366271  -2.026425 
   116000.0000  -2.393635   0.361073  -2.032562 
   116100.0000  -2.401288   0.363146  -2.038142 
   116200.0000  -2.397133   0.367970  -2.029162 
   116300.0000  -2.398684   0.362805  -2.035879 
   116400.0000  -2.395617   0.365530  -2.030086 
   116500.0000  -2.402298   0.360807  -2.041491 
   116600.0000  -2.395202   0.372053  -2.023150 
   116700.0000  -2.397349   0.363831  -2.033519 
   116800.0000  -2.398715   0.363509  -2.035206 
   116900.0000  -2.398109   0.359405  -2.038704 
   117000.0000  -2.401446   0.359832  -2.041614 
   117100.0000  -2.395386   0.365327  -2.030059 
   117200.0000  -2.391351   0.370657  -2.020694 
   117300.0000  -2.387688   0.358213  -2.029474 
   117400.0000  -2.397845   0.365981  -2.031863 
   117500.0000  -2.392269   0.362985  -2.029284 
   117600.0000  -2.402737   0.362239  -2.040498 
   117700.0000  -2.400705   0.364062  -2.036643 
   117800.0000  -2.406656   0.357973  -2.048682 
   117900.0000  -2.402568   0.358742  -2.043826 
   118000.0000  -2.404084   0.368125  -2.035959 
   118100.0000  -2.406145   0.366450  -2.039695 
   118200.0000  -2.410725   0.367467  -2.043258 
   118300.0000  -2.408087   0.359744  -2.048343 
   118400.0000  -2.409177   0.370811  -2.038366 
   118500.0000  -2.410129   0.366106  -2.044023 
   118600.0000  -2.404916   0.371015  -2.033901 
   118700.0000  -2.406195   0.366684  -2.039511 
   118800.0000  -2.405226   0.370153  -2.035073 
   118900.0000  -2.408961   0.367072  -2.041889 
   119000.0000  -2.410959   0.361197  -2.049762 
   119100.0000  -2.403457   0.365418  -2.038038 
   119200.0000  -2.401910   0.365459  -2.036451 
