        0.0000   1.166920   0.349165   1.516085 
      100.0000  -0.069397   0.341719   0.272322 
      200.0000  -0.131911   0.351157   0.219246 
      300.0000  -0.178402   0.351285   0.172883 
      400.0000  -0.230243   0.348027   0.117784 
      500.0000  -0.270204   0.348640   0.078436 
      600.0000  -0.315440   0.347549   0.032109 
      700.0000  -0.349543   0.356544   0.007001 
      800.0000  -0.374536   0.349343  -0.025193 
      900.0000  -0.415432   0.348492  -0.066940 
     1000.0000  -0.447228   0.342556  -0.104672 
     1100.0000  -0.463775   0.352449  -0.111326 
     1200.0000  -0.485501   0.347377  -0.138124 
     1300.0000  -0.514464   0.357358  -0.157106 
     1400.0000  -0.522477   0.351655  -0.170821 
     1500.0000  -0.534592   0.350595  -0.183997 
     1600.0000  -0.561949   0.350459  -0.211490 
     1700.0000  -0.575436   0.344388  -0.231048 
     1800.0000  -0.587009   0.354764  -0.232245 
     1900.0000  -0.596275   0.354870  -0.241405 
     2000.0000  -0.607766   0.346524  -0.261243 
     2100.0000  -0.603442   0.345337  -0.258106 
     2200.0000  -0.609049   0.344170  -0.264879 
     2300.0000  -0.615956   0.344599  -0.271356 
     2400.0000  -0.629091   0.344558  -0.284533 
     2500.0000  -0.642145   0.350022  -0.292123 
     2600.0000  -0.659274   0.349220  -0.310054 
     2700.0000  -0.682644   0.344435  -0.338209 
     2800.0000  -0.698214   0.352935  -0.345279 
     2900.0000  -0.700906   0.345719  -0.355186 
     3000.0000  -0.707178   0.354686  -0.352492 
     3100.0000  -0.695870   0.348626  -0.347245 
     3200.0000  -0.708058   0.358199  -0.349859 
     3300.0000  -0.723240   0.341602  -0.381638 
     3400.0000  -0.722735   0.347185  -0.375550 
     3500.0000  -0.729184   0.345720  -0.383464 
     3600.0000  -0.747231   0.343224  -0.404007 
     3700.0000  -0.763126   0.344296  -0.418830 
     3800.0000  -0.778689   0.347915  -0.430775 
     3900.0000  -0.807400   0.345073  -0.462327 
     4000.0000  -0.793398   0.334653  -0.458746 
     4100.0000  -0.813951   0.348484  -0.465468 
     4200.0000  -0.795160   0.341541  -0.453619 
     4300.0000  -0.787565   0.350824  -0.436741 
     4400.0000  -0.792384   0.346729  -0.445655 
     4500.0000  -0.810781   0.342026  -0.468756 
     4600.0000  -0.799595   0.343535  -0.456060 
     4700.0000  -0.816369   0.345571  -0.470798 
     4800.0000  -0.816079   0.344160  -0.471919 
     4900.0000  -0.825791   0.344162  -0.481629 
     5000.0000  -0.828835   0.355179  -0.473655 
     5100.0000  -0.846072   0.347722  -0.498350 
     5200.0000  -0.859948   0.355305  -0.504643 
     5300.0000  -0.863320   0.340107  -0.523213 
     5400.0000  -0.874550   0.349941  -0.524609 
     5500.0000  -0.875433   0.349790  -0.525643 
     5600.0000  -0.883429   0.342250  -0.541179 
     5700.0000  -0.879538   0.352404  -0.527134 
     5800.0000  -0.888339   0.345718  -0.542621 
     5900.0000  -0.913759   0.348464  -0.565294 
     6000.0000  -0.913544   0.339412  -0.574132 
     6100.0000  -0.901730   0.350070  -0.551660 
     6200.0000  -0.906483   0.350855  -0.555628 
     6300.0000  -0.914692   0.343276  -0.571417 
     6400.0000  -0.920672   0.342737  -0.577935 
     6500.0000  -0.928514   0.342519  -0.585995 
     6600.0000  -0.941668   0.347509  -0.594159 
     6700.0000  -0.938710   0.346414  -0.592295 
     6800.0000  -0.929428   0.350989  -0.578439 
     6900.0000  -0.935395   0.345741  -0.589654 
     7000.0000  -0.937847   0.342756  -0.595090 
     7100.0000  -0.939104   0.352061  -0.587043 
     7200.0000  -0.945493   0.355986  -0.589507 
     7300.0000  -0.949948   0.342543  -0.607405 
     7400.0000  -0.946038   0.348379  -0.597659 
     7500.0000  -0.938716   0.348745  -0.589971 
     7600.0000  -0.937563   0.340331  -0.597231 
     7700.0000  -0.941468   0.350399  -0.591068 
     7800.0000  -0.945321   0.342943  -0.602378 
     7900.0000  -0.947680   0.348895  -0.598785 
     8000.0000  -0.956066   0.351089  -0.604977 
     8100.0000  -0.960478   0.354356  -0.606122 
     8200.0000  -0.972146   0.351151  -0.620996 
     8300.0000  -0.964989   0.346035  -0.618954 
     8400.0000  -0.981874   0.341123  -0.640751 
     8500.0000  -0.980257   0.348933  -0.631324 
     8600.0000  -0.997198   0.343894  -0.653303 
     8700.0000  -1.013809   0.342399  -0.671410 
     8800.0000  -1.006325   0.348723  -0.657602 
     8900.0000  -1.005106   0.346864  -0.658242 
     9000.0000  -0.992989   0.343451  -0.649538 
     9100.0000  -0.992265   0.342320  -0.649945 
     9200.0000  -0.990806   0.345061  -0.645745 
     9300.0000  -0.992184   0.336600  -0.655583 
     9400.0000  -0.993833   0.353322  -0.640511 
     9500.0000  -0.995331   0.346182  -0.649149 
     9600.0000  -1.003992   0.349192  -0.654800 
     9700.0000  -0.997716   0.341408  -0.656308 
     9800.0000  -1.022865   0.346667  -0.676198 
     9900.0000  -1.005959   0.343449  -0.662510 
    10000.0000  -1.008026   0.351423  -0.656603 
    10100.0000  -1.019181   0.349710  -0.669471 
    10200.0000  -1.019646   0.346582  -0.673064 
    10300.0000  -1.017480   0.346911  -0.670569 
    10400.0000  -1.019703   0.349651  -0.670052 
    10500.0000  -1.032006   0.353641  -0.678365 
    10600.0000  -1.040865   0.351073  -0.689793 
    10700.0000  -1.043232   0.353611  -0.689621 
    10800.0000  -1.042920   0.352560  -0.690360 
    10900.0000  -1.040910   0.343979  -0.696931 
    11000.0000  -1.046564   0.342310  -0.704253 
    11100.0000  -1.051518   0.352307  -0.699211 
    11200.0000  -1.069819   0.351153  -0.718666 
    11300.0000  -1.072174   0.348155  -0.724019 
    11400.0000  -1.061534   0.341072  -0.720462 
    11500.0000  -1.063644   0.345284  -0.718360 
    11600.0000  -1.056426   0.350086  -0.706339 
    11700.0000  -1.067907   0.351052  -0.716855 
    11800.0000  -1.059708   0.348895  -0.710813 
    11900.0000  -1.053535   0.350499  -0.703036 
    12000.0000  -1.057731   0.345033  -0.712698 
    12100.0000  -1.067118   0.343856  -0.723262 
    12200.0000  -1.066859   0.351878  -0.714981 
    12300.0000  -1.055503   0.343555  -0.711947 
    12400.0000  -1.055209   0.348871  -0.706338 
    12500.0000  -1.060723   0.347417  -0.713306 
    12600.0000  -1.073289   0.347610  -0.725679 
    12700.0000  -1.061868   0.343247  -0.718621 
    12800.0000  -1.059036   0.351564  -0.707471 
    12900.0000  -1.081557   0.348635  -0.732922 
    13000.0000  -1.086162   0.341181  -0.744981 
    13100.0000  -1.076754   0.341970  -0.734784 
    13200.0000  -1.074133   0.343501  -0.730632 
    13300.0000  -1.081346   0.345131  -0.736215 
    13400.0000  -1.079093   0.341794  -0.737299 
    13500.0000  -1.075469   0.346906  -0.728563 
    13600.0000  -1.077374   0.346035  -0.731339 
    13700.0000  -1.088092   0.341860  -0.746231 
    13800.0000  -1.088891   0.351964  -0.736927 
    13900.0000  -1.087506   0.341898  -0.745608 
    14000.0000  -1.077000   0.347056  -0.729944 
    14100.0000  -1.072487   0.345070  -0.727418 
    14200.0000  -1.067655   0.345133  -0.722523 
    14300.0000  -1.079549   0.352378  -0.727171 
    14400.0000  -1.078708   0.342576  -0.736132 
    14500.0000  -1.096765   0.338707  -0.758058 
    14600.0000  -1.108085   0.344030  -0.764056 
    14700.0000  -1.117216   0.340982  -0.776234 
    14800.0000  -1.112280   0.353479  -0.758801 
    14900.0000  -1.123287   0.342080  -0.781207 
    15000.0000  -1.127538   0.345124  -0.782415 
    15100.0000  -1.134717   0.342261  -0.792456 
    15200.0000  -1.133268   0.337294  -0.795974 
    15300.0000  -1.139253   0.340176  -0.799077 
    15400.0000  -1.148669   0.349034  -0.799635 
    15500.0000  -1.146379   0.345494  -0.800885 
    15600.0000  -1.149901   0.341684  -0.808216 
    15700.0000  -1.150952   0.346701  -0.804251 
    15800.0000  -1.153488   0.353854  -0.799634 
    15900.0000  -1.154470   0.342837  -0.811632 
    16000.0000  -1.163891   0.351721  -0.812170 
    16100.0000  -1.161922   0.350828  -0.811094 
    16200.0000  -1.165931   0.356646  -0.809286 
    16300.0000  -1.167819   0.343731  -0.824087 
    16400.0000  -1.174656   0.348911  -0.825745 
    16500.0000  -1.167707   0.346552  -0.821155 
    16600.0000  -1.169033   0.346770  -0.822263 
    16700.0000  -1.182406   0.341659  -0.840747 
    16800.0000  -1.197698   0.349609  -0.848089 
    16900.0000  -1.198947   0.348577  -0.850370 
    17000.0000  -1.193969   0.347502  -0.846466 
    17100.0000  -1.184502   0.343559  -0.840943 
    17200.0000  -1.192432   0.343089  -0.849343 
    17300.0000  -1.193674   0.342350  -0.851324 
    17400.0000  -1.198621   0.351762  -0.846859 
    17500.0000  -1.202973   0.347495  -0.855477 
    17600.0000  -1.214966   0.349745  -0.865221 
    17700.0000  -1.214054   0.347853  -0.866201 
    17800.0000  -1.212597   0.353813  -0.858784 
    17900.0000  -1.215439   0.352807  -0.862632 
    18000.0000  -1.216089   0.347552  -0.868537 
    18100.0000  -1.208675   0.348364  -0.860311 
    18200.0000  -1.229355   0.340466  -0.888889 
    18300.0000  -1.224448   0.339066  -0.885382 
    18400.0000  -1.242029   0.347492  -0.894537 
    18500.0000  -1.242913   0.352041  -0.890872 
    18600.0000  -1.248845   0.343279  -0.905565 
    18700.0000  -1.250993   0.350515  -0.900477 
    18800.0000  -1.253755   0.346958  -0.906797 
    18900.0000  -1.266177   0.351348  -0.914829 
    19000.0000  -1.259761   0.341467  -0.918294 
    19100.0000  -1.271747   0.345310  -0.926436 
    19200.0000  -1.273048   0.350127  -0.922921 
    19300.0000  -1.268491   0.349187  -0.919304 
    19400.0000  -1.261590   0.343719  -0.917871 
    19500.0000  -1.269690   0.346760  -0.922930 
    19600.0000  -1.268585   0.349060  -0.919525 
    19700.0000  -1.273566   0.358090  -0.915476 
    19800.0000  -1.279622   0.347372  -0.932250 
    19900.0000  -1.270837   0.345881  -0.924956 
    20000.0000  -1.278794   0.345393  -0.933401 
    20100.0000  -1.275892   0.338229  -0.937663 
    20200.0000  -1.269805   0.344295  -0.925509 
    20300.0000  -1.288202   0.352621  -0.935581 
    20400.0000  -1.275001   0.351131  -0.923869 
    20500.0000  -1.285243   0.343802  -0.941441 
    20600.0000  -1.286611   0.350267  -0.936344 
    20700.0000  -1.281224   0.351153  -0.930071 
    20800.0000  -1.292269   0.350157  -0.942111 
    20900.0000  -1.302890   0.344207  -0.958683 
    21000.0000  -1.293765   0.342738  -0.951028 
    21100.0000  -1.297790   0.343137  -0.954652 
    21200.0000  -1.311711   0.348292  -0.963419 
    21300.0000  -1.314119   0.339230  -0.974889 
    21400.0000  -1.324500   0.346124  -0.978376 
    21500.0000  -1.316493   0.344901  -0.971592 
    21600.0000  -1.319897   0.350623  -0.969274 
    21700.0000  -1.321266   0.337416  -0.983850 
    21800.0000  -1.314801   0.351364  -0.963437 
    21900.0000  -1.324932   0.344137  -0.980795 
    22000.0000  -1.327793   0.346387  -0.981405 
    22100.0000  -1.323156   0.355604  -0.967552 
    22200.0000  -1.324249   0.356807  -0.967441 
    22300.0000  -1.333618   0.349707  -0.983911 
    22400.0000  -1.335392   0.345231  -0.990161 
    22500.0000  -1.341705   0.350586  -0.991119 
    22600.0000  -1.342860   0.343193  -0.999667 
    22700.0000  -1.358756   0.346518  -1.012238 
    22800.0000  -1.374614   0.350962  -1.023653 
    22900.0000  -1.382415   0.354439  -1.027977 
    23000.0000  -1.388318   0.344897  -1.043421 
    23100.0000  -1.382823   0.348147  -1.034677 
    23200.0000  -1.390975   0.346334  -1.044641 
    23300.0000  -1.391945   0.345572  -1.046373 
    23400.0000  -1.403086   0.354476  -1.048610 
    23500.0000  -1.399496   0.346825  -1.052671 
    23600.0000  -1.411574   0.341868  -1.069706 
    23700.0000  -1.416863   0.350540  -1.066324 
    23800.0000  -1.412054   0.342039  -1.070015 
    23900.0000  -1.414992   0.351819  -1.063173 
    24000.0000  -1.415832   0.348491  -1.067341 
    24100.0000  -1.401597   0.356157  -1.045440 
    24200.0000  -1.419055   0.342695  -1.076360 
    24300.0000  -1.423994   0.346504  -1.077491 
    24400.0000  -1.428585   0.351584  -1.077001 
    24500.0000  -1.431033   0.347458  -1.083575 
    24600.0000  -1.433922   0.355355  -1.078567 
    24700.0000  -1.442792   0.352514  -1.090278 
    24800.0000  -1.442913   0.346010  -1.096903 
    24900.0000  -1.449843   0.353767  -1.096077 
    25000.0000  -1.447514   0.345134  -1.102381 
    25100.0000  -1.458499   0.349960  -1.108540 
    25200.0000  -1.462753   0.350172  -1.112582 
    25300.0000  -1.454663   0.350720  -1.103943 
    25400.0000  -1.453991   0.345908  -1.108083 
    25500.0000  -1.449741   0.349127  -1.100614 
    25600.0000  -1.441136   0.345479  -1.095656 
    25700.0000  -1.447062   0.346683  -1.100379 
    25800.0000  -1.453066   0.355904  -1.097162 
    25900.0000  -1.454921   0.341560  -1.113362 
    26000.0000  -1.439687   0.352602  -1.087086 
    26100.0000  -1.449047   0.337931  -1.111116 
    26200.0000  -1.452885   0.348943  -1.103942 
    26300.0000  -1.449597   0.351215  -1.098382 
    26400.0000  -1.457646   0.353119  -1.104527 
    26500.0000  -1.469891   0.350405  -1.119486 
    26600.0000  -1.466628   0.342077  -1.124550 
    26700.0000  -1.463025   0.343945  -1.119079 
    26800.0000  -1.468944   0.344502  -1.124442 
    26900.0000  -1.463522   0.345231  -1.118291 
    27000.0000  -1.469394   0.358486  -1.110908 
    27100.0000  -1.477202   0.353612  -1.123590 
    27200.0000  -1.487712   0.336901  -1.150811 
    27300.0000  -1.486926   0.342474  -1.144452 
    27400.0000  -1.494055   0.340435  -1.153620 
    27500.0000  -1.497193   0.345680  -1.151513 
    27600.0000  -1.509870   0.343240  -1.166630 
    27700.0000  -1.504785   0.339244  -1.165542 
    27800.0000  -1.508745   0.348541  -1.160204 
    27900.0000  -1.513790   0.355139  -1.158651 
    28000.0000  -1.507725   0.342928  -1.164796 
    28100.0000  -1.516688   0.353226  -1.163462 
    28200.0000  -1.519594   0.350589  -1.169005 
    28300.0000  -1.524139   0.353551  -1.170587 
    28400.0000  -1.529815   0.352866  -1.176949 
    28500.0000  -1.519461   0.343366  -1.176095 
    28600.0000  -1.526023   0.345893  -1.180130 
    28700.0000  -1.542796   0.344769  -1.198027 
    28800.0000  -1.537696   0.349594  -1.188101 
    28900.0000  -1.537688   0.345962  -1.191726 
    29000.0000  -1.537166   0.345286  -1.191880 
    29100.0000  -1.548642   0.346032  -1.202610 
    29200.0000  -1.549114   0.350423  -1.198691 
    29300.0000  -1.549393   0.353399  -1.195994 
    29400.0000  -1.552850   0.346811  -1.206039 
    29500.0000  -1.550410   0.356938  -1.193471 
    29600.0000  -1.567417   0.345865  -1.221552 
    29700.0000  -1.577092   0.345521  -1.231571 
    29800.0000  -1.574729   0.355829  -1.218900 
    29900.0000  -1.570181   0.346021  -1.224160 
    30000.0000  -1.582832   0.343340  -1.239492 
    30100.0000  -1.578605   0.348729  -1.229876 
    30200.0000  -1.577932   0.345142  -1.232790 
    30300.0000  -1.575717   0.344956  -1.230762 
    30400.0000  -1.587220   0.356047  -1.231173 
    30500.0000  -1.586494   0.351671  -1.234823 
    30600.0000  -1.592275   0.348049  -1.244226 
    30700.0000  -1.593148   0.345827  -1.247321 
    30800.0000  -1.597708   0.353003  -1.244704 
    30900.0000  -1.588814   0.348488  -1.240326 
    31000.0000  -1.602176   0.352087  -1.250089 
    31100.0000  -1.600600   0.350755  -1.249845 
    31200.0000  -1.600740   0.347581  -1.253159 
    31300.0000  -1.602147   0.351576  -1.250571 
    31400.0000  -1.617298   0.341173  -1.276125 
    31500.0000  -1.615144   0.352948  -1.262197 
    31600.0000  -1.612977   0.345738  -1.267239 
    31700.0000  -1.630933   0.351606  -1.279327 
    31800.0000  -1.629869   0.352322  -1.277546 
    31900.0000  -1.643064   0.347486  -1.295578 
    32000.0000  -1.643703   0.348695  -1.295008 
    32100.0000  -1.646057   0.342311  -1.303746 
    32200.0000  -1.644195   0.343704  -1.300491 
    32300.0000  -1.652733   0.344632  -1.308101 
    32400.0000  -1.651001   0.346460  -1.304541 
    32500.0000  -1.650510   0.346032  -1.304478 
    32600.0000  -1.663195   0.350586  -1.312609 
    32700.0000  -1.659195   0.343296  -1.315899 
    32800.0000  -1.656669   0.346661  -1.310008 
    32900.0000  -1.670389   0.348815  -1.321575 
    33000.0000  -1.667783   0.345981  -1.321802 
    33100.0000  -1.666282   0.355777  -1.310505 
    33200.0000  -1.673445   0.350038  -1.323407 
    33300.0000  -1.676408   0.345096  -1.331313 
    33400.0000  -1.678000   0.347955  -1.330045 
    33500.0000  -1.691388   0.345727  -1.345661 
    33600.0000  -1.696413   0.342194  -1.354219 
    33700.0000  -1.696583   0.342638  -1.353944 
    33800.0000  -1.686367   0.347307  -1.339060 
    33900.0000  -1.690467   0.360771  -1.329696 
    34000.0000  -1.686424   0.339436  -1.346988 
    34100.0000  -1.683453   0.356557  -1.326896 
    34200.0000  -1.683463   0.349053  -1.334410 
    34300.0000  -1.690479   0.346718  -1.343762 
    34400.0000  -1.683210   0.342380  -1.340830 
    34500.0000  -1.678427   0.346220  -1.332207 
    34600.0000  -1.676228   0.347380  -1.328847 
    34700.0000  -1.692608   0.349253  -1.343355 
    34800.0000  -1.698768   0.355772  -1.342995 
    34900.0000  -1.702603   0.349401  -1.353201 
    35000.0000  -1.703208   0.341998  -1.361209 
    35100.0000  -1.714347   0.349238  -1.365109 
    35200.0000  -1.716914   0.344514  -1.372400 
    35300.0000  -1.720890   0.353488  -1.367402 
    35400.0000  -1.732901   0.347603  -1.385298 
    35500.0000  -1.722672   0.348018  -1.374654 
    35600.0000  -1.727263   0.350347  -1.376916 
    35700.0000  -1.732745   0.343876  -1.388870 
    35800.0000  -1.730039   0.339871  -1.390168 
    35900.0000  -1.735042   0.354028  -1.381014 
    36000.0000  -1.734591   0.343458  -1.391133 
    36100.0000  -1.751058   0.351253  -1.399806 
    36200.0000  -1.753228   0.352539  -1.400688 
    36300.0000  -1.757509   0.341265  -1.416244 
    36400.0000  -1.767600   0.345821  -1.421779 
    36500.0000  -1.767626   0.353775  -1.413851 
    36600.0000  -1.779423   0.358724  -1.420699 
    36700.0000  -1.779628   0.343777  -1.435852 
    36800.0000  -1.775590   0.339980  -1.435610 
    36900.0000  -1.779382   0.348106  -1.431276 
    37000.0000  -1.777987   0.348532  -1.429454 
    37100.0000  -1.776851   0.350034  -1.426817 
    37200.0000  -1.779818   0.350975  -1.428843 
    37300.0000  -1.782169   0.348649  -1.433520 
    37400.0000  -1.786027   0.350489  -1.435538 
    37500.0000  -1.787489   0.352588  -1.434901 
    37600.0000  -1.795323   0.342046  -1.453277 
    37700.0000  -1.796942   0.346152  -1.450789 
    37800.0000  -1.791820   0.344549  -1.447271 
    37900.0000  -1.793410   0.350068  -1.443342 
    38000.0000  -1.797977   0.346360  -1.451617 
    38100.0000  -1.804262   0.352715  -1.451547 
    38200.0000  -1.803693   0.353287  -1.450406 
    38300.0000  -1.808820   0.348508  -1.460312 
    38400.0000  -1.813382   0.357557  -1.455826 
    38500.0000  -1.821781   0.349662  -1.472119 
    38600.0000  -1.817852   0.349443  -1.468409 
    38700.0000  -1.836906   0.345897  -1.491009 
    38800.0000  -1.836396   0.338426  -1.497970 
    38900.0000  -1.833604   0.348803  -1.484801 
    39000.0000  -1.841551   0.350728  -1.490823 
    39100.0000  -1.840891   0.348668  -1.492223 
    39200.0000  -1.846001   0.344644  -1.501357 
    39300.0000  -1.853524   0.350687  -1.502837 
    39400.0000  -1.855475   0.348611  -1.506865 
    39500.0000  -1.854142   0.345111  -1.509032 
    39600.0000  -1.852279   0.350513  -1.501766 
    39700.0000  -1.856442   0.344847  -1.511595 
    39800.0000  -1.857558   0.346280  -1.511279 
    39900.0000  -1.857406   0.350147  -1.507258 
    40000.0000  -1.858021   0.350650  -1.507371 
    40100.0000  -1.858672   0.350497  -1.508175 
    40200.0000  -1.864161   0.351002  -1.513159 
    40300.0000  -1.863617   0.344757  -1.518861 
    40400.0000  -1.859745   0.346691  -1.513055 
    40500.0000  -1.866763   0.346352  -1.520411 
    40600.0000  -1.876113   0.351522  -1.524591 
    40700.0000  -1.875708   0.350930  -1.524777 
    40800.0000  -1.877511   0.357580  -1.519931 
    40900.0000  -1.875291   0.345975  -1.529315 
    41000.0000  -1.894964   0.354694  -1.540270 
    41100.0000  -1.883382   0.343146  -1.540236 
    41200.0000  -1.895270   0.355919  -1.539351 
    41300.0000  -1.890859   0.340898  -1.549961 
    41400.0000  -1.902536   0.339179  -1.563357 
    41500.0000  -1.904565   0.351102  -1.553463 
    41600.0000  -1.893427   0.342094  -1.551333 
    41700.0000  -1.904696   0.342220  -1.562477 
    41800.0000  -1.906878   0.345905  -1.560973 
    41900.0000  -1.910063   0.345832  -1.564231 
    42000.0000  -1.910652   0.349266  -1.561386 
    42100.0000  -1.903032   0.348656  -1.554376 
    42200.0000  -1.916472   0.347241  -1.569232 
    42300.0000  -1.919171   0.348373  -1.570798 
    42400.0000  -1.912644   0.351869  -1.560775 
    42500.0000  -1.923687   0.358447  -1.565241 
    42600.0000  -1.929029   0.354821  -1.574208 
    42700.0000  -1.919717   0.347563  -1.572154 
    42800.0000  -1.924321   0.353158  -1.571163 
    42900.0000  -1.926689   0.344931  -1.581758 
    43000.0000  -1.940500   0.347509  -1.592991 
    43100.0000  -1.935519   0.348474  -1.587045 
    43200.0000  -1.930553   0.349659  -1.580894 
    43300.0000  -1.945651   0.342747  -1.602903 
    43400.0000  -1.946409   0.340505  -1.605904 
    43500.0000  -1.951083   0.346134  -1.604949 
    43600.0000  -1.955693   0.358111  -1.597581 
    43700.0000  -1.954374   0.351522  -1.602852 
    43800.0000  -1.949386   0.350887  -1.598499 
    43900.0000  -1.949789   0.346083  -1.603707 
    44000.0000  -1.951233   0.345889  -1.605344 
    44100.0000  -1.953140   0.357249  -1.595891 
    44200.0000  -1.948803   0.346907  -1.601895 
    44300.0000  -1.949677   0.344379  -1.605298 
    44400.0000  -1.945286   0.344456  -1.600830 
    44500.0000  -1.953347   0.351769  -1.601578 
    44600.0000  -1.955021   0.350528  -1.604493 
    44700.0000  -1.953557   0.350186  -1.603371 
    44800.0000  -1.959770   0.343057  -1.616713 
    44900.0000  -1.964061   0.349948  -1.614113 
    45000.0000  -1.972151   0.352084  -1.620067 
    45100.0000  -1.963035   0.349618  -1.613417 
    45200.0000  -1.972109   0.349606  -1.622503 
    45300.0000  -1.978929   0.354612  -1.624317 
    45400.0000  -1.970055   0.343136  -1.626919 
    45500.0000  -1.966538   0.344528  -1.622010 
    45600.0000  -1.973250   0.350515  -1.622736 
    45700.0000  -1.975392   0.338505  -1.636886 
    45800.0000  -1.971547   0.348508  -1.623039 
    45900.0000  -1.976113   0.349053  -1.627060 
    46000.0000  -1.979787   0.342631  -1.637156 
    46100.0000  -1.965024   0.347889  -1.617135 
    46200.0000  -1.971147   0.349529  -1.621618 
    46300.0000  -1.979042   0.341263  -1.637779 
    46400.0000  -1.980053   0.352316  -1.627736 
    46500.0000  -1.976309   0.352988  -1.623321 
    46600.0000  -1.968162   0.348864  -1.619298 
    46700.0000  -1.972836   0.345751  -1.627085 
    46800.0000  -1.971053   0.345586  -1.625466 
    46900.0000  -1.973938   0.352196  -1.621741 
    47000.0000  -1.982274   0.336891  -1.645383 
    47100.0000  -1.985708   0.343476  -1.642233 
    47200.0000  -1.982872   0.351600  -1.631271 
    47300.0000  -1.996097   0.341915  -1.654182 
    47400.0000  -1.995681   0.344636  -1.651045 
    47500.0000  -2.002368   0.350351  -1.652016 
    47600.0000  -2.005385   0.349550  -1.655835 
    47700.0000  -2.011842   0.345380  -1.666462 
    47800.0000  -2.009343   0.348830  -1.660513 
    47900.0000  -2.009135   0.344856  -1.664279 
    48000.0000  -2.017555   0.349420  -1.668135 
    48100.0000  -2.013285   0.341944  -1.671342 
    48200.0000  -2.012198   0.345626  -1.666572 
    48300.0000  -2.011284   0.354612  -1.656672 
    48400.0000  -2.017548   0.341781  -1.675767 
    48500.0000  -2.018674   0.338606  -1.680067 
    48600.0000  -2.021013   0.345982  -1.675030 
    48700.0000  -2.020401   0.350574  -1.669826 
    48800.0000  -2.034326   0.348712  -1.685615 
    48900.0000  -2.029557   0.347715  -1.681843 
    49000.0000  -2.034215   0.351056  -1.683158 
    49100.0000  -2.036784   0.344454  -1.692330 
    49200.0000  -2.036713   0.348505  -1.688207 
    49300.0000  -2.031628   0.345214  -1.686413 
    49400.0000  -2.032842   0.347650  -1.685191 
    49500.0000  -2.038743   0.348150  -1.690593 
    49600.0000  -2.042280   0.346097  -1.696183 
    49700.0000  -2.044467   0.350255  -1.694212 
    49800.0000  -2.044996   0.342461  -1.702535 
    49900.0000  -2.039823   0.338679  -1.701144 
    50000.0000  -2.042041   0.346762  -1.695280 
    50100.0000  -2.045847   0.351020  -1.694827 
    50200.0000  -2.049781   0.347211  -1.702570 
    50300.0000  -2.048048   0.353774  -1.694274 
    50400.0000  -2.052877   0.341187  -1.711690 
    50500.0000  -2.060147   0.342434  -1.717713 
    50600.0000  -2.065077   0.344717  -1.720360 
    50700.0000  -2.075449   0.353725  -1.721724 
    50800.0000  -2.065217   0.346245  -1.718972 
    50900.0000  -2.062553   0.342486  -1.720067 
    51000.0000  -2.065334   0.348028  -1.717307 
    51100.0000  -2.065133   0.348330  -1.716803 
    51200.0000  -2.059009   0.354405  -1.704605 
    51300.0000  -2.062849   0.344837  -1.718012 
    51400.0000  -2.062019   0.350729  -1.711289 
    51500.0000  -2.073668   0.350730  -1.722939 
    51600.0000  -2.068660   0.347860  -1.720800 
    51700.0000  -2.072174   0.357434  -1.714740 
    51800.0000  -2.081315   0.345983  -1.735332 
    51900.0000  -2.076769   0.343272  -1.733498 
    52000.0000  -2.080381   0.344267  -1.736113 
    52100.0000  -2.075959   0.341395  -1.734564 
    52200.0000  -2.072530   0.345462  -1.727069 
    52300.0000  -2.081285   0.348282  -1.733003 
    52400.0000  -2.080909   0.350482  -1.730428 
    52500.0000  -2.081696   0.338206  -1.743490 
    52600.0000  -2.084864   0.352409  -1.732455 
    52700.0000  -2.082025   0.346673  -1.735352 
    52800.0000  -2.088115   0.346921  -1.741194 
    52900.0000  -2.088382   0.344467  -1.743914 
    53000.0000  -2.087283   0.337194  -1.750088 
    53100.0000  -2.090088   0.339846  -1.750242 
    53200.0000  -2.083763   0.347597  -1.736166 
    53300.0000  -2.089253   0.349488  -1.739766 
    53400.0000  -2.095355   0.347120  -1.748236 
    53500.0000  -2.094215   0.342908  -1.751307 
    53600.0000  -2.095628   0.342393  -1.753235 
    53700.0000  -2.095080   0.347242  -1.747837 
    53800.0000  -2.101792   0.352892  -1.748901 
    53900.0000  -2.102519   0.356293  -1.746226 
    54000.0000  -2.101757   0.348096  -1.753661 
    54100.0000  -2.099586   0.349798  -1.749789 
    54200.0000  -2.100336   0.346598  -1.753738 
    54300.0000  -2.100849   0.352478  -1.748371 
    54400.0000  -2.085546   0.344900  -1.740646 
    54500.0000  -2.101777   0.357999  -1.743778 
    54600.0000  -2.101420   0.353842  -1.747577 
    54700.0000  -2.107740   0.346392  -1.761348 
    54800.0000  -2.106919   0.344639  -1.762279 
    54900.0000  -2.113221   0.344512  -1.768709 
    55000.0000  -2.114277   0.339922  -1.774355 
    55100.0000  -2.115710   0.342425  -1.773285 
    55200.0000  -2.118459   0.352423  -1.766036 
    55300.0000  -2.119776   0.347533  -1.772243 
    55400.0000  -2.126604   0.349574  -1.777029 
    55500.0000  -2.122584   0.344248  -1.778335 
    55600.0000  -2.116205   0.352536  -1.763669 
    55700.0000  -2.117531   0.349050  -1.768481 
    55800.0000  -2.122763   0.344835  -1.777928 
    55900.0000  -2.131197   0.352821  -1.778376 
    56000.0000  -2.128420   0.348233  -1.780187 
    56100.0000  -2.124504   0.349308  -1.775195 
    56200.0000  -2.122228   0.354658  -1.767570 
    56300.0000  -2.119772   0.342473  -1.777299 
    56400.0000  -2.120800   0.343049  -1.777752 
    56500.0000  -2.124799   0.352345  -1.772454 
    56600.0000  -2.130483   0.344699  -1.785784 
    56700.0000  -2.134437   0.344636  -1.789800 
    56800.0000  -2.134773   0.349196  -1.785577 
    56900.0000  -2.139233   0.341786  -1.797447 
    57000.0000  -2.137440   0.353837  -1.783603 
    57100.0000  -2.136705   0.339461  -1.797243 
    57200.0000  -2.135455   0.351711  -1.783745 
    57300.0000  -2.141572   0.356719  -1.784852 
    57400.0000  -2.142990   0.348307  -1.794683 
    57500.0000  -2.146865   0.344006  -1.802859 
    57600.0000  -2.151469   0.342728  -1.808741 
    57700.0000  -2.141096   0.347019  -1.794077 
    57800.0000  -2.141139   0.347592  -1.793547 
    57900.0000  -2.144714   0.347810  -1.796904 
    58000.0000  -2.145357   0.351785  -1.793572 
    58100.0000  -2.146538   0.351128  -1.795410 
    58200.0000  -2.140987   0.353842  -1.787145 
    58300.0000  -2.148668   0.348778  -1.799890 
    58400.0000  -2.148530   0.343028  -1.805502 
    58500.0000  -2.148246   0.346427  -1.801820 
    58600.0000  -2.153073   0.346901  -1.806172 
    58700.0000  -2.151462   0.340706  -1.810757 
    58800.0000  -2.157488   0.340506  -1.816981 
    58900.0000  -2.149419   0.353365  -1.796054 
    59000.0000  -2.158021   0.347827  -1.810195 
    59100.0000  -2.153406   0.342464  -1.810942 
    59200.0000  -2.152023   0.349031  -1.802993 
    59300.0000  -2.151464   0.339330  -1.812134 
    59400.0000  -2.151037   0.350898  -1.800139 
    59500.0000  -2.157034   0.347203  -1.809831 
    59600.0000  -2.156672   0.349192  -1.807480 
    59700.0000  -2.166159   0.345766  -1.820393 
    59800.0000  -2.159937   0.343823  -1.816115 
    59900.0000  -2.165827   0.341596  -1.824231 
    60000.0000  -2.173715   0.349070  -1.824645 
    60100.0000  -2.172775   0.353537  -1.819238 
    60200.0000  -2.170502   0.352789  -1.817713 
    60300.0000  -2.176082   0.349892  -1.826190 
    60400.0000  -2.180173   0.342343  -1.837830 
    60500.0000  -2.179861   0.351059  -1.828802 
    60600.0000  -2.184408   0.343745  -1.840663 
    60700.0000  -2.183473   0.354653  -1.828820 
    60800.0000  -2.182287   0.353593  -1.828694 
    60900.0000  -2.184702   0.343490  -1.841211 
    61000.0000  -2.189840   0.351706  -1.838134 
    61100.0000  -2.189729   0.355573  -1.834156 
    61200.0000  -2.189658   0.353558  -1.836100 
    61300.0000  -2.186710   0.346251  -1.840459 
    61400.0000  -2.190393   0.342427  -1.847966 
    61500.0000  -2.188618   0.347022  -1.841597 
    61600.0000  -2.187017   0.348709  -1.838308 
    61700.0000  -2.190852   0.355799  -1.835053 
    61800.0000  -2.194609   0.362834  -1.831775 
    61900.0000  -2.198060   0.345149  -1.852911 
    62000.0000  -2.199311   0.356766  -1.842545 
    62100.0000  -2.205871   0.352931  -1.852940 
    62200.0000  -2.206373   0.344503  -1.861870 
    62300.0000  -2.212882   0.348086  -1.864796 
    62400.0000  -2.207948   0.352941  -1.855008 
    62500.0000  -2.209736   0.349502  -1.860234 
    62600.0000  -2.211779   0.353493  -1.858285 
    62700.0000  -2.211475   0.346393  -1.865082 
    62800.0000  -2.211748   0.344265  -1.867483 
    62900.0000  -2.215986   0.348540  -1.867446 
    63000.0000  -2.213751   0.339933  -1.873817 
    63100.0000  -2.212931   0.350020  -1.862911 
    63200.0000  -2.213579   0.348331  -1.865248 
    63300.0000  -2.212986   0.347772  -1.865214 
    63400.0000  -2.216423   0.343562  -1.872861 
    63500.0000  -2.203734   0.343905  -1.859830 
    63600.0000  -2.213832   0.348313  -1.865520 
    63700.0000  -2.212207   0.347131  -1.865076 
    63800.0000  -2.219227   0.352804  -1.866422 
    63900.0000  -2.210295   0.350027  -1.860267 
    64000.0000  -2.211887   0.344673  -1.867214 
    64100.0000  -2.213280   0.349225  -1.864055 
    64200.0000  -2.215909   0.341423  -1.874486 
    64300.0000  -2.215429   0.354188  -1.861241 
    64400.0000  -2.217710   0.350073  -1.867637 
    64500.0000  -2.218725   0.347327  -1.871398 
    64600.0000  -2.222657   0.344648  -1.878009 
    64700.0000  -2.219142   0.342398  -1.876744 
    64800.0000  -2.210040   0.348330  -1.861710 
    64900.0000  -2.212048   0.348397  -1.863651 
    65000.0000  -2.218212   0.346369  -1.871843 
    65100.0000  -2.218844   0.343158  -1.875687 
    65200.0000  -2.217852   0.341184  -1.876668 
    65300.0000  -2.223848   0.344685  -1.879162 
    65400.0000  -2.214643   0.349858  -1.864785 
    65500.0000  -2.220455   0.356951  -1.863504 
    65600.0000  -2.231289   0.343165  -1.888124 
    65700.0000  -2.229077   0.341347  -1.887730 
    65800.0000  -2.236527   0.357485  -1.879042 
    65900.0000  -2.231887   0.348948  -1.882939 
    66000.0000  -2.237051   0.348689  -1.888361 
    66100.0000  -2.234790   0.353733  -1.881057 
    66200.0000  -2.231474   0.351094  -1.880380 
    66300.0000  -2.234160   0.351198  -1.882963 
    66400.0000  -2.240318   0.346816  -1.893501 
    66500.0000  -2.236321   0.353285  -1.883035 
    66600.0000  -2.233359   0.344930  -1.888429 
    66700.0000  -2.235161   0.352474  -1.882687 
    66800.0000  -2.240335   0.351581  -1.888754 
    66900.0000  -2.242377   0.346748  -1.895629 
    67000.0000  -2.240359   0.343709  -1.896650 
    67100.0000  -2.246292   0.348055  -1.898237 
    67200.0000  -2.248337   0.350156  -1.898181 
    67300.0000  -2.247876   0.346522  -1.901354 
    67400.0000  -2.252025   0.346063  -1.905962 
    67500.0000  -2.244849   0.347240  -1.897609 
    67600.0000  -2.245364   0.339002  -1.906362 
    67700.0000  -2.248057   0.355357  -1.892701 
    67800.0000  -2.248352   0.348356  -1.899996 
    67900.0000  -2.254621   0.349812  -1.904809 
    68000.0000  -2.252231   0.345292  -1.906939 
    68100.0000  -2.253037   0.343581  -1.909456 
    68200.0000  -2.250778   0.345902  -1.904877 
    68300.0000  -2.249238   0.353501  -1.895737 
    68400.0000  -2.247066   0.354823  -1.892243 
    68500.0000  -2.245192   0.348601  -1.896591 
    68600.0000  -2.248014   0.340453  -1.907561 
    68700.0000  -2.246081   0.350513  -1.895569 
    68800.0000  -2.243968   0.348701  -1.895267 
    68900.0000  -2.255384   0.354942  -1.900442 
    69000.0000  -2.252873   0.346400  -1.906473 
    69100.0000  -2.253685   0.347699  -1.905986 
    69200.0000  -2.252881   0.351062  -1.901819 
    69300.0000  -2.252285   0.353607  -1.898677 
    69400.0000  -2.258084   0.352551  -1.905533 
    69500.0000  -2.253078   0.353398  -1.899680 
    69600.0000  -2.254798   0.353214  -1.901584 
    69700.0000  -2.258515   0.347482  -1.911033 
    69800.0000  -2.262895   0.352685  -1.910210 
    69900.0000  -2.264719   0.348557  -1.916161 
    70000.0000  -2.264005   0.351664  -1.912342 
    70100.0000  -2.267259   0.343701  -1.923559 
    70200.0000  -2.265981   0.348280  -1.917702 
    70300.0000  -2.267611   0.343978  -1.923633 
    70400.0000  -2.269172   0.354095  -1.915076 
    70500.0000  -2.261234   0.340054  -1.921180 
    70600.0000  -2.258877   0.348319  -1.910558 
    70700.0000  -2.256270   0.348275  -1.907995 
    70800.0000  -2.263360   0.348904  -1.914456 
    70900.0000  -2.257471   0.349584  -1.907887 
    71000.0000  -2.261900   0.348420  -1.913480 
    71100.0000  -2.267801   0.348494  -1.919306 
    71200.0000  -2.265392   0.344513  -1.920880 
    71300.0000  -2.267172   0.354691  -1.912480 
    71400.0000  -2.267862   0.346101  -1.921761 
    71500.0000  -2.268530   0.351146  -1.917384 
    71600.0000  -2.265446   0.347565  -1.917881 
    71700.0000  -2.265808   0.346355  -1.919453 
    71800.0000  -2.266239   0.346822  -1.919417 
    71900.0000  -2.275135   0.342554  -1.932582 
    72000.0000  -2.274015   0.353479  -1.920536 
    72100.0000  -2.267168   0.352517  -1.914651 
    72200.0000  -2.273003   0.347566  -1.925438 
    72300.0000  -2.264913   0.337838  -1.927074 
    72400.0000  -2.272989   0.350496  -1.922493 
    72500.0000  -2.271536   0.343605  -1.927931 
    72600.0000  -2.275094   0.344488  -1.930606 
    72700.0000  -2.274237   0.349811  -1.924426 
    72800.0000  -2.271225   0.350944  -1.920281 
    72900.0000  -2.271891   0.349433  -1.922458 
    73000.0000  -2.271353   0.348530  -1.922823 
    73100.0000  -2.279417   0.349815  -1.929602 
    73200.0000  -2.276393   0.355934  -1.920459 
    73300.0000  -2.274054   0.351771  -1.922283 
    73400.0000  -2.273823   0.348439  -1.925383 
    73500.0000  -2.277524   0.352034  -1.925491 
    73600.0000  -2.277335   0.348993  -1.928342 
    73700.0000  -2.273360   0.352797  -1.920563 
    73800.0000  -2.272054   0.351294  -1.920760 
    73900.0000  -2.270251   0.350372  -1.919879 
    74000.0000  -2.275135   0.350808  -1.924327 
    74100.0000  -2.279130   0.347049  -1.932081 
    74200.0000  -2.275252   0.351221  -1.924031 
    74300.0000  -2.267938   0.346021  -1.921918 
    74400.0000  -2.274099   0.349035  -1.925064 
    74500.0000  -2.270263   0.337836  -1.932427 
    74600.0000  -2.276557   0.346855  -1.929702 
    74700.0000  -2.273698   0.347924  -1.925774 
    74800.0000  -2.273767   0.352076  -1.921691 
    74900.0000  -2.271185   0.354924  -1.916261 
    75000.0000  -2.275202   0.346300  -1.928902 
    75100.0000  -2.272656   0.351931  -1.920725 
    75200.0000  -2.273502   0.343295  -1.930207 
    75300.0000  -2.273808   0.342463  -1.931345 
    75400.0000  -2.283002   0.343286  -1.939716 
    75500.0000  -2.277131   0.346051  -1.931080 
    75600.0000  -2.281866   0.359787  -1.922079 
    75700.0000  -2.283163   0.350849  -1.932314 
    75800.0000  -2.286362   0.352484  -1.933877 
    75900.0000  -2.290949   0.342698  -1.948251 
    76000.0000  -2.297349   0.351447  -1.945903 
    76100.0000  -2.294069   0.344396  -1.949673 
    76200.0000  -2.291769   0.343698  -1.948071 
    76300.0000  -2.295263   0.348235  -1.947028 
    76400.0000  -2.294672   0.345469  -1.949203 
    76500.0000  -2.291317   0.344263  -1.947055 
    76600.0000  -2.290850   0.343253  -1.947597 
    76700.0000  -2.294664   0.355107  -1.939557 
    76800.0000  -2.298963   0.349681  -1.949282 
    76900.0000  -2.295550   0.350039  -1.945511 
    77000.0000  -2.296414   0.349785  -1.946630 
    77100.0000  -2.298373   0.342570  -1.955802 
    77200.0000  -2.296083   0.342984  -1.953099 
    77300.0000  -2.302724   0.344327  -1.958397 
    77400.0000  -2.297676   0.338660  -1.959016 
    77500.0000  -2.298424   0.349037  -1.949387 
    77600.0000  -2.299509   0.341861  -1.957647 
    77700.0000  -2.296858   0.350131  -1.946727 
    77800.0000  -2.294638   0.346825  -1.947813 
    77900.0000  -2.300518   0.350224  -1.950294 
    78000.0000  -2.298660   0.344836  -1.953824 
    78100.0000  -2.297811   0.346776  -1.951034 
    78200.0000  -2.301504   0.342222  -1.959282 
    78300.0000  -2.297699   0.343308  -1.954391 
    78400.0000  -2.299697   0.352845  -1.946852 
    78500.0000  -2.293531   0.355931  -1.937600 
    78600.0000  -2.296349   0.343199  -1.953150 
    78700.0000  -2.298555   0.349156  -1.949399 
    78800.0000  -2.308347   0.354509  -1.953838 
    78900.0000  -2.298385   0.339629  -1.958756 
    79000.0000  -2.293360   0.344872  -1.948488 
    79100.0000  -2.296861   0.343667  -1.953194 
    79200.0000  -2.298895   0.350629  -1.948267 
    79300.0000  -2.299922   0.356245  -1.943677 
    79400.0000  -2.297598   0.350747  -1.946851 
    79500.0000  -2.304850   0.345199  -1.959651 
    79600.0000  -2.299193   0.349525  -1.949668 
    79700.0000  -2.296740   0.350158  -1.946582 
    79800.0000  -2.305214   0.345187  -1.960027 
    79900.0000  -2.302116   0.348611  -1.953506 
    80000.0000  -2.303487   0.352115  -1.951372 
    80100.0000  -2.305695   0.350161  -1.955534 
    80200.0000  -2.300675   0.350634  -1.950041 
    80300.0000  -2.303661   0.345332  -1.958329 
    80400.0000  -2.302555   0.348601  -1.953954 
    80500.0000  -2.309712   0.346544  -1.963168 
    80600.0000  -2.309997   0.349054  -1.960944 
    80700.0000  -2.309988   0.348530  -1.961458 
    80800.0000  -2.316566   0.352117  -1.964449 
    80900.0000  -2.316966   0.357558  -1.959408 
    81000.0000  -2.313730   0.347784  -1.965946 
    81100.0000  -2.311667   0.353233  -1.958435 
    81200.0000  -2.312643   0.349353  -1.963290 
    81300.0000  -2.314587   0.349224  -1.965363 
    81400.0000  -2.318207   0.345106  -1.973101 
    81500.0000  -2.319215   0.347871  -1.971345 
    81600.0000  -2.316775   0.349377  -1.967398 
    81700.0000  -2.330132   0.343760  -1.986372 
    81800.0000  -2.320916   0.343633  -1.977282 
    81900.0000  -2.321833   0.343013  -1.978819 
    82000.0000  -2.323584   0.343490  -1.980094 
    82100.0000  -2.321436   0.351180  -1.970256 
    82200.0000  -2.320392   0.355798  -1.964594 
    82300.0000  -2.324099   0.345283  -1.978816 
    82400.0000  -2.317890   0.344682  -1.973207 
    82500.0000  -2.320336   0.344621  -1.975715 
    82600.0000  -2.323213   0.354177  -1.969036 
    82700.0000  -2.323768   0.354896  -1.968872 
    82800.0000  -2.320876   0.351306  -1.969569 
    82900.0000  -2.326805   0.354278  -1.972527 
    83000.0000  -2.325172   0.357530  -1.967643 
    83100.0000  -2.323245   0.351208  -1.972036 
    83200.0000  -2.329512   0.351316  -1.978196 
    83300.0000  -2.327905   0.349709  -1.978196 
    83400.0000  -2.319128   0.335567  -1.983561 
    83500.0000  -2.324330   0.346744  -1.977586 
    83600.0000  -2.318203   0.344514  -1.973689 
    83700.0000  -2.317200   0.354685  -1.962515 
    83800.0000  -2.318580   0.340554  -1.978026 
    83900.0000  -2.323111   0.353072  -1.970040 
    84000.0000  -2.328162   0.345982  -1.982179 
    84100.0000  -2.324047   0.351588  -1.972460 
    84200.0000  -2.331970   0.348199  -1.983772 
    84300.0000  -2.333562   0.350663  -1.982899 
    84400.0000  -2.339793   0.346533  -1.993260 
    84500.0000  -2.333248   0.349206  -1.984042 
    84600.0000  -2.324277   0.342670  -1.981607 
    84700.0000  -2.329141   0.343932  -1.985209 
    84800.0000  -2.332145   0.346131  -1.986014 
    84900.0000  -2.334464   0.358902  -1.975562 
    85000.0000  -2.336681   0.351420  -1.985261 
    85100.0000  -2.335549   0.347311  -1.988238 
    85200.0000  -2.335941   0.350597  -1.985344 
    85300.0000  -2.342361   0.352900  -1.989461 
    85400.0000  -2.340407   0.349580  -1.990827 
    85500.0000  -2.343420   0.350067  -1.993353 
    85600.0000  -2.341588   0.359466  -1.982123 
    85700.0000  -2.344224   0.351354  -1.992870 
    85800.0000  -2.343455   0.353763  -1.989693 
    85900.0000  -2.337966   0.350233  -1.987733 
    86000.0000  -2.345048   0.344694  -2.000354 
    86100.0000  -2.340088   0.349154  -1.990935 
    86200.0000  -2.342111   0.344941  -1.997170 
    86300.0000  -2.348350   0.342015  -2.006335 
    86400.0000  -2.348868   0.350301  -1.998567 
    86500.0000  -2.343885   0.348034  -1.995850 
    86600.0000  -2.345282   0.344403  -2.000879 
    86700.0000  -2.343402   0.349877  -1.993525 
    86800.0000  -2.343321   0.342546  -2.000776 
    86900.0000  -2.345608   0.351858  -1.993750 
    87000.0000  -2.348030   0.344814  -2.003216 
    87100.0000  -2.343936   0.343850  -2.000085 
    87200.0000  -2.350581   0.347959  -2.002622 
    87300.0000  -2.345082   0.345390  -1.999693 
    87400.0000  -2.336421   0.350797  -1.985624 
    87500.0000  -2.341989   0.347644  -1.994345 
    87600.0000  -2.339568   0.353089  -1.986479 
    87700.0000  -2.347224   0.346569  -2.000656 
    87800.0000  -2.342688   0.353817  -1.988871 
    87900.0000  -2.348988   0.349580  -1.999409 
    88000.0000  -2.348978   0.354218  -1.994760 
    88100.0000  -2.346696   0.349134  -1.997562 
    88200.0000  -2.346362   0.353868  -1.992494 
    88300.0000  -2.342286   0.347052  -1.995234 
    88400.0000  -2.344413   0.352032  -1.992381 
    88500.0000  -2.349098   0.342368  -2.006730 
    88600.0000  -2.346293   0.348807  -1.997486 
    88700.0000  -2.343467   0.344486  -1.998981 
    88800.0000  -2.348275   0.346073  -2.002202 
    88900.0000  -2.345444   0.348778  -1.996665 
    89000.0000  -2.345101   0.344951  -2.000150 
    89100.0000  -2.343398   0.339011  -2.004386 
    89200.0000  -2.347808   0.346384  -2.001424 
    89300.0000  -2.340846   0.344469  -1.996377 
    89400.0000  -2.341472   0.346479  -1.994992 
    89500.0000  -2.346248   0.348735  -1.997514 
    89600.0000  -2.341980   0.345743  -1.996237 
    89700.0000  -2.341909   0.345881  -1.996028 
    89800.0000  -2.348360   0.345371  -2.002989 
    89900.0000  -2.347069   0.345726  -2.001343 
    90000.0000  -2.343339   0.349871  -1.993468 
    90100.0000  -2.341234   0.348340  -1.992894 
    90200.0000  -2.344591   0.347508  -1.997083 
    90300.0000  -2.351557   0.349012  -2.002546 
    90400.0000  -2.351201   0.343098  -2.008102 
    90500.0000  -2.349261   0.344900  -2.004361 
    90600.0000  -2.343832   0.348191  -1.995642 
    90700.0000  -2.343605   0.353095  -1.990510 
    90800.0000  -2.346491   0.352018  -1.994473 
    90900.0000  -2.352061   0.350554  -2.001507 
    91000.0000  -2.347991   0.343788  -2.004204 
    91100.0000  -2.350431   0.347461  -2.002970 
    91200.0000  -2.347257   0.350455  -1.996802 
    91300.0000  -2.350836   0.348929  -2.001907 
    91400.0000  -2.347191   0.351967  -1.995224 
    91500.0000  -2.355455   0.347863  -2.007592 
    91600.0000  -2.342464   0.350906  -1.991559 
    91700.0000  -2.349274   0.351110  -1.998164 
    91800.0000  -2.344114   0.345663  -1.998452 
    91900.0000  -2.350641   0.352197  -1.998445 
    92000.0000  -2.345646   0.354201  -1.991445 
    92100.0000  -2.349274   0.345769  -2.003505 
    92200.0000  -2.347959   0.352480  -1.995479 
    92300.0000  -2.349550   0.350915  -1.998635 
    92400.0000  -2.351133   0.348329  -2.002804 
    92500.0000  -2.352117   0.349570  -2.002547 
    92600.0000  -2.345995   0.345561  -2.000434 
    92700.0000  -2.342691   0.352258  -1.990434 
    92800.0000  -2.351246   0.355165  -1.996081 
    92900.0000  -2.349723   0.348868  -2.000856 
    93000.0000  -2.353248   0.356964  -1.996284 
    93100.0000  -2.353450   0.349580  -2.003870 
    93200.0000  -2.350743   0.342680  -2.008063 
    93300.0000  -2.351007   0.348195  -2.002812 
    93400.0000  -2.353450   0.352910  -2.000540 
    93500.0000  -2.359360   0.348695  -2.010665 
    93600.0000  -2.356567   0.360145  -1.996422 
    93700.0000  -2.356083   0.342046  -2.014037 
    93800.0000  -2.360908   0.350669  -2.010239 
    93900.0000  -2.358673   0.352836  -2.005838 
    94000.0000  -2.361796   0.343306  -2.018490 
    94100.0000  -2.359543   0.348996  -2.010546 
    94200.0000  -2.362938   0.350851  -2.012088 
    94300.0000  -2.360237   0.353069  -2.007169 
    94400.0000  -2.359691   0.346424  -2.013268 
    94500.0000  -2.362616   0.337654  -2.024962 
    94600.0000  -2.360911   0.347435  -2.013476 
    94700.0000  -2.358711   0.347650  -2.011061 
    94800.0000  -2.358954   0.348623  -2.010331 
    94900.0000  -2.353564   0.343278  -2.010287 
    95000.0000  -2.355111   0.349279  -2.005832 
    95100.0000  -2.348097   0.341521  -2.006576 
    95200.0000  -2.355132   0.348527  -2.006605 
    95300.0000  -2.354747   0.355351  -1.999397 
    95400.0000  -2.357082   0.350442  -2.006640 
    95500.0000  -2.355261   0.351005  -2.004256 
    95600.0000  -2.357329   0.349915  -2.007414 
    95700.0000  -2.362391   0.351291  -2.011100 
    95800.0000  -2.360178   0.341124  -2.019054 
    95900.0000  -2.363851   0.357111  -2.006740 
    96000.0000  -2.366445   0.360897  -2.005548 
    96100.0000  -2.357902   0.347722  -2.010180 
    96200.0000  -2.363426   0.344003  -2.019424 
    96300.0000  -2.359191   0.348246  -2.010945 
    96400.0000  -2.359357   0.346854  -2.012504 
    96500.0000  -2.355457   0.349469  -2.005987 
    96600.0000  -2.364260   0.354064  -2.010195 
    96700.0000  -2.361692   0.341585  -2.020107 
    96800.0000  -2.359713   0.347629  -2.012085 
    96900.0000  -2.361262   0.344496  -2.016766 
    97000.0000  -2.355789   0.348177  -2.007613 
    97100.0000  -2.361339   0.334334  -2.027005 
    97200.0000  -2.361662   0.347604  -2.014058 
    97300.0000  -2.365564   0.350850  -2.014713 
    97400.0000  -2.364659   0.348018  -2.016641 
    97500.0000  -2.366683   0.353076  -2.013607 
    97600.0000  -2.364849   0.345458  -2.019390 
    97700.0000  -2.364029   0.337707  -2.026323 
    97800.0000  -2.364937   0.344855  -2.020083 
    97900.0000  -2.366791   0.354797  -2.011994 
    98000.0000  -2.369707   0.352374  -2.017333 
    98100.0000  -2.366712   0.347571  -2.019141 
    98200.0000  -2.364354   0.352296  -2.012058 
    98300.0000  -2.366066   0.338629  -2.027437 
    98400.0000  -2.360337   0.348332  -2.012005 
    98500.0000  -2.360088   0.338118  -2.021970 
    98600.0000  -2.371691   0.345696  -2.025996 
    98700.0000  -2.367668   0.354807  -2.012860 
    98800.0000  -2.373637   0.342305  -2.031333 
    98900.0000  -2.376081   0.336933  -2.039147 
    99000.0000  -2.369136   0.348022  -2.021114 
    99100.0000  -2.378234   0.342062  -2.036172 
    99200.0000  -2.373780   0.346725  -2.027055 
    99300.0000  -2.372609   0.351817  -2.020792 
    99400.0000  -2.371421   0.346020  -2.025400 
    99500.0000  -2.369398   0.345461  -2.023937 
    99600.0000  -2.373011   0.346897  -2.026114 
    99700.0000  -2.376200   0.353066  -2.023134 
    99800.0000  -2.376814   0.354028  -2.022786 
    99900.0000  -2.375758   0.348557  -2.027201 
   100000.0000  -2.373638   0.348372  -2.025266 
   100100.0000  -2.377506   0.341964  -2.035542 
   100200.0000  -2.370580   0.349132  -2.021448 
   100300.0000  -2.372715   0.347708  -2.025008 
   100400.0000  -2.378843   0.342174  -2.036670 
   100500.0000  -2.379762   0.351564  -2.028198 
   100600.0000  -2.380758   0.346518  -2.034240 
   100700.0000  -2.378576   0.346108  -2.032468 
   100800.0000  -2.377620   0.347826  -2.029794 
   100900.0000  -2.373258   0.338663  -2.034594 
   101000.0000  -2.370045   0.343810  -2.026236 
   101100.0000  -2.373763   0.345117  -2.028646 
   101200.0000  -2.373030   0.343759  -2.029271 
   101300.0000  -2.374726   0.341629  -2.033096 
   101400.0000  -2.379389   0.347647  -2.031742 
