t = 92249807
b = 10.8576704663796 10.8576704663796 10.8576704663796
E = -0.328430950592783 -0.328430950592783 0
-127.387086231036 182.578402105453 -375.17879778265 0.269873695284151 -0.495761911764039 0.825462485785203 0.322940289748062 0.854220146671868 0.407452463827507 0 0 0 0 0 0
-154.894182244932 -76.6455378777144 166.17088118197 -0.489644401158615 0.713683245311244 -0.500903768978341 -0.750743214864766 -0.637246126216764 -0.174074696486418 0 0 0 0 0 0
-426.166356280166 -447.232647170836 112.957798293221 -0.876721207957037 0.475066868145359 -0.075308660255206 -0.468929628068266 -0.809328251568323 0.353684584245958 0 0 0 0 0 0
-540.639164105556 -248.355230638106 -72.2867050265212 0.985417004542882 -0.164819960001123 -0.0422812954179003 -0.0949883614662115 -0.326683746310808 -0.940348308384843 0 0 0 0 0 0
281.707934335053 -34.2019025588203 297.056029066606 -0.197639864817886 -0.723756167085795 -0.66114710499083 -0.116963234339973 -0.652221857553247 0.748950098698511 0 0 0 0 0 0
-101.0937322063 -245.724175065633 209.350550949003 -0.575408491397331 0.773648963846244 0.26527787085992 0.136243954653836 -0.229149547187447 0.963809145964272 0 0 0 0 0 0
-118.149810063932 141.6892483851 -315.365802678671 0.0754451606263151 -0.523365960403244 0.848761509040063 -0.596618753942251 -0.705710159663014 -0.382124630182015 0 0 0 0 0 0
-394.143928765781 196.01916317558 -366.472306617473 0.260460134595157 -0.965484574533655 -0.000233719246208986 -0.248727758701638 -0.0673335377957685 0.966230146879802 0 0 0 0 0 0
551.43955985378 37.6256515142476 -451.645584697671 0.80571322187675 0.515669283267674 -0.291395597747489 0.585152115343898 -0.769223116810469 0.256695926091915 0 0 0 0 0 0
-288.562725847209 -289.116347786267 214.515525350341 0.523424668456842 0.845160807976235 -0.108304317141252 0.143358925684322 0.0379445041497875 0.988943088873353 0 0 0 0 0 0
-254.210205020774 -396.405025197896 -119.932768061151 -0.584127897800482 0.804174980641824 0.109987269813479 -0.807623952114937 -0.58936056680627 0.0199417718440672 0 0 0 0 0 0
392.191098708036 -157.085981304161 -89.3206743300403 -0.909910789365076 0.414597636971614 0.0130826149530726 0.352171557610557 0.788801206946007 -0.503753759221407 0 0 0 0 0 0
-190.322190768653 -43.1860820525825 -427.926357883017 -0.403733692484576 0.892427460699629 0.201425750444723 0.911387250925191 0.411535503721293 0.00343628122934533 0 0 0 0 0 0
122.221076358348 -227.47232433456 -476.201561574847 0.250216282865099 -0.712111699019872 0.655963977598692 0.952766783855027 0.0606550602045667 -0.297584306126109 0 0 0 0 0 0
179.245546920113 92.8308402813122 138.443549637521 -0.776746716359935 -0.22676713966 -0.58757229597187 -0.546415556811957 0.706576751347372 0.449643562978659 0 0 0 0 0 0
204.012163009662 -510.285279641754 -279.218939317622 -0.284187395106234 0.21749845990515 0.93377296191396 0.182111204586277 -0.943953740324867 0.27529410689543 0 0 0 0 0 0
-531.777475873274 -89.4655423853905 -660.47207397124 0.332239278602845 0.936645695635788 -0.110959013154044 -0.807174329229395 0.343211105063159 0.480287142857695 0 0 0 0 0 0
383.093469806731 -146.764375177011 410.692109370597 -0.153737023958911 0.20264126006467 -0.967109842356769 -0.71476165059217 0.652987895208521 0.250444787433867 0 0 0 0 0 0
-300.178609953308 -389.930935043047 141.722662647257 0.483242997388128 0.861409875664247 0.156362500568381 -0.841690175495455 0.407974241432758 0.353715516767856 0 0 0 0 0 0
626.559872547279 -101.162383322917 45.2257906857116 0.116909471109444 -0.984095338849993 -0.133748045290632 0.155144667303973 0.151114920839858 -0.976265544258903 0 0 0 0 0 0
227.053091212307 333.834795244864 319.073612021333 0.130143889222198 -0.873627920514173 -0.468867598150324 -0.977952788751257 -0.0352152304888664 -0.205835445234527 0 0 0 0 0 0
-215.349576272722 -8.46208443050488 -137.145996733737 0.0313492120262805 -0.281018307453333 -0.95919025108813 -0.884260174099891 0.439568151959903 -0.157682542735302 0 0 0 0 0 0
-306.154683074745 424.474088781679 -312.388212987804 0.983075359566257 -0.125033763071907 -0.13390069270043 0.00130293259755484 -0.726102241041926 0.687585513170121 0 0 0 0 0 0
-45.5285055143304 -15.6992107991401 -143.787874422621 0.275009877878807 -0.401040465376126 -0.873805534543709 -0.00158392904983014 -0.909037249437313 0.41671185524642 0 0 0 0 0 0
-19.0907218405463 -202.002518519603 -515.845057936683 -0.0477085004962324 0.455149704800524 0.889135898049161 0.961076330549687 0.263431817936888 -0.0832824360579641 0 0 0 0 0 0
-36.9897126197058 344.810586505941 -153.045077698895 -0.103863674110627 -0.162634414060084 -0.981204557960898 -0.107724202270546 -0.978897068548821 0.173654903276256 0 0 0 0 0 0
196.031370938761 -111.543253857121 -92.2354303156546 0.368343526736608 -0.542790297177606 -0.754785889905802 -0.83421392392053 0.16540164576518 -0.526050781498032 0 0 0 0 0 0
-286.851342835125 119.34569600136 -413.152004504169 -0.781043207418485 -0.56921635584755 0.2568350606524 0.619257377459261 -0.759041832906389 0.200937294595238 0 0 0 0 0 0
-257.943139973564 -5.1980458034903 -506.326381277986 0.133202540305843 0.984718656381008 -0.112188462111799 0.0182047381621691 0.110747088397027 0.993681875612237 0 0 0 0 0 0
182.372920186963 -768.38532579919 253.358437869505 -0.102268626148862 0.00239335716883429 -0.994753939397653 -0.669742179255677 0.739226850873203 0.0706333934920218 0 0 0 0 0 0
-486.062551341912 288.868549711877 58.3850682697588 0.0729591495717371 0.997315716195289 -0.0061906967002592 -0.86625796296089 0.0602930400478599 -0.495945451566502 0 0 0 0 0 0
-29.7047479441069 197.100734815564 117.788205623303 0.635833039819705 -0.767397813462416 -0.0825647707419279 0.771498775237928 0.628798403870977 0.0969649787121635 0 0 0 0 0 0
112.866090827123 -338.631951679347 -202.501576179587 -0.0437766236766989 0.586941440028554 -0.80844502175255 0.458467629219131 0.730782364356141 0.505731716331626 0 0 0 0 0 0
477.902296991364 329.835305374792 377.503942513444 0.259406718355627 0.946881991257697 -0.190059593559808 -0.487045989907244 0.298201092203403 0.820891169597949 0 0 0 0 0 0
127.617678746714 95.1402909849339 -116.075560300089 -0.518348364633928 -0.104017473346751 0.848819968026167 -0.764814751571643 0.500447621305631 -0.405722286924691 0 0 0 0 0 0
-49.137779870904 -104.504398407218 -147.881463662387 0.179379414063132 -0.901328426070146 -0.394246235451707 0.882945083025873 -0.0292323392155735 0.468565311034121 0 0 0 0 0 0
-384.291170995334 -449.922857757635 422.536318591675 -0.690994473899228 -0.538807923921034 -0.48188448632453 0.614357455845664 -0.0864633127427428 -0.784276106990366 0 0 0 0 0 0
285.878603197059 390.255805734133 236.89059174952 0.983573346418888 0.180439616172149 0.00500171250528396 0.153032691972862 -0.848233370235397 0.507031700000184 0 0 0 0 0 0
85.7848122765516 -66.6405974299486 471.444709654412 -0.544106793985032 -0.695935932481495 0.468637359394949 -0.66932503563801 0.696842078927203 0.257711299140702 0 0 0 0 0 0
112.47133246557 19.4389025825839 -304.901954371059 -0.927523333836649 -0.166211320867821 0.334774942318321 0.245558263668498 0.40427492561853 0.881057843538383 0 0 0 0 0 0
11.6291851294488 223.829071867131 282.80416429031 0.297362613515389 0.516128535104793 -0.803235215446772 -0.166368392235158 -0.800410106468159 -0.575903828367865 0 0 0 0 0 0
321.852714957579 -231.319523421664 169.523037366664 0.875849823228971 0.380100043733723 -0.297339946699169 -0.359636216185163 0.924945008720272 0.123038704686601 0 0 0 0 0 0
-145.888568640089 -553.102372904047 379.070969422866 -0.714357080235486 0.0620720925075849 -0.697022967519597 -0.171835404969447 0.95000168889498 0.26070938743557 0 0 0 0 0 0
88.0831809881343 -231.02756516823 179.765487062812 -0.662326664145619 0.602452469167089 0.445392425123467 0.577925932536896 0.0325075914833514 0.815441520280835 0 0 0 0 0 0
90.9879300875942 13.3537374871691 538.775358329914 0.401511578035046 -0.901391769559923 -0.162115176564429 0.914174201476687 0.405162299246005 0.0113596049189565 0 0 0 0 0 0
15.3993212830525 -9.48077978470242 -156.883622568359 0.986352953712031 -0.162651653080303 -0.0255399775553506 -0.0157646871027836 0.0611092465914741 -0.998006580449781 0 0 0 0 0 0
151.594447555966 -351.002847432245 152.792785460606 0.41369028728818 -0.153824918309576 -0.897328390674688 0.51052480599149 0.855270715177355 0.0887492322669 0 0 0 0 0 0
-153.834590287606 -403.384703694418 150.961754962565 0.819025767725246 0.551658199352094 0.157702323669944 0.551614047697716 -0.832711284849477 0.0481025827626568 0 0 0 0 0 0
-160.939398875659 297.11082912003 -190.307767737551 -0.915658681043406 0.331443477268511 0.22740800602684 -0.272812055855575 -0.927938242979538 0.25397676939957 0 0 0 0 0 0
67.0314202632443 293.448981852137 297.160215720633 -0.527411457213475 0.796827758698857 -0.294792601277664 -0.615467768430377 -0.119134961079708 0.779106082040529 0 0 0 0 0 0
-30.3008092776866 -59.5182821172248 -146.759745986098 0.469635771415248 0.87922178552651 0.080070556781153 0.443229392572301 -0.313240037993585 0.839897841501312 0 0 0 0 0 0
49.5430903018257 17.2788664939475 -103.260440323543 0.918002508528752 -0.0935281899353254 -0.385387950023072 0.0268911487961268 0.984235824138793 -0.174804772814151 0 0 0 0 0 0
227.823609188285 -115.347952572294 92.7258335972278 0.465545794622078 -0.648232851860858 -0.602545668707481 0.608779420455468 -0.25961235311543 0.749659284835353 0 0 0 0 0 0
166.641639987483 -129.148074816984 382.952689739951 -0.381789570172115 0.857302195490119 -0.34535441174965 -0.899462708039293 -0.430593194374507 -0.07454084655243 0 0 0 0 0 0
349.557269156791 -593.411184406643 -678.114314365461 -0.624694155822686 0.779736567602738 0.0420487434163296 0.00413060069995494 0.0571475414442571 -0.998357198924768 0 0 0 0 0 0
31.5637900546182 83.3015491563542 -112.736584672919 -0.927644050491567 -0.293550826663057 0.230877516778528 -0.259189858896562 0.951119287084403 0.167906875327221 0 0 0 0 0 0
-152.557403795333 189.484325649507 74.2807741046846 -0.17532703309413 -0.896371118788651 0.407159979449942 -0.98450481469557 0.161004025833748 -0.0694836204168294 0 0 0 0 0 0
657.886455846995 -0.612740328340507 -328.051431862513 -0.705382349839508 -0.701728498446485 -0.100064254372665 -0.450659256201851 0.335014221256783 0.827448914650084 0 0 0 0 0 0
195.162953223399 -11.5022666028088 -410.013817860153 0.17702628076932 0.982965450426658 0.049402623256805 -0.49924085224198 0.132942074239788 -0.856203817060729 0 0 0 0 0 0
429.406574739596 -70.4057826884688 -5.40609359540348 -0.856873020707559 0.368372044051692 0.360653106938976 -0.302281651001368 -0.92571262408287 0.227336625034374 0 0 0 0 0 0
-315.90717864838 99.2388392653045 113.809637550963 0.0433645309909154 0.999007282751449 0.0101963944862677 0.697437653212547 -0.0375785085367077 0.715659538870967 0 0 0 0 0 0
100.926301301932 153.997045841618 157.91679780242 -0.950088935802022 0.277156071683408 -0.143232419498521 -0.0742129353320982 0.24515179414204 0.966640076790897 0 0 0 0 0 0
41.7745794458395 -122.471769754295 -473.870033163149 0.672249224564142 -0.589642522928801 0.447663573709191 0.738265637555417 0.488863235037741 -0.464732811228529 0 0 0 0 0 0
-105.853286667853 380.223829759864 -310.975042384683 -0.57550127911346 -0.801670604111424 -0.16162462759036 -0.78998210498986 0.493850934533499 0.363372437393351 0 0 0 0 0 0
55.7701875055836 -319.242538395786 268.534497509931 -0.978349644081932 0.16529728387919 0.124534259810652 0.072903207505517 0.838421609555302 -0.540124362500161 0 0 0 0 0 0
-40.8379636675641 26.536778541969 -93.6048746145685 0.435379971044922 -0.863653393944735 -0.254061205108189 -0.888032986820401 -0.458345376108306 0.0362895373267214 0 0 0 0 0 0
-394.061249585175 -274.595939524192 -114.704327758816 0.106223392763258 0.698356781690468 -0.707823704249341 0.98732565879552 0.0103401454614221 0.158370214607632 0 0 0 0 0 0
-12.4158189188282 -320.775308819859 113.439000114457 -0.69229302905759 -0.399811223542026 0.600734007235061 -0.520559182970943 -0.299832937567184 -0.799448776704744 0 0 0 0 0 0
-48.3146842293177 430.703425512069 -306.953528964096 0.303131192079234 -0.952698859830594 -0.0218257386343677 0.952679576197977 0.303510466597218 -0.0168232506370016 0 0 0 0 0 0
-103.590065820682 -238.833372959793 -119.237133430885 0.543037382539862 -0.82190548112854 -0.171993550042817 -0.262600456834312 0.0283292560646844 -0.964488700463612 0 0 0 0 0 0
-434.412379935445 -146.218600103794 130.372111831903 0.881490465046007 0.14808841544834 0.448379728849304 -0.249850214691969 -0.65946756681347 0.708997460178668 0 0 0 0 0 0
13.6077649614729 -391.821695418939 -263.157996935982 -0.279535155443543 0.79697370006503 0.535437221601747 0.711478336295854 0.546405698288304 -0.441859015819318 0 0 0 0 0 0
94.8871177299913 -454.030150470468 13.5075032656474 0.764188911940039 -0.369295036053247 0.528806659578499 0.363490962824591 -0.430690449053579 -0.826062986121179 0 0 0 0 0 0
-132.750652452728 -63.4591405077635 -32.3417520142442 -0.100223342330409 0.718004029195703 0.688785522286198 0.451020018907682 -0.584275510411772 0.674687387223084 0 0 0 0 0 0
-482.329379699211 -179.339899937826 -220.252444866546 -0.676820376861446 0.0219619066006249 -0.735820529833251 0.311801292433352 -0.896913417439545 -0.313570208493416 0 0 0 0 0 0
84.5246879140831 5.91739747741382 35.5064963109014 -0.67064620629564 -0.0899065526706313 0.736308683751678 -0.549031979156074 -0.607312440089056 -0.574225988594266 0 0 0 0 0 0
-365.757928577368 145.688648096314 -201.2647658824 -0.522372364127774 -0.649831158397934 0.552129132332731 0.0824338769931718 -0.682944588771546 -0.725803929853701 0 0 0 0 0 0
-302.971034190916 234.1528166402 202.24272681047 0.762280205571205 0.558255189891678 0.327536305091765 -0.39279875692266 0.801206918418721 -0.45141622748616 0 0 0 0 0 0
-110.172062323662 -204.465620204606 -292.371934209346 -0.0992268916122243 0.832411330476159 -0.545202165141738 0.748202307740984 -0.298799595818755 -0.592378348886084 0 0 0 0 0 0
-53.0147349915912 -440.566698851145 56.6672337893109 -0.0704663377427253 -0.956996361191033 0.281411549001872 0.778412097294371 -0.229171586650766 -0.584427061879842 0 0 0 0 0 0
445.481125906158 84.3130819975818 -113.24315838641 -0.617397495392765 0.0437824458918348 0.785432002221691 -0.36482484738617 0.868646468294043 -0.335195679938442 0 0 0 0 0 0
59.6194579206155 -132.903065948903 -120.913189143624 0.562662683466871 0.576580586513468 -0.59242343968641 0.0495470141255553 -0.73885608208474 -0.672039272184258 0 0 0 0 0 0
328.100437862818 275.094740873466 -412.157168899516 -0.835634518228386 -0.0736385335068459 0.544327399943044 0.23922204349639 -0.940845054475113 0.239965408707388 0 0 0 0 0 0
142.189048480913 124.870535991121 -572.636934806416 0.403980218255431 0.262735173303842 -0.876224977940359 0.165655117896826 -0.963040983615644 -0.212392198044242 0 0 0 0 0 0
-118.042683086106 -479.042118609213 -482.811936343675 0.987698699684331 -0.0263672766019324 -0.15412996258686 -0.123421329128001 0.473766388772352 -0.871959049718051 0 0 0 0 0 0
-86.9256616676952 272.257125971759 -118.355968245951 0.067757572069922 -0.996243268786906 -0.053928293368229 0.970841133538967 0.0782949132510153 -0.226577580508041 0 0 0 0 0 0
-288.782241285726 -299.705301932295 527.420150499963 0.138642150508088 -0.422645580719618 -0.895627750351805 -0.449912921379171 0.778769254710815 -0.43714621248796 0 0 0 0 0 0
152.513511502974 -3.26908201673958 359.617157245264 0.400298909854511 0.861900184796724 -0.311269745101228 -0.626233480832502 0.50527294585908 0.593743107468535 0 0 0 0 0 0
-603.050353655169 137.911002230565 -169.158220762909 0.954346601436286 -0.231658691885332 -0.188565147363392 0.265940473343533 0.946411256461462 0.183252280420121 0 0 0 0 0 0
-458.398060337606 -57.6270067399894 232.155941877475 -0.237062705579075 0.712060701027687 -0.660886398464851 -0.970304789621669 -0.139888911774789 0.197331466319601 0 0 0 0 0 0
-273.098187766137 311.434392034846 436.692568023659 -0.427946282651185 -0.741556364526657 -0.516677982301029 -0.635181225931863 -0.159922460888141 0.755625315038426 0 0 0 0 0 0
-557.127222552564 384.788191895174 32.0774867820215 0.163085788493245 -0.917676730392662 0.362315393113792 -0.65717317332955 -0.374947418110917 -0.653863788497154 0 0 0 0 0 0
-18.2667190750811 -114.051151976958 -314.527844048621 0.982642778661785 -0.0593887209294087 -0.175744557154406 0.0622461609401526 0.998002539886452 0.0107863722766465 0 0 0 0 0 0
-40.5216175984829 63.6363751469097 -159.559019707808 -0.678714659267116 0.546489061228894 -0.490607905820021 -0.734396498093384 -0.507650646927284 0.450502612936343 0 0 0 0 0 0
-313.445987711727 -102.232185702963 704.309035080001 -0.567380099660447 0.626302063420728 -0.534626549906294 -0.822012131641101 -0.392348810135054 0.412745038275488 0 0 0 0 0 0
26.9187154411757 3.9886118683621 -280.635617438523 0.519321722721252 0.854425592197161 -0.0161819562785631 0.802605523385024 -0.48114763137591 0.35259230089968 0 0 0 0 0 0
282.426467346655 -191.379332095935 -75.3949347671252 -0.0292503582187829 0.517095026396536 0.855428050873189 -0.0724995054600144 0.852442723534537 -0.517769470712286 0 0 0 0 0 0
276.34474274903 -214.851069700601 272.939049890949 -0.0108248014658796 -0.67731531317865 -0.735613206928444 -0.78743428651976 -0.447640171396811 0.423751721371843 0 0 0 0 0 0
-407.33909188848 391.889876937204 -119.065954220447 0.986929733602394 0.135717598886191 -0.0868932349730905 -0.119228617781849 0.9777019321835 0.172868355998703 0 0 0 0 0 0
-635.286678566659 -159.845337419292 261.961894609656 0.0736711431215614 -0.46406245726444 0.882733594256355 -0.851189093952958 -0.49048658277333 -0.186815519842091 0 0 0 0 0 0
-54.0411828875548 -456.218211042381 -111.294635076278 -0.953313854341058 -0.301956733621565 -0.00385047296137814 0.0511074486183956 -0.173892920458105 0.983437481953453 0 0 0 0 0 0
204.561743203187 429.96139472711 -225.034777504408 -0.152042939698742 0.957329668553755 0.245769913121743 0.936184624996342 0.0597574051279375 0.346391975157414 0 0 0 0 0 0
-71.2646306907348 83.0447157226849 -15.009007488187 -0.537310339808254 0.721370258326708 0.436946849326768 0.366859293741166 -0.266596774615624 0.891257773239296 0 0 0 0 0 0
160.477269730167 607.491428254728 -462.904191892808 0.15983171283415 -0.048872854440188 -0.985933703487248 -0.662912702497215 -0.745368327129122 -0.0705181237821906 0 0 0 0 0 0
411.843099568142 -192.624680604911 45.5393802470419 -0.839977581477751 -0.49934156907298 0.212357387464467 -0.00524738295961417 -0.383861463471675 -0.923375785816791 0 0 0 0 0 0
-94.2383984092684 -41.2110249337241 -131.857896372941 -0.769289487697644 0.635522039444627 0.0656157107520969 -0.638235044614313 -0.759739089543145 -0.124308260569231 0 0 0 0 0 0
-3.20558926731347 263.029867733111 465.771389203532 0.31956267930498 0.727957947732682 -0.606594527116177 -0.257845949094528 -0.549200468426549 -0.794917802049166 0 0 0 0 0 0
-93.8195536610119 -22.4593976911085 537.493771682708 -0.131082693477843 -0.517494541545821 -0.845586617053809 -0.958254500998597 -0.15247881410703 0.241864678207083 0 0 0 0 0 0
133.178389598576 296.874461026463 481.902282595622 0.6394279150395 0.365523320752698 0.676405679643075 -0.764710411348244 0.211174860810301 0.60878827595213 0 0 0 0 0 0
-206.32619445551 14.0685581902409 -354.935624440869 -0.112474698465992 -0.943351164564866 -0.312150640745628 0.48222485981142 -0.326491482116338 0.81293449716718 0 0 0 0 0 0
122.862540716549 -108.700856986032 -278.702602797655 0.351294378948506 0.926083349376568 0.137702176183847 0.886973618508095 -0.282088302383327 -0.365655561599998 0 0 0 0 0 0
287.955433514464 104.60089856502 -177.38772914898 -0.653231900539578 0.659456080871922 -0.372029248202844 -0.701641821063472 -0.711901177889261 -0.0299243689078706 0 0 0 0 0 0
304.497744529839 -34.981636078218 -273.717155682945 0.752076109842817 -0.658591906002814 -0.0252631421671988 -0.530827831490755 -0.582566388596697 -0.615498347839516 0 0 0 0 0 0
-385.39626312345 204.716637082493 261.692347104614 0.489559505593154 0.363555965121364 -0.79256454040628 0.713860206252869 -0.689066448689753 0.124864066968467 0 0 0 0 0 0
-249.101157151489 91.4033397671384 -99.1153399502517 0.544166840505534 -0.472763929338234 -0.693092141646138 0.470890807061213 0.855827873520508 -0.214057232373943 0 0 0 0 0 0
-8.59508830259344 -383.385192322413 463.946551108822 -0.564031745267645 -0.610537576373972 0.555978469157034 0.0397345322092229 -0.692585779154391 -0.720240310912758 0 0 0 0 0 0
317.620983763132 92.1440971000048 166.032954486873 0.0833476283461961 0.649681942481125 0.75562328343116 0.954987757218603 0.164553651399728 -0.246820743401173 0 0 0 0 0 0
81.9523334906457 72.046793192898 -129.800901522183 0.434617415487285 -0.170668853836364 -0.884296242491639 0.658884901988811 0.729642227013083 0.183010673159509 0 0 0 0 0 0
479.716976360476 -392.051767972737 246.779031414776 0.475870585106311 -0.87006432704546 -0.12858947481674 -0.129918067875948 0.0750629225042736 -0.988679348072364 0 0 0 0 0 0
166.445392225464 77.3319963040803 -244.149691465689 -0.57925595240541 -0.810857413478333 0.0835032730607285 0.654852047709484 -0.523903301082318 -0.544696361954998 0 0 0 0 0 0
536.747170445024 248.542246905786 103.711441888625 -0.0892507935976381 -0.02598239513861 0.995670232047021 -0.365197575305544 0.93089173963637 -0.00844393669192876 0 0 0 0 0 0
-59.2203481346335 -262.530802015665 259.198834592125 0.728330888753255 0.630615288233 -0.268064310820113 0.437910530900375 -0.127468653815845 0.889936014116172 0 0 0 0 0 0
-61.8154962367765 45.8844450819736 6.7767173141193 0.511910386794746 0.795940979288062 -0.323149676438145 0.593209818967164 -0.055452853219328 0.803135786620923 0 0 0 0 0 0
512.621354116106 -734.769413162469 -25.9103171356776 0.464082647822203 -0.611690349464356 -0.640673249295446 0.441122321522715 -0.467614278788379 0.765994767428408 0 0 0 0 0 0
52.0573569424816 -521.202430634966 -198.988939860361 -0.362457679150978 -0.268783013391571 -0.892401323696896 -0.522067965494577 -0.734635186753341 0.433308414166546 0 0 0 0 0 0
256.797200342971 -288.417186947646 165.693157477061 -0.315136279828359 0.391796657058662 -0.864398348363664 0.947617161929144 0.179870265161087 -0.263947726126292 0 0 0 0 0 0
90.0191107983208 281.527854122383 178.790446364934 -0.512085333640243 0.858761914497286 0.0172216514877131 -0.825921578788659 -0.486799170764474 -0.284394291494588 0 0 0 0 0 0
239.091284273251 426.983828400489 94.5677795752178 -0.279392509040105 0.173149874325989 -0.944435782313389 0.650114606017739 -0.689733441571164 -0.318777004538678 0 0 0 0 0 0
