        0.0000   1.166920   0.370235   1.537155 
      100.0000  -0.066380   0.370708   0.304328 
      200.0000  -0.124765   0.370956   0.246191 
      300.0000  -0.179165   0.368628   0.189464 
      400.0000  -0.220561   0.365933   0.145372 
      500.0000  -0.249952   0.366168   0.116216 
      600.0000  -0.278640   0.363255   0.084615 
      700.0000  -0.296373   0.374639   0.078266 
      800.0000  -0.305554   0.362409   0.056855 
      900.0000  -0.331121   0.370471   0.039350 
     1000.0000  -0.350126   0.362128   0.012002 
     1100.0000  -0.346092   0.375649   0.029557 
     1200.0000  -0.357951   0.366646   0.008695 
     1300.0000  -0.357554   0.368853   0.011300 
     1400.0000  -0.366228   0.373751   0.007523 
     1500.0000  -0.381607   0.375101  -0.006506 
     1600.0000  -0.386797   0.366806  -0.019991 
     1700.0000  -0.398257   0.368663  -0.029594 
     1800.0000  -0.410199   0.370789  -0.039410 
     1900.0000  -0.413508   0.359719  -0.053789 
     2000.0000  -0.412641   0.368989  -0.043651 
     2100.0000  -0.407693   0.373900  -0.033793 
     2200.0000  -0.423440   0.373667  -0.049773 
     2300.0000  -0.434640   0.365264  -0.069376 
     2400.0000  -0.447596   0.360816  -0.086780 
     2500.0000  -0.451911   0.358574  -0.093337 
     2600.0000  -0.437254   0.368787  -0.068468 
     2700.0000  -0.451484   0.368968  -0.082516 
     2800.0000  -0.435546   0.371211  -0.064335 
     2900.0000  -0.436069   0.374912  -0.061157 
     3000.0000  -0.453774   0.370522  -0.083252 
     3100.0000  -0.462004   0.369016  -0.092989 
     3200.0000  -0.476782   0.365242  -0.111540 
     3300.0000  -0.482427   0.368922  -0.113504 
     3400.0000  -0.489337   0.380924  -0.108413 
     3500.0000  -0.498573   0.368363  -0.130210 
     3600.0000  -0.496705   0.367419  -0.129285 
     3700.0000  -0.492314   0.369403  -0.122911 
     3800.0000  -0.492105   0.373209  -0.118896 
     3900.0000  -0.485852   0.371912  -0.113941 
     4000.0000  -0.469473   0.370562  -0.098911 
     4100.0000  -0.480501   0.368613  -0.111888 
     4200.0000  -0.485719   0.366725  -0.118994 
     4300.0000  -0.487907   0.365770  -0.122137 
     4400.0000  -0.485645   0.367316  -0.118328 
     4500.0000  -0.476680   0.365117  -0.111563 
     4600.0000  -0.475147   0.369941  -0.105206 
     4700.0000  -0.483328   0.355777  -0.127551 
     4800.0000  -0.496968   0.366005  -0.130963 
     4900.0000  -0.500947   0.373300  -0.127647 
     5000.0000  -0.504859   0.360349  -0.144510 
     5100.0000  -0.510642   0.369413  -0.141228 
     5200.0000  -0.520666   0.367057  -0.153609 
     5300.0000  -0.515637   0.363613  -0.152024 
     5400.0000  -0.502465   0.372089  -0.130376 
     5500.0000  -0.520792   0.376071  -0.144721 
     5600.0000  -0.509241   0.370800  -0.138441 
     5700.0000  -0.514530   0.367802  -0.146728 
     5800.0000  -0.511934   0.372577  -0.139357 
     5900.0000  -0.503151   0.370679  -0.132472 
     6000.0000  -0.508508   0.366260  -0.142248 
     6100.0000  -0.526555   0.373389  -0.153166 
     6200.0000  -0.507554   0.363779  -0.143775 
     6300.0000  -0.508597   0.376487  -0.132110 
     6400.0000  -0.509604   0.379454  -0.130150 
     6500.0000  -0.518413   0.379341  -0.139072 
     6600.0000  -0.501933   0.367272  -0.134661 
     6700.0000  -0.511766   0.375240  -0.136526 
     6800.0000  -0.513106   0.364189  -0.148917 
     6900.0000  -0.512824   0.372663  -0.140162 
     7000.0000  -0.505791   0.372441  -0.133349 
     7100.0000  -0.506330   0.379137  -0.127193 
     7200.0000  -0.514136   0.378337  -0.135798 
     7300.0000  -0.512239   0.361448  -0.150791 
     7400.0000  -0.505281   0.368169  -0.137112 
     7500.0000  -0.503795   0.375667  -0.128127 
     7600.0000  -0.496518   0.361049  -0.135469 
     7700.0000  -0.486269   0.374081  -0.112187 
     7800.0000  -0.470320   0.373576  -0.096744 
     7900.0000  -0.473274   0.369806  -0.103468 
     8000.0000  -0.472448   0.362183  -0.110265 
     8100.0000  -0.474772   0.367895  -0.106877 
     8200.0000  -0.489651   0.368240  -0.121411 
     8300.0000  -0.495119   0.377778  -0.117341 
     8400.0000  -0.503170   0.368388  -0.134782 
     8500.0000  -0.503700   0.367363  -0.136337 
     8600.0000  -0.483562   0.363103  -0.120459 
     8700.0000  -0.486902   0.366014  -0.120887 
     8800.0000  -0.490117   0.365677  -0.124440 
     8900.0000  -0.477661   0.362855  -0.114807 
     9000.0000  -0.470934   0.361815  -0.109119 
     9100.0000  -0.474522   0.371113  -0.103409 
     9200.0000  -0.474374   0.363692  -0.110681 
     9300.0000  -0.481623   0.365632  -0.115991 
     9400.0000  -0.487756   0.369766  -0.117991 
     9500.0000  -0.497923   0.360169  -0.137754 
     9600.0000  -0.491984   0.362833  -0.129152 
     9700.0000  -0.490311   0.367618  -0.122693 
     9800.0000  -0.498769   0.370887  -0.127883 
     9900.0000  -0.497021   0.370466  -0.126555 
    10000.0000  -0.492642   0.371592  -0.121049 
    10100.0000  -0.489692   0.374755  -0.114937 
    10200.0000  -0.480730   0.365654  -0.115076 
    10300.0000  -0.477504   0.361186  -0.116318 
    10400.0000  -0.483079   0.365918  -0.117160 
    10500.0000  -0.483946   0.370890  -0.113056 
    10600.0000  -0.474003   0.372777  -0.101226 
    10700.0000  -0.481572   0.360857  -0.120715 
    10800.0000  -0.481564   0.371260  -0.110304 
    10900.0000  -0.495095   0.364491  -0.130604 
    11000.0000  -0.487832   0.368575  -0.119257 
    11100.0000  -0.488974   0.365279  -0.123695 
    11200.0000  -0.485275   0.377570  -0.107704 
    11300.0000  -0.481692   0.371641  -0.110051 
    11400.0000  -0.487203   0.369654  -0.117549 
    11500.0000  -0.486782   0.369784  -0.116998 
    11600.0000  -0.474762   0.366933  -0.107829 
    11700.0000  -0.482171   0.363809  -0.118362 
    11800.0000  -0.477202   0.365783  -0.111418 
    11900.0000  -0.463784   0.361504  -0.102280 
    12000.0000  -0.480829   0.367761  -0.113068 
    12100.0000  -0.493494   0.373909  -0.119585 
    12200.0000  -0.487922   0.368192  -0.119730 
    12300.0000  -0.479110   0.366108  -0.113002 
    12400.0000  -0.481001   0.367644  -0.113358 
    12500.0000  -0.492548   0.372880  -0.119668 
    12600.0000  -0.485584   0.376818  -0.108766 
    12700.0000  -0.495493   0.369224  -0.126269 
    12800.0000  -0.488098   0.365572  -0.122526 
    12900.0000  -0.482166   0.366398  -0.115768 
    13000.0000  -0.502265   0.370387  -0.131878 
    13100.0000  -0.505367   0.377568  -0.127799 
    13200.0000  -0.505732   0.369515  -0.136217 
    13300.0000  -0.487793   0.370350  -0.117443 
    13400.0000  -0.502111   0.370523  -0.131588 
    13500.0000  -0.495095   0.366899  -0.128196 
    13600.0000  -0.483055   0.360965  -0.122090 
    13700.0000  -0.483131   0.379116  -0.104015 
    13800.0000  -0.495023   0.372779  -0.122243 
    13900.0000  -0.475906   0.381798  -0.094108 
    14000.0000  -0.476546   0.368262  -0.108285 
    14100.0000  -0.473402   0.371749  -0.101653 
    14200.0000  -0.471307   0.372995  -0.098312 
    14300.0000  -0.457908   0.369820  -0.088088 
    14400.0000  -0.469788   0.368906  -0.100883 
    14500.0000  -0.472646   0.366152  -0.106494 
    14600.0000  -0.456639   0.374857  -0.081782 
    14700.0000  -0.449244   0.365892  -0.083352 
    14800.0000  -0.446960   0.368672  -0.078288 
    14900.0000  -0.443069   0.376701  -0.066368 
    15000.0000  -0.450438   0.363954  -0.086484 
    15100.0000  -0.457694   0.378366  -0.079327 
    15200.0000  -0.454140   0.370071  -0.084069 
    15300.0000  -0.469848   0.364703  -0.105145 
    15400.0000  -0.468503   0.365953  -0.102550 
    15500.0000  -0.467552   0.372794  -0.094759 
    15600.0000  -0.466553   0.369114  -0.097439 
    15700.0000  -0.459732   0.368342  -0.091391 
    15800.0000  -0.464671   0.372054  -0.092617 
    15900.0000  -0.458255   0.358279  -0.099976 
    16000.0000  -0.448679   0.370885  -0.077794 
    16100.0000  -0.453323   0.366559  -0.086764 
    16200.0000  -0.457650   0.360962  -0.096688 
    16300.0000  -0.444889   0.378639  -0.066251 
    16400.0000  -0.460532   0.368364  -0.092168 
    16500.0000  -0.474060   0.362739  -0.111321 
    16600.0000  -0.451637   0.363669  -0.087969 
    16700.0000  -0.440996   0.372742  -0.068254 
    16800.0000  -0.454035   0.369863  -0.084173 
    16900.0000  -0.457180   0.373760  -0.083420 
    17000.0000  -0.467562   0.373214  -0.094348 
    17100.0000  -0.474096   0.368410  -0.105687 
    17200.0000  -0.459586   0.373523  -0.086063 
    17300.0000  -0.459618   0.373093  -0.086525 
    17400.0000  -0.450285   0.371069  -0.079216 
    17500.0000  -0.456092   0.362331  -0.093761 
    17600.0000  -0.450580   0.369392  -0.081188 
    17700.0000  -0.463531   0.369836  -0.093695 
    17800.0000  -0.472620   0.375140  -0.097480 
    17900.0000  -0.456791   0.362813  -0.093978 
    18000.0000  -0.454528   0.369802  -0.084726 
    18100.0000  -0.442396   0.376521  -0.065874 
    18200.0000  -0.443686   0.373589  -0.070098 
    18300.0000  -0.442848   0.373566  -0.069282 
    18400.0000  -0.452832   0.369244  -0.083587 
    18500.0000  -0.438750   0.376804  -0.061946 
    18600.0000  -0.454686   0.365673  -0.089013 
    18700.0000  -0.454019   0.367216  -0.086803 
    18800.0000  -0.436525   0.380778  -0.055747 
    18900.0000  -0.441948   0.368583  -0.073365 
    19000.0000  -0.454489   0.364033  -0.090456 
    19100.0000  -0.467693   0.365788  -0.101905 
    19200.0000  -0.478090   0.365673  -0.112417 
    19300.0000  -0.472027   0.364857  -0.107171 
    19400.0000  -0.470330   0.370438  -0.099892 
    19500.0000  -0.472258   0.367806  -0.104452 
    19600.0000  -0.483582   0.377815  -0.105766 
    19700.0000  -0.472152   0.372236  -0.099916 
    19800.0000  -0.470331   0.360358  -0.109973 
    19900.0000  -0.479788   0.365504  -0.114285 
    20000.0000  -0.478981   0.369605  -0.109377 
    20100.0000  -0.494331   0.362564  -0.131767 
    20200.0000  -0.474381   0.372445  -0.101936 
    20300.0000  -0.480004   0.369245  -0.110758 
    20400.0000  -0.483349   0.361299  -0.122049 
    20500.0000  -0.484981   0.364505  -0.120476 
    20600.0000  -0.475465   0.365340  -0.110125 
    20700.0000  -0.473418   0.370901  -0.102517 
    20800.0000  -0.483153   0.365592  -0.117562 
    20900.0000  -0.485053   0.376219  -0.108834 
    21000.0000  -0.478641   0.371874  -0.106767 
    21100.0000  -0.473631   0.370202  -0.103429 
    21200.0000  -0.473296   0.370024  -0.103272 
    21300.0000  -0.477687   0.372329  -0.105358 
    21400.0000  -0.452043   0.380887  -0.071156 
    21500.0000  -0.451400   0.375406  -0.075994 
    21600.0000  -0.455683   0.361704  -0.093979 
    21700.0000  -0.459905   0.378753  -0.081152 
    21800.0000  -0.469776   0.363076  -0.106700 
    21900.0000  -0.480255   0.370073  -0.110181 
    22000.0000  -0.494292   0.372419  -0.121873 
    22100.0000  -0.492905   0.366470  -0.126436 
    22200.0000  -0.490693   0.370733  -0.119960 
    22300.0000  -0.488726   0.366579  -0.122148 
    22400.0000  -0.490172   0.364908  -0.125264 
    22500.0000  -0.484921   0.366312  -0.118610 
    22600.0000  -0.466699   0.370488  -0.096211 
    22700.0000  -0.470000   0.378655  -0.091345 
    22800.0000  -0.454893   0.374094  -0.080799 
    22900.0000  -0.461685   0.370819  -0.090866 
    23000.0000  -0.471080   0.370673  -0.100407 
    23100.0000  -0.470736   0.367790  -0.102946 
    23200.0000  -0.486854   0.376046  -0.110807 
    23300.0000  -0.482914   0.367955  -0.114959 
    23400.0000  -0.481214   0.371552  -0.109662 
    23500.0000  -0.489203   0.363882  -0.125321 
    23600.0000  -0.510083   0.371034  -0.139049 
    23700.0000  -0.523852   0.374894  -0.148958 
    23800.0000  -0.508432   0.356301  -0.152131 
    23900.0000  -0.503331   0.373119  -0.130213 
    24000.0000  -0.502001   0.370612  -0.131389 
    24100.0000  -0.507931   0.372720  -0.135211 
    24200.0000  -0.510721   0.369154  -0.141567 
    24300.0000  -0.516030   0.376483  -0.139547 
    24400.0000  -0.524089   0.368754  -0.155335 
    24500.0000  -0.537973   0.361083  -0.176890 
    24600.0000  -0.542322   0.368292  -0.174030 
    24700.0000  -0.537560   0.378674  -0.158887 
    24800.0000  -0.522949   0.369533  -0.153416 
    24900.0000  -0.516992   0.362918  -0.154074 
    25000.0000  -0.512469   0.368908  -0.143561 
    25100.0000  -0.514441   0.373333  -0.141107 
    25200.0000  -0.522644   0.371667  -0.150977 
    25300.0000  -0.507272   0.377173  -0.130099 
    25400.0000  -0.509613   0.366039  -0.143574 
    25500.0000  -0.510118   0.361093  -0.149025 
    25600.0000  -0.514415   0.364992  -0.149423 
    25700.0000  -0.513472   0.369588  -0.143884 
    25800.0000  -0.510548   0.363735  -0.146814 
    25900.0000  -0.504628   0.367204  -0.137424 
    26000.0000  -0.505484   0.373093  -0.132391 
    26100.0000  -0.498935   0.369041  -0.129894 
    26200.0000  -0.505081   0.369434  -0.135647 
    26300.0000  -0.490646   0.369461  -0.121186 
    26400.0000  -0.490451   0.374758  -0.115693 
    26500.0000  -0.489831   0.369108  -0.120723 
    26600.0000  -0.482347   0.361599  -0.120748 
    26700.0000  -0.482297   0.361162  -0.121136 
    26800.0000  -0.482416   0.364615  -0.117801 
    26900.0000  -0.503256   0.366138  -0.137118 
    27000.0000  -0.500629   0.368291  -0.132338 
    27100.0000  -0.491530   0.365147  -0.126383 
    27200.0000  -0.487302   0.370340  -0.116962 
    27300.0000  -0.474399   0.370992  -0.103407 
    27400.0000  -0.481278   0.358338  -0.122940 
    27500.0000  -0.474963   0.372889  -0.102074 
    27600.0000  -0.463123   0.364534  -0.098589 
    27700.0000  -0.469773   0.364508  -0.105265 
    27800.0000  -0.466872   0.374750  -0.092122 
    27900.0000  -0.466342   0.365402  -0.100940 
    28000.0000  -0.477942   0.364002  -0.113939 
    28100.0000  -0.477030   0.373100  -0.103931 
    28200.0000  -0.488225   0.366486  -0.121739 
    28300.0000  -0.488597   0.373512  -0.115086 
    28400.0000  -0.487632   0.367013  -0.120618 
    28500.0000  -0.485925   0.369449  -0.116475 
    28600.0000  -0.485330   0.360080  -0.125250 
    28700.0000  -0.498069   0.368443  -0.129626 
    28800.0000  -0.497696   0.372558  -0.125138 
    28900.0000  -0.504175   0.361151  -0.143024 
    29000.0000  -0.498950   0.369779  -0.129171 
    29100.0000  -0.508138   0.366206  -0.141932 
    29200.0000  -0.509529   0.365451  -0.144078 
    29300.0000  -0.512995   0.358683  -0.154312 
    29400.0000  -0.516321   0.365482  -0.150839 
    29500.0000  -0.505363   0.373030  -0.132332 
    29600.0000  -0.512588   0.353531  -0.159057 
    29700.0000  -0.492329   0.368856  -0.123473 
    29800.0000  -0.505174   0.379992  -0.125182 
    29900.0000  -0.515364   0.361939  -0.153425 
    30000.0000  -0.526498   0.365494  -0.161004 
    30100.0000  -0.542561   0.366315  -0.176246 
    30200.0000  -0.537629   0.356953  -0.180676 
    30300.0000  -0.530183   0.366928  -0.163255 
    30400.0000  -0.540818   0.367658  -0.173161 
    30500.0000  -0.561227   0.370981  -0.190246 
    30600.0000  -0.559740   0.361861  -0.197880 
    30700.0000  -0.545998   0.366480  -0.179518 
    30800.0000  -0.558358   0.362744  -0.195614 
    30900.0000  -0.561012   0.368988  -0.192025 
    31000.0000  -0.538641   0.362948  -0.175693 
    31100.0000  -0.538380   0.371322  -0.167058 
    31200.0000  -0.552104   0.361772  -0.190331 
    31300.0000  -0.539566   0.364230  -0.175336 
    31400.0000  -0.541187   0.372134  -0.169054 
    31500.0000  -0.538090   0.368420  -0.169671 
    31600.0000  -0.540877   0.364179  -0.176698 
    31700.0000  -0.550451   0.363770  -0.186681 
    31800.0000  -0.535191   0.370307  -0.164884 
    31900.0000  -0.534158   0.367471  -0.166687 
    32000.0000  -0.519425   0.367136  -0.152289 
    32100.0000  -0.533789   0.366615  -0.167174 
    32200.0000  -0.537518   0.361040  -0.176478 
    32300.0000  -0.519941   0.367433  -0.152509 
    32400.0000  -0.525808   0.375999  -0.149809 
    32500.0000  -0.525445   0.372136  -0.153310 
    32600.0000  -0.535200   0.376197  -0.159003 
    32700.0000  -0.531551   0.362882  -0.168669 
    32800.0000  -0.523396   0.363142  -0.160254 
    32900.0000  -0.522125   0.365930  -0.156195 
    33000.0000  -0.524107   0.369984  -0.154123 
    33100.0000  -0.520507   0.368547  -0.151960 
    33200.0000  -0.518788   0.362137  -0.156651 
    33300.0000  -0.528869   0.373443  -0.155426 
    33400.0000  -0.522414   0.374227  -0.148187 
    33500.0000  -0.520298   0.371281  -0.149017 
    33600.0000  -0.510242   0.362526  -0.147716 
    33700.0000  -0.523779   0.369226  -0.154553 
    33800.0000  -0.514096   0.358567  -0.155529 
    33900.0000  -0.502311   0.377880  -0.124432 
    34000.0000  -0.508736   0.365747  -0.142989 
    34100.0000  -0.515414   0.370160  -0.145254 
    34200.0000  -0.522677   0.364771  -0.157906 
    34300.0000  -0.500379   0.369892  -0.130488 
    34400.0000  -0.507611   0.373793  -0.133818 
    34500.0000  -0.510520   0.367235  -0.143285 
    34600.0000  -0.499611   0.366178  -0.133433 
    34700.0000  -0.493039   0.373703  -0.119336 
    34800.0000  -0.507260   0.365941  -0.141319 
    34900.0000  -0.500835   0.371281  -0.129553 
    35000.0000  -0.494436   0.369723  -0.124713 
    35100.0000  -0.497837   0.374126  -0.123710 
    35200.0000  -0.488445   0.357570  -0.130875 
    35300.0000  -0.492903   0.363034  -0.129869 
    35400.0000  -0.478579   0.371596  -0.106983 
    35500.0000  -0.484534   0.374251  -0.110283 
    35600.0000  -0.486839   0.372418  -0.114421 
    35700.0000  -0.482105   0.365836  -0.116269 
    35800.0000  -0.496612   0.362827  -0.133785 
    35900.0000  -0.486389   0.374580  -0.111809 
    36000.0000  -0.499062   0.373947  -0.125114 
    36100.0000  -0.493112   0.371303  -0.121809 
    36200.0000  -0.498551   0.373908  -0.124644 
    36300.0000  -0.495534   0.368166  -0.127368 
    36400.0000  -0.494933   0.370931  -0.124001 
    36500.0000  -0.488909   0.366998  -0.121911 
    36600.0000  -0.488576   0.373026  -0.115550 
    36700.0000  -0.496157   0.380590  -0.115568 
    36800.0000  -0.507168   0.370571  -0.136597 
    36900.0000  -0.507858   0.365434  -0.142424 
    37000.0000  -0.511689   0.365377  -0.146311 
    37100.0000  -0.510629   0.360839  -0.149790 
    37200.0000  -0.508215   0.363408  -0.144808 
    37300.0000  -0.504260   0.367951  -0.136309 
    37400.0000  -0.516691   0.369850  -0.146841 
    37500.0000  -0.531138   0.375459  -0.155679 
    37600.0000  -0.515210   0.372377  -0.142833 
    37700.0000  -0.510139   0.370358  -0.139781 
    37800.0000  -0.508337   0.376767  -0.131570 
    37900.0000  -0.502451   0.374434  -0.128017 
    38000.0000  -0.493257   0.365070  -0.128187 
    38100.0000  -0.505651   0.367506  -0.138145 
    38200.0000  -0.510462   0.365441  -0.145021 
    38300.0000  -0.507749   0.372865  -0.134884 
    38400.0000  -0.502795   0.364405  -0.138390 
    38500.0000  -0.495157   0.367713  -0.127444 
    38600.0000  -0.501081   0.364665  -0.136416 
    38700.0000  -0.520264   0.375522  -0.144742 
    38800.0000  -0.516329   0.370481  -0.145848 
    38900.0000  -0.498631   0.361277  -0.137354 
    39000.0000  -0.495265   0.357524  -0.137741 
    39100.0000  -0.508119   0.368724  -0.139396 
    39200.0000  -0.506743   0.362692  -0.144050 
    39300.0000  -0.503442   0.372208  -0.131234 
    39400.0000  -0.500996   0.368399  -0.132597 
    39500.0000  -0.505925   0.371822  -0.134103 
    39600.0000  -0.496415   0.367956  -0.128460 
    39700.0000  -0.485502   0.375951  -0.109551 
    39800.0000  -0.489395   0.370994  -0.118401 
    39900.0000  -0.497791   0.365638  -0.132154 
    40000.0000  -0.488845   0.366165  -0.122680 
    40100.0000  -0.486663   0.368259  -0.118404 
    40200.0000  -0.489023   0.360531  -0.128492 
    40300.0000  -0.496723   0.364502  -0.132221 
    40400.0000  -0.495146   0.370501  -0.124645 
    40500.0000  -0.486625   0.364588  -0.122037 
    40600.0000  -0.473364   0.378756  -0.094609 
    40700.0000  -0.483362   0.373207  -0.110155 
    40800.0000  -0.479423   0.370592  -0.108831 
    40900.0000  -0.484790   0.376298  -0.108492 
    41000.0000  -0.494270   0.370609  -0.123662 
    41100.0000  -0.496975   0.379496  -0.117479 
    41200.0000  -0.486046   0.373916  -0.112130 
    41300.0000  -0.478777   0.369425  -0.109352 
    41400.0000  -0.468235   0.371799  -0.096436 
    41500.0000  -0.488060   0.361616  -0.126444 
    41600.0000  -0.476170   0.365805  -0.110366 
    41700.0000  -0.485971   0.356780  -0.129191 
    41800.0000  -0.481145   0.371868  -0.109276 
    41900.0000  -0.485538   0.369526  -0.116012 
    42000.0000  -0.491613   0.363073  -0.128540 
    42100.0000  -0.497608   0.368981  -0.128627 
    42200.0000  -0.486054   0.366085  -0.119969 
    42300.0000  -0.482965   0.373273  -0.109692 
    42400.0000  -0.491407   0.368503  -0.122904 
    42500.0000  -0.487652   0.374111  -0.113541 
    42600.0000  -0.481291   0.370368  -0.110923 
    42700.0000  -0.475540   0.363938  -0.111602 
    42800.0000  -0.478854   0.378469  -0.100385 
    42900.0000  -0.475977   0.371579  -0.104398 
    43000.0000  -0.482104   0.369617  -0.112487 
    43100.0000  -0.473593   0.366810  -0.106783 
    43200.0000  -0.479969   0.364066  -0.115904 
    43300.0000  -0.480695   0.371527  -0.109168 
    43400.0000  -0.483615   0.375156  -0.108459 
    43500.0000  -0.493914   0.365563  -0.128351 
    43600.0000  -0.516477   0.369718  -0.146759 
    43700.0000  -0.513998   0.373167  -0.140831 
    43800.0000  -0.515535   0.367926  -0.147609 
    43900.0000  -0.510707   0.361751  -0.148956 
    44000.0000  -0.498476   0.363666  -0.134810 
    44100.0000  -0.508355   0.364325  -0.144030 
    44200.0000  -0.505727   0.366521  -0.139206 
    44300.0000  -0.494332   0.365964  -0.128368 
    44400.0000  -0.497752   0.368175  -0.129577 
    44500.0000  -0.500057   0.369040  -0.131017 
    44600.0000  -0.493206   0.361125  -0.132081 
    44700.0000  -0.496925   0.366972  -0.129953 
    44800.0000  -0.490820   0.366873  -0.123947 
    44900.0000  -0.508267   0.378268  -0.129999 
    45000.0000  -0.507037   0.362614  -0.144423 
    45100.0000  -0.511032   0.373986  -0.137046 
    45200.0000  -0.516615   0.371894  -0.144720 
    45300.0000  -0.512880   0.373755  -0.139125 
    45400.0000  -0.503262   0.362993  -0.140270 
    45500.0000  -0.503034   0.369332  -0.133702 
    45600.0000  -0.507082   0.370536  -0.136546 
    45700.0000  -0.516289   0.368791  -0.147498 
    45800.0000  -0.508100   0.372589  -0.135511 
    45900.0000  -0.519979   0.366530  -0.153450 
    46000.0000  -0.515683   0.363038  -0.152644 
    46100.0000  -0.518568   0.366155  -0.152413 
    46200.0000  -0.518854   0.358797  -0.160057 
    46300.0000  -0.505853   0.364609  -0.141244 
    46400.0000  -0.509171   0.371231  -0.137940 
    46500.0000  -0.510880   0.375790  -0.135090 
    46600.0000  -0.511124   0.365929  -0.145195 
    46700.0000  -0.503120   0.364530  -0.138590 
    46800.0000  -0.509024   0.366584  -0.142440 
    46900.0000  -0.499486   0.370412  -0.129074 
    47000.0000  -0.499503   0.367953  -0.131550 
    47100.0000  -0.513715   0.373698  -0.140017 
    47200.0000  -0.500819   0.366843  -0.133975 
    47300.0000  -0.509946   0.372689  -0.137257 
    47400.0000  -0.512041   0.358700  -0.153341 
    47500.0000  -0.514736   0.375131  -0.139605 
    47600.0000  -0.497928   0.364246  -0.133682 
    47700.0000  -0.495403   0.369528  -0.125875 
    47800.0000  -0.496160   0.365931  -0.130229 
    47900.0000  -0.492723   0.362932  -0.129791 
    48000.0000  -0.482722   0.367517  -0.115206 
    48100.0000  -0.470168   0.375232  -0.094936 
    48200.0000  -0.489108   0.371781  -0.117327 
    48300.0000  -0.486370   0.370668  -0.115701 
    48400.0000  -0.474409   0.362946  -0.111463 
    48500.0000  -0.462564   0.369103  -0.093460 
    48600.0000  -0.456802   0.371585  -0.085217 
    48700.0000  -0.465351   0.364003  -0.101349 
    48800.0000  -0.473019   0.375444  -0.097575 
    48900.0000  -0.465199   0.356788  -0.108412 
    49000.0000  -0.460974   0.367085  -0.093889 
    49100.0000  -0.472506   0.374454  -0.098052 
    49200.0000  -0.470968   0.359077  -0.111891 
    49300.0000  -0.471941   0.364579  -0.107362 
    49400.0000  -0.485232   0.360929  -0.124303 
    49500.0000  -0.482087   0.374965  -0.107122 
    49600.0000  -0.486871   0.368561  -0.118309 
    49700.0000  -0.484183   0.366974  -0.117209 
    49800.0000  -0.485710   0.368194  -0.117516 
    49900.0000  -0.479208   0.371729  -0.107480 
    50000.0000  -0.488858   0.366655  -0.122203 
    50100.0000  -0.502124   0.372022  -0.130102 
    50200.0000  -0.498101   0.364777  -0.133325 
    50300.0000  -0.490790   0.365597  -0.125193 
    50400.0000  -0.498284   0.368047  -0.130237 
    50500.0000  -0.512479   0.368011  -0.144467 
    50600.0000  -0.501024   0.372633  -0.128391 
    50700.0000  -0.492364   0.370856  -0.121508 
    50800.0000  -0.494092   0.374786  -0.119305 
    50900.0000  -0.478442   0.366741  -0.111701 
    51000.0000  -0.487834   0.365376  -0.122458 
    51100.0000  -0.480181   0.367246  -0.112935 
    51200.0000  -0.485137   0.360535  -0.124602 
    51300.0000  -0.480883   0.364358  -0.116525 
    51400.0000  -0.501825   0.369281  -0.132545 
    51500.0000  -0.497549   0.361020  -0.136529 
    51600.0000  -0.501791   0.370828  -0.130963 
    51700.0000  -0.499803   0.363552  -0.136251 
    51800.0000  -0.494200   0.367753  -0.126448 
    51900.0000  -0.494354   0.364756  -0.129598 
    52000.0000  -0.488894   0.376721  -0.112174 
    52100.0000  -0.476914   0.369950  -0.106964 
    52200.0000  -0.468542   0.369305  -0.099236 
    52300.0000  -0.474934   0.369598  -0.105336 
    52400.0000  -0.484257   0.367344  -0.116913 
    52500.0000  -0.487948   0.371269  -0.116679 
    52600.0000  -0.491600   0.361925  -0.129675 
    52700.0000  -0.499800   0.369327  -0.130473 
    52800.0000  -0.491067   0.369369  -0.121698 
    52900.0000  -0.492788   0.371780  -0.121009 
    53000.0000  -0.496011   0.369271  -0.126740 
    53100.0000  -0.490411   0.365903  -0.124508 
    53200.0000  -0.478919   0.375126  -0.103793 
    53300.0000  -0.471602   0.365122  -0.106480 
    53400.0000  -0.474665   0.367856  -0.106809 
    53500.0000  -0.478125   0.369311  -0.108813 
    53600.0000  -0.501347   0.372727  -0.128620 
    53700.0000  -0.503112   0.365952  -0.137161 
    53800.0000  -0.499353   0.377449  -0.121905 
    53900.0000  -0.501245   0.367451  -0.133794 
    54000.0000  -0.498117   0.363879  -0.134238 
    54100.0000  -0.496474   0.369371  -0.127103 
    54200.0000  -0.496680   0.371963  -0.124718 
    54300.0000  -0.508351   0.360030  -0.148321 
    54400.0000  -0.517579   0.372894  -0.144685 
    54500.0000  -0.504206   0.370620  -0.133586 
    54600.0000  -0.504951   0.362660  -0.142291 
    54700.0000  -0.497556   0.361870  -0.135686 
    54800.0000  -0.479142   0.381443  -0.097699 
    54900.0000  -0.488809   0.367160  -0.121649 
    55000.0000  -0.487839   0.365198  -0.122641 
    55100.0000  -0.490776   0.357892  -0.132884 
    55200.0000  -0.491243   0.365603  -0.125640 
    55300.0000  -0.492327   0.363614  -0.128713 
    55400.0000  -0.491847   0.371410  -0.120436 
    55500.0000  -0.498688   0.367229  -0.131459 
    55600.0000  -0.479800   0.369801  -0.109999 
    55700.0000  -0.463723   0.369373  -0.094350 
    55800.0000  -0.476251   0.370465  -0.105786 
    55900.0000  -0.484081   0.361792  -0.122289 
    56000.0000  -0.487383   0.367692  -0.119691 
    56100.0000  -0.488597   0.368583  -0.120014 
    56200.0000  -0.488893   0.363010  -0.125883 
    56300.0000  -0.473974   0.372204  -0.101770 
    56400.0000  -0.484803   0.373228  -0.111575 
    56500.0000  -0.489311   0.373990  -0.115321 
    56600.0000  -0.474517   0.367371  -0.107145 
    56700.0000  -0.457928   0.366819  -0.091109 
    56800.0000  -0.443325   0.367101  -0.076223 
    56900.0000  -0.440930   0.360308  -0.080622 
    57000.0000  -0.447878   0.369551  -0.078326 
    57100.0000  -0.466436   0.359349  -0.107087 
    57200.0000  -0.460152   0.373473  -0.086679 
    57300.0000  -0.487856   0.374489  -0.113367 
    57400.0000  -0.480158   0.372699  -0.107459 
    57500.0000  -0.459634   0.376015  -0.083619 
    57600.0000  -0.448281   0.362824  -0.085457 
    57700.0000  -0.465827   0.371801  -0.094026 
    57800.0000  -0.455079   0.355854  -0.099225 
    57900.0000  -0.439035   0.376950  -0.062085 
    58000.0000  -0.433988   0.370801  -0.063187 
    58100.0000  -0.437057   0.374206  -0.062850 
    58200.0000  -0.440624   0.364490  -0.076134 
    58300.0000  -0.434754   0.369474  -0.065281 
    58400.0000  -0.436825   0.373619  -0.063206 
    58500.0000  -0.438956   0.366471  -0.072485 
    58600.0000  -0.454519   0.362968  -0.091551 
    58700.0000  -0.450313   0.381643  -0.068670 
    58800.0000  -0.458012   0.376137  -0.081875 
    58900.0000  -0.450225   0.365448  -0.084777 
    59000.0000  -0.467280   0.369850  -0.097430 
    59100.0000  -0.465620   0.362712  -0.102908 
    59200.0000  -0.461109   0.374063  -0.087045 
    59300.0000  -0.462804   0.372323  -0.090480 
    59400.0000  -0.473236   0.369100  -0.104136 
    59500.0000  -0.480739   0.367382  -0.113357 
    59600.0000  -0.488503   0.366302  -0.122200 
    59700.0000  -0.495910   0.369454  -0.126456 
    59800.0000  -0.488324   0.363495  -0.124829 
    59900.0000  -0.487735   0.366369  -0.121367 
    60000.0000  -0.492808   0.366656  -0.126152 
    60100.0000  -0.500166   0.368420  -0.131746 
    60200.0000  -0.494593   0.365010  -0.129583 
    60300.0000  -0.493995   0.358854  -0.135141 
    60400.0000  -0.485265   0.371216  -0.114049 
    60500.0000  -0.491779   0.370009  -0.121770 
    60600.0000  -0.477427   0.367362  -0.110066 
    60700.0000  -0.494626   0.367575  -0.127052 
    60800.0000  -0.490427   0.370944  -0.119483 
    60900.0000  -0.481672   0.366852  -0.114820 
    61000.0000  -0.478212   0.370374  -0.107838 
    61100.0000  -0.464355   0.365245  -0.099111 
    61200.0000  -0.474295   0.369165  -0.105129 
    61300.0000  -0.487211   0.365211  -0.122000 
    61400.0000  -0.487645   0.368761  -0.118884 
    61500.0000  -0.493601   0.365894  -0.127707 
    61600.0000  -0.500272   0.380805  -0.119467 
    61700.0000  -0.494056   0.365081  -0.128975 
    61800.0000  -0.492243   0.379442  -0.112801 
    61900.0000  -0.488871   0.363364  -0.125507 
    62000.0000  -0.478238   0.369470  -0.108769 
    62100.0000  -0.475686   0.361529  -0.114157 
    62200.0000  -0.470057   0.372458  -0.097599 
    62300.0000  -0.476926   0.376638  -0.100288 
    62400.0000  -0.480113   0.375589  -0.104524 
    62500.0000  -0.485006   0.363365  -0.121642 
    62600.0000  -0.477101   0.369216  -0.107885 
    62700.0000  -0.490035   0.369677  -0.120358 
    62800.0000  -0.496887   0.362229  -0.134658 
    62900.0000  -0.487562   0.368976  -0.118586 
    63000.0000  -0.503453   0.369728  -0.133726 
    63100.0000  -0.498668   0.369140  -0.129528 
    63200.0000  -0.493898   0.367260  -0.126638 
    63300.0000  -0.487363   0.371274  -0.116089 
    63400.0000  -0.485448   0.366616  -0.118832 
    63500.0000  -0.481700   0.368569  -0.113131 
    63600.0000  -0.484014   0.364086  -0.119929 
    63700.0000  -0.496528   0.365195  -0.131334 
    63800.0000  -0.492016   0.370465  -0.121551 
    63900.0000  -0.487109   0.374538  -0.112571 
    64000.0000  -0.475221   0.369379  -0.105842 
    64100.0000  -0.465232   0.380511  -0.084721 
    64200.0000  -0.474226   0.367019  -0.107207 
    64300.0000  -0.495993   0.365394  -0.130599 
    64400.0000  -0.480443   0.366643  -0.113800 
    64500.0000  -0.480822   0.369531  -0.111291 
    64600.0000  -0.496345   0.359348  -0.136997 
    64700.0000  -0.486834   0.376863  -0.109970 
    64800.0000  -0.508381   0.362726  -0.145655 
    64900.0000  -0.509925   0.377374  -0.132551 
    65000.0000  -0.508357   0.370306  -0.138051 
    65100.0000  -0.518519   0.369913  -0.148606 
    65200.0000  -0.525122   0.369938  -0.155183 
    65300.0000  -0.517748   0.366058  -0.151690 
    65400.0000  -0.511729   0.363528  -0.148201 
    65500.0000  -0.527627   0.370857  -0.156770 
    65600.0000  -0.540925   0.363534  -0.177390 
    65700.0000  -0.547222   0.373438  -0.173784 
    65800.0000  -0.558687   0.366107  -0.192579 
    65900.0000  -0.546114   0.365408  -0.180706 
    66000.0000  -0.537469   0.368640  -0.168829 
    66100.0000  -0.528290   0.368989  -0.159301 
    66200.0000  -0.507230   0.369422  -0.137808 
    66300.0000  -0.511074   0.369942  -0.141132 
    66400.0000  -0.507490   0.370055  -0.137435 
    66500.0000  -0.497693   0.365181  -0.132512 
    66600.0000  -0.502529   0.372691  -0.129839 
    66700.0000  -0.499183   0.370860  -0.128323 
    66800.0000  -0.498749   0.365689  -0.133059 
    66900.0000  -0.492481   0.362651  -0.129829 
    67000.0000  -0.486961   0.369649  -0.117312 
    67100.0000  -0.488869   0.368595  -0.120274 
    67200.0000  -0.490869   0.362366  -0.128503 
    67300.0000  -0.510003   0.369243  -0.140760 
    67400.0000  -0.513724   0.370922  -0.142802 
    67500.0000  -0.509995   0.366420  -0.143575 
    67600.0000  -0.501347   0.375697  -0.125650 
    67700.0000  -0.500389   0.363263  -0.137125 
    67800.0000  -0.508720   0.365102  -0.143618 
    67900.0000  -0.515047   0.366141  -0.148905 
    68000.0000  -0.513743   0.368512  -0.145231 
    68100.0000  -0.517396   0.364905  -0.152491 
    68200.0000  -0.496969   0.372348  -0.124622 
    68300.0000  -0.497083   0.374167  -0.122916 
    68400.0000  -0.485446   0.367493  -0.117954 
    68500.0000  -0.472558   0.369680  -0.102878 
    68600.0000  -0.474317   0.365308  -0.109009 
    68700.0000  -0.485865   0.373195  -0.112670 
    68800.0000  -0.490105   0.366804  -0.123301 
    68900.0000  -0.481367   0.360812  -0.120555 
    69000.0000  -0.477499   0.365693  -0.111806 
    69100.0000  -0.475936   0.374356  -0.101580 
    69200.0000  -0.466810   0.362425  -0.104385 
    69300.0000  -0.488800   0.367061  -0.121739 
    69400.0000  -0.489139   0.367804  -0.121335 
    69500.0000  -0.486413   0.362624  -0.123790 
    69600.0000  -0.494254   0.361996  -0.132258 
    69700.0000  -0.502228   0.374625  -0.127603 
    69800.0000  -0.479942   0.367547  -0.112396 
    69900.0000  -0.489603   0.365734  -0.123869 
    70000.0000  -0.485519   0.368475  -0.117044 
    70100.0000  -0.497957   0.360922  -0.137035 
    70200.0000  -0.496280   0.372055  -0.124225 
    70300.0000  -0.496493   0.359770  -0.136723 
    70400.0000  -0.488282   0.373134  -0.115148 
    70500.0000  -0.488596   0.367112  -0.121485 
    70600.0000  -0.502011   0.372801  -0.129210 
    70700.0000  -0.490055   0.367929  -0.122126 
    70800.0000  -0.484549   0.368125  -0.116424 
    70900.0000  -0.492260   0.377156  -0.115104 
    71000.0000  -0.499360   0.364258  -0.135101 
    71100.0000  -0.490550   0.372624  -0.117926 
    71200.0000  -0.510344   0.374175  -0.136169 
    71300.0000  -0.499291   0.361088  -0.138203 
    71400.0000  -0.506640   0.368557  -0.138083 
    71500.0000  -0.511054   0.374470  -0.136584 
    71600.0000  -0.494203   0.368902  -0.125301 
    71700.0000  -0.479237   0.368310  -0.110927 
    71800.0000  -0.475922   0.370930  -0.104992 
    71900.0000  -0.471886   0.368848  -0.103038 
    72000.0000  -0.476251   0.369558  -0.106693 
    72100.0000  -0.491709   0.369755  -0.121954 
    72200.0000  -0.498687   0.372305  -0.126382 
    72300.0000  -0.485361   0.370882  -0.114480 
    72400.0000  -0.484836   0.365599  -0.119237 
    72500.0000  -0.475531   0.374453  -0.101078 
    72600.0000  -0.476872   0.359626  -0.117245 
    72700.0000  -0.462110   0.370977  -0.091133 
    72800.0000  -0.474288   0.374202  -0.100086 
    72900.0000  -0.491526   0.368226  -0.123300 
    73000.0000  -0.494754   0.368195  -0.126559 
    73100.0000  -0.486986   0.370324  -0.116662 
    73200.0000  -0.502480   0.368706  -0.133774 
    73300.0000  -0.498176   0.361591  -0.136585 
    73400.0000  -0.490577   0.368171  -0.122406 
    73500.0000  -0.507814   0.368299  -0.139515 
    73600.0000  -0.505501   0.369151  -0.136350 
    73700.0000  -0.503689   0.365288  -0.138400 
    73800.0000  -0.501707   0.376059  -0.125648 
    73900.0000  -0.495735   0.382244  -0.113491 
    74000.0000  -0.490532   0.361105  -0.129427 
    74100.0000  -0.494992   0.368856  -0.126136 
    74200.0000  -0.498059   0.363196  -0.134863 
    74300.0000  -0.498035   0.368508  -0.129527 
    74400.0000  -0.504545   0.369265  -0.135281 
    74500.0000  -0.515298   0.361182  -0.154116 
    74600.0000  -0.492952   0.367208  -0.125744 
    74700.0000  -0.495620   0.367223  -0.128397 
    74800.0000  -0.491249   0.366911  -0.124338 
    74900.0000  -0.501426   0.362168  -0.139258 
    75000.0000  -0.522406   0.368772  -0.153634 
    75100.0000  -0.503546   0.367910  -0.135636 
    75200.0000  -0.520062   0.365655  -0.154407 
    75300.0000  -0.526894   0.364104  -0.162790 
    75400.0000  -0.520106   0.372843  -0.147263 
    75500.0000  -0.506146   0.376082  -0.130065 
    75600.0000  -0.501985   0.371333  -0.130652 
    75700.0000  -0.491701   0.372331  -0.119371 
    75800.0000  -0.482677   0.369002  -0.113675 
    75900.0000  -0.480178   0.366214  -0.113964 
    76000.0000  -0.484288   0.373563  -0.110725 
    76100.0000  -0.482109   0.364054  -0.118055 
    76200.0000  -0.483038   0.362455  -0.120583 
    76300.0000  -0.496989   0.374797  -0.122192 
    76400.0000  -0.492085   0.368504  -0.123581 
    76500.0000  -0.498351   0.360243  -0.138108 
    76600.0000  -0.491717   0.371086  -0.120631 
    76700.0000  -0.487885   0.376870  -0.111014 
    76800.0000  -0.481307   0.378390  -0.102917 
    76900.0000  -0.491632   0.365650  -0.125982 
    77000.0000  -0.484721   0.375034  -0.109687 
    77100.0000  -0.491967   0.362896  -0.129071 
    77200.0000  -0.489545   0.366281  -0.123263 
    77300.0000  -0.487307   0.377385  -0.109922 
    77400.0000  -0.489252   0.375500  -0.113752 
    77500.0000  -0.481220   0.376721  -0.104500 
    77600.0000  -0.482915   0.368720  -0.114195 
    77700.0000  -0.490859   0.376139  -0.114720 
    77800.0000  -0.492218   0.366650  -0.125569 
    77900.0000  -0.485103   0.363175  -0.121928 
    78000.0000  -0.494877   0.377116  -0.117760 
    78100.0000  -0.502978   0.369068  -0.133910 
    78200.0000  -0.491458   0.369695  -0.121763 
    78300.0000  -0.493809   0.369316  -0.124493 
    78400.0000  -0.502840   0.369260  -0.133580 
    78500.0000  -0.491099   0.363685  -0.127414 
    78600.0000  -0.511068   0.374903  -0.136165 
    78700.0000  -0.525769   0.363865  -0.161904 
    78800.0000  -0.501272   0.367574  -0.133697 
    78900.0000  -0.491803   0.366747  -0.125056 
    79000.0000  -0.505117   0.369348  -0.135769 
    79100.0000  -0.487933   0.371425  -0.116508 
    79200.0000  -0.494702   0.371135  -0.123567 
    79300.0000  -0.492171   0.368270  -0.123901 
    79400.0000  -0.499584   0.373174  -0.126410 
    79500.0000  -0.490745   0.372126  -0.118618 
    79600.0000  -0.503572   0.375292  -0.128280 
    79700.0000  -0.511467   0.374616  -0.136851 
    79800.0000  -0.508824   0.377629  -0.131195 
    79900.0000  -0.506382   0.377968  -0.128414 
    80000.0000  -0.520269   0.378773  -0.141495 
    80100.0000  -0.513886   0.363794  -0.150092 
    80200.0000  -0.506371   0.368959  -0.137412 
    80300.0000  -0.514960   0.377115  -0.137845 
    80400.0000  -0.514286   0.365933  -0.148353 
    80500.0000  -0.500672   0.366644  -0.134028 
    80600.0000  -0.505491   0.366976  -0.138516 
    80700.0000  -0.497227   0.354580  -0.142647 
    80800.0000  -0.504403   0.371999  -0.132405 
    80900.0000  -0.512450   0.364401  -0.148049 
    81000.0000  -0.505578   0.370734  -0.134844 
    81100.0000  -0.504991   0.376128  -0.128863 
    81200.0000  -0.494385   0.370454  -0.123931 
    81300.0000  -0.488257   0.364813  -0.123444 
    81400.0000  -0.487864   0.369315  -0.118549 
    81500.0000  -0.490605   0.367789  -0.122817 
    81600.0000  -0.489926   0.365315  -0.124611 
    81700.0000  -0.480089   0.370985  -0.109104 
    81800.0000  -0.477664   0.371451  -0.106213 
    81900.0000  -0.478592   0.366116  -0.112476 
    82000.0000  -0.496232   0.368714  -0.127518 
    82100.0000  -0.507898   0.367874  -0.140024 
    82200.0000  -0.501621   0.372157  -0.129464 
    82300.0000  -0.503105   0.369405  -0.133700 
    82400.0000  -0.490385   0.371696  -0.118689 
    82500.0000  -0.505087   0.367937  -0.137150 
    82600.0000  -0.510266   0.370232  -0.140035 
    82700.0000  -0.498493   0.372935  -0.125557 
    82800.0000  -0.511932   0.362473  -0.149460 
    82900.0000  -0.511632   0.372135  -0.139497 
    83000.0000  -0.503815   0.372694  -0.131120 
    83100.0000  -0.518667   0.370993  -0.147674 
    83200.0000  -0.515075   0.362766  -0.152308 
    83300.0000  -0.515428   0.374154  -0.141274 
    83400.0000  -0.510089   0.376251  -0.133838 
    83500.0000  -0.509744   0.378772  -0.130972 
    83600.0000  -0.512718   0.367212  -0.145506 
    83700.0000  -0.502370   0.370586  -0.131784 
    83800.0000  -0.502190   0.367579  -0.134611 
    83900.0000  -0.498849   0.367105  -0.131745 
    84000.0000  -0.516490   0.359106  -0.157384 
    84100.0000  -0.529175   0.366330  -0.162846 
    84200.0000  -0.533293   0.362806  -0.170487 
    84300.0000  -0.528926   0.367587  -0.161340 
    84400.0000  -0.519663   0.367227  -0.152436 
    84500.0000  -0.501520   0.371248  -0.130273 
    84600.0000  -0.496125   0.374933  -0.121192 
    84700.0000  -0.502317   0.367656  -0.134661 
    84800.0000  -0.496302   0.373301  -0.123001 
    84900.0000  -0.511459   0.368662  -0.142797 
    85000.0000  -0.524013   0.361553  -0.162460 
    85100.0000  -0.518332   0.370616  -0.147716 
    85200.0000  -0.512323   0.362653  -0.149670 
    85300.0000  -0.527215   0.370394  -0.156821 
    85400.0000  -0.526181   0.375808  -0.150373 
    85500.0000  -0.521152   0.369262  -0.151890 
    85600.0000  -0.532446   0.367704  -0.164742 
    85700.0000  -0.530188   0.363737  -0.166450 
    85800.0000  -0.516696   0.377793  -0.138903 
    85900.0000  -0.531494   0.375472  -0.156022 
    86000.0000  -0.524817   0.371476  -0.153341 
    86100.0000  -0.533784   0.366343  -0.167441 
    86200.0000  -0.522071   0.376129  -0.145942 
    86300.0000  -0.518987   0.361048  -0.157938 
    86400.0000  -0.518623   0.379532  -0.139092 
    86500.0000  -0.515348   0.369159  -0.146190 
    86600.0000  -0.524057   0.366309  -0.157749 
    86700.0000  -0.507663   0.374686  -0.132976 
    86800.0000  -0.480409   0.370530  -0.109879 
    86900.0000  -0.462163   0.371511  -0.090653 
    87000.0000  -0.458255   0.373341  -0.084915 
    87100.0000  -0.474532   0.375166  -0.099366 
    87200.0000  -0.474431   0.369278  -0.105153 
    87300.0000  -0.482698   0.368895  -0.113804 
    87400.0000  -0.486297   0.363312  -0.122984 
    87500.0000  -0.485852   0.365989  -0.119863 
    87600.0000  -0.482161   0.371608  -0.110552 
    87700.0000  -0.479257   0.367160  -0.112097 
    87800.0000  -0.488065   0.372909  -0.115156 
    87900.0000  -0.492376   0.370904  -0.121472 
    88000.0000  -0.495649   0.373067  -0.122581 
    88100.0000  -0.485734   0.366407  -0.119327 
    88200.0000  -0.471945   0.362368  -0.109576 
    88300.0000  -0.478794   0.363654  -0.115140 
    88400.0000  -0.486933   0.363772  -0.123160 
    88500.0000  -0.489883   0.361097  -0.128786 
    88600.0000  -0.493940   0.366912  -0.127028 
    88700.0000  -0.482967   0.364272  -0.118696 
    88800.0000  -0.479175   0.376340  -0.102836 
    88900.0000  -0.480891   0.367117  -0.113774 
    89000.0000  -0.477176   0.370808  -0.106368 
    89100.0000  -0.470353   0.372927  -0.097426 
    89200.0000  -0.470555   0.369651  -0.100903 
    89300.0000  -0.479546   0.367483  -0.112063 
    89400.0000  -0.493754   0.367303  -0.126451 
    89500.0000  -0.486484   0.373256  -0.113227 
    89600.0000  -0.483397   0.363626  -0.119771 
    89700.0000  -0.480217   0.369661  -0.110557 
    89800.0000  -0.477331   0.363669  -0.113662 
    89900.0000  -0.481557   0.373198  -0.108359 
    90000.0000  -0.486230   0.362401  -0.123828 
    90100.0000  -0.484940   0.367315  -0.117625 
    90200.0000  -0.478278   0.374826  -0.103451 
    90300.0000  -0.475507   0.369791  -0.105716 
    90400.0000  -0.497320   0.360909  -0.136411 
    90500.0000  -0.485346   0.369179  -0.116166 
    90600.0000  -0.482735   0.368715  -0.114020 
    90700.0000  -0.480565   0.358662  -0.121903 
    90800.0000  -0.494121   0.364801  -0.129320 
    90900.0000  -0.500030   0.372789  -0.127241 
    91000.0000  -0.497602   0.366748  -0.130854 
    91100.0000  -0.487627   0.375508  -0.112119 
    91200.0000  -0.503188   0.377804  -0.125384 
    91300.0000  -0.518349   0.366202  -0.152146 
    91400.0000  -0.508458   0.366894  -0.141563 
    91500.0000  -0.506004   0.370287  -0.135717 
    91600.0000  -0.507801   0.371187  -0.136614 
    91700.0000  -0.504185   0.368676  -0.135508 
    91800.0000  -0.516275   0.374309  -0.141966 
    91900.0000  -0.510895   0.367963  -0.142932 
    92000.0000  -0.500011   0.365510  -0.134501 
    92100.0000  -0.500359   0.371845  -0.128514 
    92200.0000  -0.496899   0.369503  -0.127396 
    92300.0000  -0.493230   0.370069  -0.123161 
    92400.0000  -0.489649   0.361026  -0.128624 
    92500.0000  -0.493695   0.370215  -0.123480 
    92600.0000  -0.494122   0.374709  -0.119412 
    92700.0000  -0.488194   0.367473  -0.120722 
    92800.0000  -0.486808   0.365393  -0.121415 
    92900.0000  -0.494879   0.375596  -0.119283 
    93000.0000  -0.496570   0.375244  -0.121326 
    93100.0000  -0.497963   0.369573  -0.128391 
    93200.0000  -0.483909   0.370343  -0.113566 
    93300.0000  -0.485812   0.362786  -0.123026 
    93400.0000  -0.501640   0.363724  -0.137915 
    93500.0000  -0.487989   0.371354  -0.116636 
    93600.0000  -0.500604   0.370178  -0.130427 
    93700.0000  -0.504914   0.373662  -0.131252 
    93800.0000  -0.511187   0.369709  -0.141478 
    93900.0000  -0.514479   0.371835  -0.142644 
    94000.0000  -0.509623   0.368540  -0.141083 
    94100.0000  -0.514692   0.372570  -0.142122 
    94200.0000  -0.515015   0.362339  -0.152676 
    94300.0000  -0.514308   0.370284  -0.144024 
    94400.0000  -0.517047   0.372227  -0.144820 
    94500.0000  -0.521361   0.374417  -0.146944 
    94600.0000  -0.536439   0.373756  -0.162684 
    94700.0000  -0.541646   0.362341  -0.179305 
    94800.0000  -0.546927   0.372619  -0.174307 
    94900.0000  -0.559561   0.369894  -0.189667 
    95000.0000  -0.544901   0.369178  -0.175723 
    95100.0000  -0.548807   0.381526  -0.167281 
    95200.0000  -0.546602   0.371130  -0.175472 
    95300.0000  -0.544275   0.375600  -0.168675 
    95400.0000  -0.553277   0.371959  -0.181318 
    95500.0000  -0.560455   0.366390  -0.194066 
    95600.0000  -0.554639   0.372308  -0.182331 
    95700.0000  -0.551048   0.366295  -0.184753 
    95800.0000  -0.535099   0.370670  -0.164429 
    95900.0000  -0.540490   0.372076  -0.168414 
    96000.0000  -0.533877   0.372635  -0.161242 
    96100.0000  -0.539324   0.370729  -0.168595 
    96200.0000  -0.530707   0.362953  -0.167754 
    96300.0000  -0.533563   0.367391  -0.166172 
    96400.0000  -0.530535   0.365341  -0.165194 
    96500.0000  -0.538721   0.367294  -0.171427 
    96600.0000  -0.544682   0.376168  -0.168514 
    96700.0000  -0.539346   0.363362  -0.175985 
    96800.0000  -0.541797   0.360590  -0.181207 
    96900.0000  -0.549140   0.372427  -0.176714 
    97000.0000  -0.550465   0.370619  -0.179846 
    97100.0000  -0.539543   0.372581  -0.166962 
    97200.0000  -0.533821   0.363745  -0.170076 
    97300.0000  -0.533427   0.379440  -0.153986 
    97400.0000  -0.535488   0.376805  -0.158683 
    97500.0000  -0.537142   0.375440  -0.161702 
    97600.0000  -0.533829   0.372136  -0.161693 
    97700.0000  -0.542166   0.368511  -0.173655 
    97800.0000  -0.531868   0.366357  -0.165511 
    97900.0000  -0.545091   0.362929  -0.182162 
    98000.0000  -0.543177   0.377021  -0.166156 
    98100.0000  -0.550872   0.366333  -0.184540 
    98200.0000  -0.567504   0.375409  -0.192096 
    98300.0000  -0.561886   0.362745  -0.199140 
    98400.0000  -0.558546   0.365733  -0.192813 
    98500.0000  -0.558938   0.361128  -0.197811 
    98600.0000  -0.564968   0.363254  -0.201714 
    98700.0000  -0.568616   0.368361  -0.200256 
    98800.0000  -0.568223   0.376434  -0.191789 
    98900.0000  -0.554695   0.365973  -0.188722 
    99000.0000  -0.544016   0.361286  -0.182730 
    99100.0000  -0.527229   0.379903  -0.147325 
    99200.0000  -0.540791   0.358093  -0.182699 
    99300.0000  -0.538290   0.372768  -0.165522 
    99400.0000  -0.553382   0.366884  -0.186498 
    99500.0000  -0.547912   0.370260  -0.177652 
    99600.0000  -0.559723   0.371309  -0.188415 
    99700.0000  -0.550072   0.361867  -0.188205 
    99800.0000  -0.549592   0.371468  -0.178124 
    99900.0000  -0.560869   0.372430  -0.188439 
   100000.0000  -0.556686   0.371750  -0.184936 
   100100.0000  -0.570602   0.359295  -0.211307 
   100200.0000  -0.564325   0.376622  -0.187703 
   100300.0000  -0.564057   0.370696  -0.193361 
   100400.0000  -0.563406   0.367397  -0.196010 
   100500.0000  -0.581259   0.362555  -0.218704 
   100600.0000  -0.583353   0.377689  -0.205664 
   100700.0000  -0.582820   0.367002  -0.215819 
   100800.0000  -0.581632   0.372821  -0.208811 
   100900.0000  -0.580543   0.372996  -0.207547 
   101000.0000  -0.574369   0.375498  -0.198872 
   101100.0000  -0.574678   0.366864  -0.207814 
   101200.0000  -0.574718   0.365641  -0.209077 
   101300.0000  -0.581592   0.363195  -0.218397 
   101400.0000  -0.589259   0.369930  -0.219329 
   101500.0000  -0.586036   0.362508  -0.223528 
   101600.0000  -0.600559   0.375227  -0.225331 
   101700.0000  -0.621644   0.366040  -0.255603 
   101800.0000  -0.632854   0.368434  -0.264420 
   101900.0000  -0.629274   0.364722  -0.264552 
   102000.0000  -0.610061   0.373101  -0.236960 
   102100.0000  -0.620436   0.367071  -0.253365 
   102200.0000  -0.616871   0.370155  -0.246715 
   102300.0000  -0.635352   0.373889  -0.261463 
   102400.0000  -0.619636   0.369596  -0.250040 
   102500.0000  -0.619610   0.370793  -0.248817 
   102600.0000  -0.604362   0.372148  -0.232214 
   102700.0000  -0.605584   0.368757  -0.236827 
   102800.0000  -0.592084   0.368442  -0.223642 
   102900.0000  -0.591167   0.367582  -0.223585 
   103000.0000  -0.585978   0.375950  -0.210028 
   103100.0000  -0.593723   0.375372  -0.218352 
   103200.0000  -0.595554   0.367540  -0.228015 
   103300.0000  -0.604529   0.370180  -0.234349 
   103400.0000  -0.603301   0.371204  -0.232096 
   103500.0000  -0.618775   0.362183  -0.256592 
   103600.0000  -0.621178   0.363896  -0.257282 
   103700.0000  -0.611332   0.367032  -0.244300 
   103800.0000  -0.615894   0.377084  -0.238809 
   103900.0000  -0.614349   0.364317  -0.250032 
   104000.0000  -0.611838   0.365069  -0.246769 
   104100.0000  -0.617245   0.370401  -0.246844 
   104200.0000  -0.616181   0.365266  -0.250915 
   104300.0000  -0.620258   0.366314  -0.253944 
   104400.0000  -0.628884   0.367251  -0.261633 
   104500.0000  -0.644502   0.369014  -0.275488 
   104600.0000  -0.651154   0.365416  -0.285738 
   104700.0000  -0.662109   0.376285  -0.285824 
   104800.0000  -0.661370   0.369361  -0.292009 
   104900.0000  -0.651758   0.363049  -0.288709 
   105000.0000  -0.658222   0.362503  -0.295719 
   105100.0000  -0.653083   0.371945  -0.281138 
   105200.0000  -0.644724   0.365807  -0.278916 
   105300.0000  -0.659894   0.371161  -0.288733 
   105400.0000  -0.657994   0.375485  -0.282509 
   105500.0000  -0.659840   0.365550  -0.294290 
   105600.0000  -0.654807   0.372746  -0.282061 
   105700.0000  -0.660833   0.363387  -0.297447 
   105800.0000  -0.673214   0.366886  -0.306327 
   105900.0000  -0.686218   0.362765  -0.323453 
   106000.0000  -0.684359   0.369879  -0.314480 
   106100.0000  -0.678156   0.363021  -0.315135 
   106200.0000  -0.678622   0.371611  -0.307011 
   106300.0000  -0.694636   0.374200  -0.320436 
   106400.0000  -0.705327   0.368880  -0.336447 
   106500.0000  -0.707373   0.372482  -0.334891 
   106600.0000  -0.710831   0.362682  -0.348149 
   106700.0000  -0.710222   0.374058  -0.336163 
   106800.0000  -0.701214   0.367269  -0.333944 
   106900.0000  -0.691937   0.368385  -0.323552 
   107000.0000  -0.680775   0.378277  -0.302498 
   107100.0000  -0.694559   0.372341  -0.322217 
   107200.0000  -0.696405   0.364463  -0.331942 
   107300.0000  -0.698003   0.368532  -0.329471 
   107400.0000  -0.696801   0.367847  -0.328955 
   107500.0000  -0.703128   0.368401  -0.334727 
   107600.0000  -0.698760   0.370015  -0.328745 
   107700.0000  -0.707037   0.371778  -0.335259 
   107800.0000  -0.698413   0.366890  -0.331523 
   107900.0000  -0.713149   0.363358  -0.349791 
   108000.0000  -0.721207   0.364945  -0.356262 
   108100.0000  -0.708419   0.364191  -0.344229 
   108200.0000  -0.708792   0.373933  -0.334859 
   108300.0000  -0.712923   0.370194  -0.342729 
   108400.0000  -0.721796   0.360057  -0.361738 
   108500.0000  -0.727029   0.365350  -0.361679 
   108600.0000  -0.726717   0.366473  -0.360244 
   108700.0000  -0.722736   0.373508  -0.349228 
   108800.0000  -0.726686   0.369762  -0.356924 
   108900.0000  -0.726674   0.369909  -0.356765 
   109000.0000  -0.727012   0.354446  -0.372566 
   109100.0000  -0.729835   0.377257  -0.352577 
   109200.0000  -0.737538   0.365743  -0.371795 
   109300.0000  -0.737326   0.359089  -0.378237 
   109400.0000  -0.735987   0.368998  -0.366988 
   109500.0000  -0.739424   0.374913  -0.364511 
   109600.0000  -0.741400   0.367753  -0.373647 
   109700.0000  -0.745558   0.367998  -0.377560 
   109800.0000  -0.746868   0.372772  -0.374096 
   109900.0000  -0.745333   0.378094  -0.367239 
   110000.0000  -0.760119   0.371634  -0.388485 
   110100.0000  -0.757844   0.371594  -0.386250 
   110200.0000  -0.760982   0.364001  -0.396982 
   110300.0000  -0.773506   0.371363  -0.402143 
   110400.0000  -0.769324   0.371678  -0.397646 
   110500.0000  -0.766940   0.369667  -0.397273 
   110600.0000  -0.781837   0.355753  -0.426085 
   110700.0000  -0.794241   0.364753  -0.429488 
   110800.0000  -0.781154   0.368593  -0.412561 
   110900.0000  -0.791707   0.364130  -0.427578 
   111000.0000  -0.792965   0.372355  -0.420611 
   111100.0000  -0.783381   0.370003  -0.413378 
   111200.0000  -0.799129   0.363794  -0.435335 
   111300.0000  -0.802110   0.373595  -0.428515 
   111400.0000  -0.810044   0.370551  -0.439494 
   111500.0000  -0.794595   0.366753  -0.427843 
   111600.0000  -0.790332   0.368377  -0.421955 
   111700.0000  -0.783697   0.372130  -0.411567 
   111800.0000  -0.794009   0.371844  -0.422165 
   111900.0000  -0.795181   0.381351  -0.413831 
   112000.0000  -0.796417   0.370309  -0.426108 
   112100.0000  -0.797985   0.369111  -0.428874 
   112200.0000  -0.809616   0.367302  -0.442314 
   112300.0000  -0.807945   0.367502  -0.440443 
   112400.0000  -0.800846   0.373527  -0.427319 
   112500.0000  -0.800783   0.369169  -0.431614 
   112600.0000  -0.804835   0.360408  -0.444428 
   112700.0000  -0.807293   0.369692  -0.437601 
   112800.0000  -0.805796   0.366435  -0.439360 
   112900.0000  -0.803389   0.362770  -0.440619 
   113000.0000  -0.816358   0.358350  -0.458008 
   113100.0000  -0.816066   0.377357  -0.438710 
   113200.0000  -0.828689   0.375492  -0.453197 
   113300.0000  -0.824596   0.368300  -0.456296 
   113400.0000  -0.839410   0.363150  -0.476260 
   113500.0000  -0.840048   0.365504  -0.474544 
   113600.0000  -0.839703   0.370320  -0.469383 
   113700.0000  -0.833460   0.366526  -0.466934 
   113800.0000  -0.838570   0.375456  -0.463114 
   113900.0000  -0.838334   0.368355  -0.469979 
   114000.0000  -0.840534   0.373705  -0.466828 
   114100.0000  -0.855372   0.356261  -0.499111 
   114200.0000  -0.857867   0.361673  -0.496193 
   114300.0000  -0.860952   0.372069  -0.488883 
   114400.0000  -0.868684   0.362690  -0.505994 
   114500.0000  -0.859439   0.354817  -0.504622 
   114600.0000  -0.860597   0.364431  -0.496166 
   114700.0000  -0.860295   0.372659  -0.487637 
   114800.0000  -0.872872   0.363635  -0.509237 
   114900.0000  -0.872194   0.376729  -0.495465 
   115000.0000  -0.869390   0.371618  -0.497773 
   115100.0000  -0.874425   0.375090  -0.499335 
   115200.0000  -0.884853   0.377124  -0.507729 
   115300.0000  -0.871861   0.361558  -0.510303 
   115400.0000  -0.881927   0.358112  -0.523815 
   115500.0000  -0.880676   0.368348  -0.512329 
   115600.0000  -0.888953   0.366686  -0.522266 
   115700.0000  -0.904069   0.363926  -0.540143 
   115800.0000  -0.898514   0.377170  -0.521344 
   115900.0000  -0.892039   0.363416  -0.528622 
   116000.0000  -0.880963   0.361593  -0.519370 
   116100.0000  -0.888804   0.372416  -0.516387 
   116200.0000  -0.895756   0.373274  -0.522482 
   116300.0000  -0.889781   0.373020  -0.516762 
   116400.0000  -0.883233   0.363275  -0.519958 
   116500.0000  -0.888009   0.381302  -0.506707 
   116600.0000  -0.897065   0.369749  -0.527316 
   116700.0000  -0.900294   0.374403  -0.525891 
   116800.0000  -0.910133   0.367957  -0.542176 
   116900.0000  -0.913368   0.380655  -0.532713 
   117000.0000  -0.910067   0.375776  -0.534291 
   117100.0000  -0.915026   0.368856  -0.546170 
   117200.0000  -0.914657   0.367480  -0.547177 
   117300.0000  -0.915279   0.372275  -0.543004 
   117400.0000  -0.922036   0.363853  -0.558184 
   117500.0000  -0.934525   0.362830  -0.571695 
   117600.0000  -0.941378   0.363793  -0.577586 
   117700.0000  -0.960668   0.370770  -0.589897 
   117800.0000  -0.965851   0.367908  -0.597943 
   117900.0000  -0.961005   0.371651  -0.589355 
   118000.0000  -0.957805   0.365765  -0.592040 
   118100.0000  -0.959010   0.364028  -0.594982 
   118200.0000  -0.968475   0.372326  -0.596150 
   118300.0000  -0.962014   0.360898  -0.601116 
   118400.0000  -0.968362   0.368639  -0.599723 
   118500.0000  -0.967428   0.362622  -0.604806 
   118600.0000  -0.966064   0.365586  -0.600478 
   118700.0000  -0.983722   0.373774  -0.609948 
   118800.0000  -0.974508   0.363667  -0.610841 
   118900.0000  -0.973096   0.369792  -0.603304 
   119000.0000  -0.975403   0.364773  -0.610630 
   119100.0000  -0.979085   0.361863  -0.617222 
   119200.0000  -0.974039   0.369212  -0.604827 
   119300.0000  -0.965848   0.364779  -0.601068 
   119400.0000  -0.974783   0.368010  -0.606774 
   119500.0000  -0.978188   0.371568  -0.606620 
   119600.0000  -0.990321   0.367976  -0.622345 
   119700.0000  -1.000837   0.367363  -0.633474 
   119800.0000  -1.005237   0.374414  -0.630823 
   119900.0000  -1.017369   0.367484  -0.649885 
   120000.0000  -1.015236   0.375190  -0.640045 
   120100.0000  -1.028280   0.372562  -0.655718 
   120200.0000  -1.033567   0.375044  -0.658523 
   120300.0000  -1.028399   0.374344  -0.654054 
   120400.0000  -1.025942   0.364054  -0.661888 
   120500.0000  -1.028127   0.368767  -0.659361 
   120600.0000  -1.032011   0.376120  -0.655891 
   120700.0000  -1.041793   0.371534  -0.670260 
   120800.0000  -1.040200   0.373006  -0.667194 
   120900.0000  -1.035243   0.371991  -0.663252 
   121000.0000  -1.036857   0.368725  -0.668133 
   121100.0000  -1.039378   0.366723  -0.672656 
   121200.0000  -1.040436   0.357422  -0.683014 
   121300.0000  -1.052439   0.366327  -0.686112 
   121400.0000  -1.050193   0.370990  -0.679203 
   121500.0000  -1.054827   0.373795  -0.681031 
   121600.0000  -1.050783   0.368191  -0.682592 
   121700.0000  -1.062413   0.364266  -0.698147 
   121800.0000  -1.062027   0.371880  -0.690147 
   121900.0000  -1.058338   0.366350  -0.691988 
   122000.0000  -1.070094   0.364091  -0.706003 
   122100.0000  -1.073927   0.373016  -0.700911 
   122200.0000  -1.075991   0.370050  -0.705942 
   122300.0000  -1.080572   0.371946  -0.708626 
   122400.0000  -1.085344   0.375355  -0.709989 
   122500.0000  -1.083374   0.372436  -0.710938 
   122600.0000  -1.094350   0.372807  -0.721542 
   122700.0000  -1.090355   0.372142  -0.718213 
   122800.0000  -1.091941   0.370368  -0.721573 
   122900.0000  -1.078952   0.362298  -0.716654 
   123000.0000  -1.093552   0.370622  -0.722930 
   123100.0000  -1.096856   0.371646  -0.725210 
   123200.0000  -1.097636   0.363964  -0.733672 
   123300.0000  -1.096794   0.367729  -0.729065 
   123400.0000  -1.102401   0.364486  -0.737914 
   123500.0000  -1.103103   0.367617  -0.735486 
   123600.0000  -1.106042   0.366780  -0.739262 
   123700.0000  -1.119768   0.365393  -0.754375 
   123800.0000  -1.114864   0.368607  -0.746256 
   123900.0000  -1.111468   0.369859  -0.741608 
   124000.0000  -1.126805   0.367723  -0.759083 
   124100.0000  -1.132599   0.371912  -0.760686 
   124200.0000  -1.129320   0.369807  -0.759513 
   124300.0000  -1.130085   0.379383  -0.750702 
   124400.0000  -1.124333   0.361789  -0.762545 
   124500.0000  -1.125783   0.373850  -0.751932 
   124600.0000  -1.138792   0.370911  -0.767881 
   124700.0000  -1.134340   0.359715  -0.774624 
   124800.0000  -1.140808   0.373808  -0.767000 
   124900.0000  -1.140740   0.370272  -0.770468 
   125000.0000  -1.132392   0.367271  -0.765120 
   125100.0000  -1.140636   0.371519  -0.769117 
   125200.0000  -1.131026   0.362671  -0.768355 
   125300.0000  -1.136846   0.375139  -0.761707 
   125400.0000  -1.144607   0.372744  -0.771863 
   125500.0000  -1.138034   0.363542  -0.774493 
   125600.0000  -1.139237   0.363205  -0.776031 
   125700.0000  -1.152849   0.370883  -0.781967 
   125800.0000  -1.152409   0.367824  -0.784585 
   125900.0000  -1.153222   0.380227  -0.772995 
   126000.0000  -1.170871   0.368629  -0.802241 
   126100.0000  -1.175624   0.365545  -0.810079 
   126200.0000  -1.174819   0.362488  -0.812331 
   126300.0000  -1.175584   0.374799  -0.800784 
   126400.0000  -1.180372   0.374051  -0.806321 
   126500.0000  -1.182361   0.374787  -0.807574 
   126600.0000  -1.184741   0.364512  -0.820229 
   126700.0000  -1.185350   0.372980  -0.812370 
   126800.0000  -1.190956   0.368663  -0.822293 
   126900.0000  -1.196980   0.375787  -0.821193 
   127000.0000  -1.204325   0.374628  -0.829697 
   127100.0000  -1.218401   0.369058  -0.849344 
   127200.0000  -1.226075   0.372255  -0.853820 
   127300.0000  -1.236107   0.367209  -0.868898 
   127400.0000  -1.225786   0.372207  -0.853579 
   127500.0000  -1.214492   0.373772  -0.840720 
   127600.0000  -1.227406   0.368584  -0.858822 
   127700.0000  -1.229157   0.380434  -0.848723 
   127800.0000  -1.234109   0.371044  -0.863065 
   127900.0000  -1.238064   0.377995  -0.860069 
   128000.0000  -1.246608   0.367260  -0.879348 
   128100.0000  -1.241559   0.370339  -0.871220 
   128200.0000  -1.240865   0.367767  -0.873099 
   128300.0000  -1.242200   0.370428  -0.871772 
   128400.0000  -1.237032   0.373724  -0.863308 
   128500.0000  -1.244981   0.374145  -0.870836 
   128600.0000  -1.255084   0.359785  -0.895299 
   128700.0000  -1.246776   0.363591  -0.883185 
   128800.0000  -1.247583   0.368019  -0.879565 
   128900.0000  -1.259866   0.362588  -0.897278 
   129000.0000  -1.272170   0.364989  -0.907181 
   129100.0000  -1.267430   0.369860  -0.897570 
   129200.0000  -1.264628   0.364175  -0.900453 
   129300.0000  -1.274606   0.370270  -0.904336 
   129400.0000  -1.266799   0.361002  -0.905797 
   129500.0000  -1.269401   0.363699  -0.905703 
   129600.0000  -1.282963   0.362786  -0.920177 
   129700.0000  -1.278458   0.364768  -0.913690 
   129800.0000  -1.286855   0.372528  -0.914326 
   129900.0000  -1.289065   0.362321  -0.926744 
   130000.0000  -1.280684   0.367393  -0.913291 
   130100.0000  -1.286397   0.373966  -0.912431 
   130200.0000  -1.296517   0.363713  -0.932804 
   130300.0000  -1.302365   0.376165  -0.926200 
   130400.0000  -1.305895   0.376533  -0.929362 
   130500.0000  -1.306531   0.371427  -0.935104 
   130600.0000  -1.304456   0.369569  -0.934888 
   130700.0000  -1.301139   0.372086  -0.929053 
   130800.0000  -1.311482   0.380852  -0.930631 
   130900.0000  -1.320479   0.371411  -0.949069 
   131000.0000  -1.330984   0.372916  -0.958068 
   131100.0000  -1.332600   0.368015  -0.964585 
   131200.0000  -1.330338   0.374075  -0.956263 
   131300.0000  -1.337093   0.370040  -0.967053 
   131400.0000  -1.334747   0.375383  -0.959365 
   131500.0000  -1.345504   0.374681  -0.970824 
   131600.0000  -1.335851   0.367542  -0.968309 
   131700.0000  -1.338725   0.371162  -0.967562 
   131800.0000  -1.357078   0.368262  -0.988816 
   131900.0000  -1.361574   0.377494  -0.984080 
   132000.0000  -1.374741   0.375457  -0.999285 
   132100.0000  -1.371492   0.377062  -0.994430 
   132200.0000  -1.363414   0.359517  -1.003897 
   132300.0000  -1.373405   0.373464  -0.999941 
   132400.0000  -1.363074   0.375370  -0.987703 
   132500.0000  -1.369514   0.373272  -0.996243 
   132600.0000  -1.375943   0.364514  -1.011429 
   132700.0000  -1.376214   0.372043  -1.004171 
   132800.0000  -1.382327   0.366806  -1.015521 
   132900.0000  -1.378817   0.367322  -1.011495 
   133000.0000  -1.382939   0.356318  -1.026620 
   133100.0000  -1.384948   0.367268  -1.017680 
   133200.0000  -1.381357   0.365833  -1.015524 
   133300.0000  -1.394558   0.367520  -1.027038 
   133400.0000  -1.396575   0.368960  -1.027615 
   133500.0000  -1.401546   0.369974  -1.031572 
   133600.0000  -1.409099   0.371474  -1.037624 
   133700.0000  -1.412950   0.367456  -1.045493 
   133800.0000  -1.415809   0.371457  -1.044353 
   133900.0000  -1.412581   0.366666  -1.045915 
   134000.0000  -1.419159   0.372225  -1.046933 
   134100.0000  -1.428241   0.371962  -1.056279 
   134200.0000  -1.439784   0.368403  -1.071380 
   134300.0000  -1.442742   0.379587  -1.063155 
   134400.0000  -1.449244   0.360310  -1.088933 
   134500.0000  -1.459961   0.368174  -1.091788 
   134600.0000  -1.467093   0.366634  -1.100459 
   134700.0000  -1.468266   0.365039  -1.103227 
   134800.0000  -1.475293   0.374328  -1.100965 
   134900.0000  -1.475128   0.356389  -1.118739 
   135000.0000  -1.481558   0.374710  -1.106848 
   135100.0000  -1.481978   0.365040  -1.116938 
   135200.0000  -1.481157   0.364836  -1.116321 
   135300.0000  -1.484235   0.363683  -1.120552 
   135400.0000  -1.477654   0.373979  -1.103674 
   135500.0000  -1.483471   0.361655  -1.121816 
   135600.0000  -1.477748   0.368675  -1.109073 
   135700.0000  -1.482403   0.369873  -1.112530 
   135800.0000  -1.488533   0.368868  -1.119665 
   135900.0000  -1.489214   0.370276  -1.118937 
   136000.0000  -1.495114   0.366955  -1.128159 
   136100.0000  -1.496359   0.362582  -1.133778 
   136200.0000  -1.494290   0.368924  -1.125367 
   136300.0000  -1.499446   0.365243  -1.134203 
   136400.0000  -1.502311   0.369430  -1.132881 
   136500.0000  -1.499238   0.367394  -1.131844 
   136600.0000  -1.499247   0.368486  -1.130761 
   136700.0000  -1.505358   0.370640  -1.134718 
   136800.0000  -1.512475   0.368065  -1.144410 
   136900.0000  -1.511648   0.367810  -1.143838 
   137000.0000  -1.522742   0.374633  -1.148108 
   137100.0000  -1.527153   0.371249  -1.155904 
   137200.0000  -1.527704   0.367767  -1.159937 
   137300.0000  -1.535550   0.366485  -1.169066 
   137400.0000  -1.523161   0.373407  -1.149755 
   137500.0000  -1.531600   0.371228  -1.160373 
   137600.0000  -1.542250   0.359539  -1.182710 
   137700.0000  -1.539008   0.364255  -1.174754 
   137800.0000  -1.547642   0.368581  -1.179060 
   137900.0000  -1.556656   0.368518  -1.188138 
   138000.0000  -1.559848   0.364647  -1.195201 
   138100.0000  -1.558035   0.379811  -1.178224 
   138200.0000  -1.561139   0.369153  -1.191987 
   138300.0000  -1.568953   0.367692  -1.201261 
   138400.0000  -1.565787   0.375227  -1.190560 
   138500.0000  -1.569327   0.368472  -1.200855 
   138600.0000  -1.575976   0.365298  -1.210678 
   138700.0000  -1.576021   0.365233  -1.210787 
   138800.0000  -1.579196   0.368493  -1.210703 
   138900.0000  -1.577878   0.363147  -1.214731 
   139000.0000  -1.577759   0.363398  -1.214361 
   139100.0000  -1.582732   0.366637  -1.216095 
   139200.0000  -1.589796   0.364687  -1.225110 
   139300.0000  -1.594926   0.374045  -1.220882 
   139400.0000  -1.595208   0.371520  -1.223687 
   139500.0000  -1.601104   0.383128  -1.217977 
   139600.0000  -1.608759   0.369383  -1.239376 
   139700.0000  -1.607546   0.358153  -1.249392 
   139800.0000  -1.610940   0.374286  -1.236654 
   139900.0000  -1.619156   0.371311  -1.247845 
   140000.0000  -1.613342   0.363532  -1.249809 
   140100.0000  -1.620653   0.367760  -1.252893 
   140200.0000  -1.619521   0.367414  -1.252106 
   140300.0000  -1.618529   0.366164  -1.252365 
   140400.0000  -1.625070   0.372097  -1.252974 
   140500.0000  -1.618141   0.371303  -1.246838 
   140600.0000  -1.612350   0.373086  -1.239264 
   140700.0000  -1.618988   0.370288  -1.248700 
   140800.0000  -1.623580   0.366963  -1.256617 
   140900.0000  -1.612966   0.377124  -1.235842 
   141000.0000  -1.612818   0.361989  -1.250830 
   141100.0000  -1.614392   0.372599  -1.241793 
   141200.0000  -1.620477   0.364728  -1.255749 
   141300.0000  -1.620706   0.366537  -1.254169 
   141400.0000  -1.619088   0.361168  -1.257919 
   141500.0000  -1.621367   0.382878  -1.238489 
   141600.0000  -1.626858   0.370750  -1.256108 
   141700.0000  -1.642387   0.366279  -1.276108 
   141800.0000  -1.647486   0.377758  -1.269728 
   141900.0000  -1.658703   0.373564  -1.285139 
   142000.0000  -1.662672   0.360324  -1.302347 
   142100.0000  -1.664328   0.366816  -1.297511 
   142200.0000  -1.663342   0.371785  -1.291557 
   142300.0000  -1.670102   0.369848  -1.300254 
   142400.0000  -1.667387   0.366934  -1.300454 
   142500.0000  -1.673969   0.356976  -1.316993 
   142600.0000  -1.675766   0.359797  -1.315969 
   142700.0000  -1.670173   0.371530  -1.298643 
   142800.0000  -1.673872   0.374856  -1.299016 
   142900.0000  -1.682219   0.361000  -1.321220 
   143000.0000  -1.687116   0.380327  -1.306789 
   143100.0000  -1.694183   0.362474  -1.331709 
   143200.0000  -1.705305   0.368520  -1.336784 
   143300.0000  -1.714031   0.370915  -1.343116 
   143400.0000  -1.722373   0.370433  -1.351939 
   143500.0000  -1.725533   0.371277  -1.354255 
   143600.0000  -1.718047   0.365643  -1.352404 
   143700.0000  -1.721746   0.371427  -1.350319 
   143800.0000  -1.729822   0.368114  -1.361707 
   143900.0000  -1.734743   0.362060  -1.372684 
   144000.0000  -1.730638   0.369452  -1.361187 
   144100.0000  -1.725526   0.370597  -1.354929 
   144200.0000  -1.737866   0.366391  -1.371474 
   144300.0000  -1.741207   0.368247  -1.372960 
   144400.0000  -1.746510   0.367705  -1.378806 
   144500.0000  -1.748914   0.381608  -1.367306 
   144600.0000  -1.748930   0.371264  -1.377665 
   144700.0000  -1.747674   0.366235  -1.381439 
   144800.0000  -1.750966   0.372649  -1.378317 
   144900.0000  -1.746913   0.367201  -1.379713 
   145000.0000  -1.745396   0.372520  -1.372876 
   145100.0000  -1.745372   0.370232  -1.375140 
   145200.0000  -1.764821   0.375533  -1.389288 
   145300.0000  -1.768229   0.366703  -1.401526 
   145400.0000  -1.777152   0.364625  -1.412527 
   145500.0000  -1.783988   0.373640  -1.410349 
   145600.0000  -1.780776   0.369843  -1.410933 
   145700.0000  -1.781751   0.373771  -1.407980 
   145800.0000  -1.778224   0.379244  -1.398980 
   145900.0000  -1.783887   0.373336  -1.410551 
   146000.0000  -1.788191   0.365065  -1.423126 
   146100.0000  -1.787343   0.366424  -1.420919 
   146200.0000  -1.802104   0.371828  -1.430276 
   146300.0000  -1.812275   0.370254  -1.442021 
   146400.0000  -1.818817   0.368852  -1.449965 
   146500.0000  -1.806671   0.368493  -1.438178 
   146600.0000  -1.804993   0.363399  -1.441594 
   146700.0000  -1.808616   0.366915  -1.441701 
   146800.0000  -1.809760   0.371374  -1.438386 
   146900.0000  -1.800124   0.371541  -1.428583 
   147000.0000  -1.804277   0.362033  -1.442243 
   147100.0000  -1.807079   0.359461  -1.447618 
   147200.0000  -1.815352   0.369928  -1.445424 
   147300.0000  -1.806006   0.366795  -1.439211 
   147400.0000  -1.823584   0.376254  -1.447330 
   147500.0000  -1.819787   0.370870  -1.448917 
   147600.0000  -1.825151   0.368967  -1.456184 
   147700.0000  -1.835392   0.363303  -1.472089 
   147800.0000  -1.827563   0.367257  -1.460305 
   147900.0000  -1.834573   0.370536  -1.464038 
   148000.0000  -1.833321   0.369646  -1.463675 
   148100.0000  -1.842203   0.369855  -1.472348 
   148200.0000  -1.847575   0.363078  -1.484496 
   148300.0000  -1.850006   0.369255  -1.480751 
   148400.0000  -1.860641   0.363764  -1.496877 
   148500.0000  -1.857694   0.366931  -1.490763 
   148600.0000  -1.854932   0.372605  -1.482327 
   148700.0000  -1.858919   0.369768  -1.489152 
   148800.0000  -1.858666   0.370297  -1.488368 
   148900.0000  -1.865586   0.363282  -1.502304 
   149000.0000  -1.870864   0.361392  -1.509473 
   149100.0000  -1.871095   0.371524  -1.499571 
   149200.0000  -1.875617   0.361540  -1.514077 
   149300.0000  -1.882987   0.372301  -1.510686 
   149400.0000  -1.882862   0.366168  -1.516694 
   149500.0000  -1.872507   0.365210  -1.507297 
   149600.0000  -1.883856   0.367271  -1.516585 
   149700.0000  -1.888706   0.365837  -1.522869 
   149800.0000  -1.890018   0.373019  -1.516999 
   149900.0000  -1.890429   0.375544  -1.514884 
   150000.0000  -1.889075   0.377002  -1.512073 
   150100.0000  -1.889062   0.367281  -1.521781 
   150200.0000  -1.893109   0.368943  -1.524166 
   150300.0000  -1.893445   0.377934  -1.515510 
   150400.0000  -1.894803   0.362408  -1.532394 
   150500.0000  -1.898077   0.376545  -1.521532 
   150600.0000  -1.910976   0.373362  -1.537614 
   150700.0000  -1.913443   0.381682  -1.531761 
   150800.0000  -1.915880   0.359504  -1.556376 
   150900.0000  -1.917309   0.382475  -1.534834 
   151000.0000  -1.925387   0.366417  -1.558970 
   151100.0000  -1.912730   0.371018  -1.541713 
   151200.0000  -1.921994   0.375427  -1.546567 
   151300.0000  -1.932017   0.368948  -1.563069 
   151400.0000  -1.937328   0.369768  -1.567559 
   151500.0000  -1.936332   0.370803  -1.565528 
   151600.0000  -1.933732   0.380926  -1.552807 
   151700.0000  -1.929276   0.368564  -1.560712 
   151800.0000  -1.934704   0.366501  -1.568202 
   151900.0000  -1.928081   0.372435  -1.555646 
   152000.0000  -1.927850   0.365089  -1.562762 
   152100.0000  -1.936992   0.371997  -1.564995 
   152200.0000  -1.946502   0.362460  -1.584042 
   152300.0000  -1.946997   0.364601  -1.582396 
   152400.0000  -1.946776   0.358384  -1.588392 
   152500.0000  -1.949362   0.363624  -1.585737 
   152600.0000  -1.956748   0.369574  -1.587173 
   152700.0000  -1.963568   0.359829  -1.603739 
   152800.0000  -1.964755   0.372309  -1.592446 
   152900.0000  -1.966959   0.368875  -1.598085 
   153000.0000  -1.967625   0.364247  -1.603378 
   153100.0000  -1.969935   0.378770  -1.591165 
   153200.0000  -1.972924   0.367357  -1.605567 
   153300.0000  -1.967323   0.377552  -1.589771 
   153400.0000  -1.965444   0.370195  -1.595249 
   153500.0000  -1.973599   0.374708  -1.598891 
   153600.0000  -1.965543   0.364879  -1.600664 
   153700.0000  -1.971308   0.364126  -1.607183 
   153800.0000  -1.979744   0.366963  -1.612781 
   153900.0000  -1.985982   0.372447  -1.613534 
   154000.0000  -1.984775   0.372734  -1.612040 
   154100.0000  -1.983460   0.374342  -1.609118 
   154200.0000  -1.982994   0.363983  -1.619011 
   154300.0000  -1.988493   0.364528  -1.623966 
   154400.0000  -1.988151   0.368995  -1.619157 
   154500.0000  -1.988326   0.372573  -1.615753 
   154600.0000  -1.995102   0.375856  -1.619246 
   154700.0000  -1.991137   0.373300  -1.617837 
   154800.0000  -1.995411   0.366884  -1.628527 
   154900.0000  -1.992146   0.365886  -1.626260 
   155000.0000  -1.993218   0.370021  -1.623197 
   155100.0000  -1.986842   0.369997  -1.616845 
   155200.0000  -1.993694   0.361684  -1.632009 
   155300.0000  -1.987537   0.372851  -1.614686 
   155400.0000  -1.997706   0.370343  -1.627363 
   155500.0000  -2.000450   0.366880  -1.633570 
   155600.0000  -1.999240   0.373580  -1.625659 
   155700.0000  -2.000964   0.361118  -1.639845 
   155800.0000  -2.006515   0.365792  -1.640724 
   155900.0000  -2.001830   0.380223  -1.621607 
   156000.0000  -1.999159   0.371297  -1.627862 
   156100.0000  -2.010433   0.369599  -1.640834 
   156200.0000  -2.009629   0.368720  -1.640909 
   156300.0000  -2.014658   0.378823  -1.635835 
   156400.0000  -2.010640   0.370815  -1.639825 
   156500.0000  -2.008683   0.362977  -1.645707 
   156600.0000  -2.016540   0.366924  -1.649616 
   156700.0000  -2.015587   0.363275  -1.652312 
   156800.0000  -2.019721   0.361193  -1.658528 
   156900.0000  -2.017296   0.371283  -1.646013 
   157000.0000  -2.015470   0.376093  -1.639377 
   157100.0000  -2.021934   0.374737  -1.647197 
   157200.0000  -2.023927   0.374240  -1.649687 
   157300.0000  -2.019746   0.367560  -1.652187 
   157400.0000  -2.027265   0.360635  -1.666630 
   157500.0000  -2.027392   0.360966  -1.666425 
   157600.0000  -2.022037   0.376398  -1.645639 
   157700.0000  -2.018784   0.373369  -1.645415 
   157800.0000  -2.021797   0.370003  -1.651794 
   157900.0000  -2.027310   0.373928  -1.653382 
   158000.0000  -2.021206   0.373414  -1.647791 
   158100.0000  -2.026510   0.375715  -1.650795 
   158200.0000  -2.023737   0.359636  -1.664100 
   158300.0000  -2.030537   0.371638  -1.658899 
   158400.0000  -2.032257   0.368037  -1.664220 
   158500.0000  -2.028344   0.365832  -1.662511 
   158600.0000  -2.032355   0.363346  -1.669009 
   158700.0000  -2.040218   0.365415  -1.674803 
   158800.0000  -2.040164   0.369097  -1.671067 
   158900.0000  -2.043372   0.368028  -1.675344 
   159000.0000  -2.051105   0.365450  -1.685655 
   159100.0000  -2.055806   0.369439  -1.686366 
   159200.0000  -2.067226   0.375786  -1.691440 
   159300.0000  -2.063881   0.372579  -1.691302 
   159400.0000  -2.063969   0.367041  -1.696928 
   159500.0000  -2.058901   0.365794  -1.693108 
   159600.0000  -2.065102   0.366899  -1.698202 
   159700.0000  -2.071174   0.367470  -1.703704 
   159800.0000  -2.067350   0.370961  -1.696389 
   159900.0000  -2.065208   0.365338  -1.699870 
   160000.0000  -2.066925   0.360636  -1.706289 
   160100.0000  -2.070242   0.372852  -1.697390 
   160200.0000  -2.068209   0.364471  -1.703738 
   160300.0000  -2.065042   0.374040  -1.691002 
   160400.0000  -2.065412   0.373695  -1.691716 
   160500.0000  -2.067819   0.374030  -1.693789 
   160600.0000  -2.065982   0.368976  -1.697006 
   160700.0000  -2.067668   0.364340  -1.703328 
   160800.0000  -2.068003   0.368204  -1.699798 
   160900.0000  -2.066611   0.375414  -1.691197 
   161000.0000  -2.064753   0.368831  -1.695922 
   161100.0000  -2.066546   0.365545  -1.701001 
   161200.0000  -2.069537   0.367797  -1.701740 
   161300.0000  -2.068289   0.367290  -1.700999 
   161400.0000  -2.075655   0.375514  -1.700142 
   161500.0000  -2.074261   0.365714  -1.708547 
   161600.0000  -2.076812   0.373246  -1.703566 
   161700.0000  -2.075350   0.361838  -1.713512 
   161800.0000  -2.085947   0.374803  -1.711144 
   161900.0000  -2.090637   0.366008  -1.724629 
   162000.0000  -2.089489   0.369841  -1.719648 
   162100.0000  -2.089435   0.368846  -1.720588 
   162200.0000  -2.090175   0.370028  -1.720147 
   162300.0000  -2.099297   0.361093  -1.738204 
   162400.0000  -2.097731   0.370749  -1.726982 
   162500.0000  -2.097260   0.370846  -1.726414 
   162600.0000  -2.090809   0.377958  -1.712851 
   162700.0000  -2.092780   0.371112  -1.721669 
   162800.0000  -2.095647   0.364861  -1.730786 
   162900.0000  -2.096489   0.363719  -1.732771 
   163000.0000  -2.094614   0.372220  -1.722394 
   163100.0000  -2.097177   0.370195  -1.726983 
   163200.0000  -2.096743   0.368472  -1.728271 
   163300.0000  -2.098297   0.373417  -1.724879 
   163400.0000  -2.103563   0.364261  -1.739302 
   163500.0000  -2.103077   0.374840  -1.728237 
   163600.0000  -2.107003   0.369376  -1.737627 
   163700.0000  -2.107655   0.370427  -1.737229 
   163800.0000  -2.113039   0.366708  -1.746330 
   163900.0000  -2.113774   0.357081  -1.756692 
   164000.0000  -2.109348   0.369720  -1.739628 
   164100.0000  -2.111590   0.374491  -1.737099 
   164200.0000  -2.110616   0.361224  -1.749393 
   164300.0000  -2.109440   0.366964  -1.742477 
   164400.0000  -2.113223   0.363294  -1.749929 
   164500.0000  -2.105772   0.370299  -1.735473 
   164600.0000  -2.106205   0.370474  -1.735731 
   164700.0000  -2.116163   0.375363  -1.740800 
   164800.0000  -2.119908   0.367274  -1.752634 
   164900.0000  -2.118054   0.369768  -1.748286 
   165000.0000  -2.119109   0.366965  -1.752145 
   165100.0000  -2.116296   0.364354  -1.751941 
   165200.0000  -2.120803   0.366411  -1.754392 
   165300.0000  -2.122435   0.368125  -1.754310 
   165400.0000  -2.119862   0.364522  -1.755340 
   165500.0000  -2.119793   0.368024  -1.751769 
   165600.0000  -2.126798   0.376033  -1.750764 
   165700.0000  -2.122307   0.365545  -1.756762 
   165800.0000  -2.119010   0.369420  -1.749590 
   165900.0000  -2.121903   0.373181  -1.748722 
   166000.0000  -2.122764   0.385192  -1.737572 
   166100.0000  -2.131982   0.367250  -1.764732 
   166200.0000  -2.129644   0.370982  -1.758662 
   166300.0000  -2.133420   0.365443  -1.767977 
   166400.0000  -2.131070   0.370568  -1.760502 
   166500.0000  -2.134520   0.369094  -1.765426 
   166600.0000  -2.136306   0.363253  -1.773054 
   166700.0000  -2.136944   0.365352  -1.771592 
   166800.0000  -2.145950   0.368220  -1.777730 
   166900.0000  -2.146125   0.375839  -1.770286 
   167000.0000  -2.143873   0.364849  -1.779025 
   167100.0000  -2.144106   0.366310  -1.777796 
   167200.0000  -2.146921   0.369674  -1.777247 
   167300.0000  -2.151237   0.373484  -1.777753 
   167400.0000  -2.143448   0.366570  -1.776877 
   167500.0000  -2.153541   0.373860  -1.779682 
   167600.0000  -2.146248   0.370777  -1.775471 
   167700.0000  -2.149118   0.368317  -1.780801 
   167800.0000  -2.143738   0.361556  -1.782182 
   167900.0000  -2.149889   0.373672  -1.776216 
   168000.0000  -2.157366   0.378669  -1.778696 
   168100.0000  -2.149171   0.374558  -1.774612 
   168200.0000  -2.149727   0.365151  -1.784576 
   168300.0000  -2.153390   0.369070  -1.784321 
   168400.0000  -2.154939   0.369489  -1.785450 
   168500.0000  -2.149544   0.364767  -1.784777 
   168600.0000  -2.156618   0.371794  -1.784824 
   168700.0000  -2.163360   0.372380  -1.790980 
   168800.0000  -2.158186   0.376825  -1.781361 
   168900.0000  -2.161380   0.365342  -1.796038 
   169000.0000  -2.158930   0.360082  -1.798848 
   169100.0000  -2.162679   0.378977  -1.783702 
   169200.0000  -2.166602   0.374205  -1.792397 
   169300.0000  -2.169885   0.362736  -1.807149 
   169400.0000  -2.167046   0.369419  -1.797626 
   169500.0000  -2.173946   0.359442  -1.814504 
   169600.0000  -2.171826   0.365240  -1.806586 
   169700.0000  -2.170601   0.374780  -1.795821 
   169800.0000  -2.173822   0.364834  -1.808988 
   169900.0000  -2.174295   0.362125  -1.812170 
   170000.0000  -2.166924   0.370314  -1.796610 
   170100.0000  -2.168608   0.373571  -1.795037 
   170200.0000  -2.172810   0.363794  -1.809017 
   170300.0000  -2.183060   0.365908  -1.817152 
   170400.0000  -2.172461   0.372162  -1.800299 
   170500.0000  -2.174447   0.360721  -1.813725 
   170600.0000  -2.175444   0.375658  -1.799786 
   170700.0000  -2.181340   0.372483  -1.808857 
   170800.0000  -2.181424   0.365049  -1.816375 
   170900.0000  -2.184895   0.372565  -1.812331 
   171000.0000  -2.188051   0.373786  -1.814266 
   171100.0000  -2.186864   0.364458  -1.822407 
   171200.0000  -2.190829   0.360117  -1.830712 
   171300.0000  -2.191921   0.368562  -1.823359 
   171400.0000  -2.190605   0.371172  -1.819433 
   171500.0000  -2.189376   0.370756  -1.818620 
   171600.0000  -2.192620   0.378371  -1.814250 
   171700.0000  -2.187288   0.367655  -1.819633 
   171800.0000  -2.191082   0.372016  -1.819066 
   171900.0000  -2.179721   0.364703  -1.815018 
   172000.0000  -2.179103   0.371465  -1.807638 
   172100.0000  -2.183781   0.372460  -1.811321 
   172200.0000  -2.183329   0.359196  -1.824133 
   172300.0000  -2.191922   0.368832  -1.823091 
   172400.0000  -2.190723   0.362652  -1.828071 
   172500.0000  -2.188975   0.367980  -1.820995 
   172600.0000  -2.190829   0.363294  -1.827535 
   172700.0000  -2.186440   0.369045  -1.817395 
   172800.0000  -2.186825   0.364906  -1.821919 
   172900.0000  -2.187242   0.367973  -1.819269 
   173000.0000  -2.192990   0.366933  -1.826057 
   173100.0000  -2.196278   0.369980  -1.826298 
   173200.0000  -2.199140   0.361802  -1.837337 
   173300.0000  -2.196219   0.371676  -1.824543 
   173400.0000  -2.191297   0.371087  -1.820210 
   173500.0000  -2.192069   0.371317  -1.820752 
   173600.0000  -2.190871   0.380757  -1.810114 
   173700.0000  -2.198574   0.371283  -1.827291 
   173800.0000  -2.204810   0.368581  -1.836229 
   173900.0000  -2.204327   0.367345  -1.836982 
   174000.0000  -2.211473   0.364267  -1.847206 
   174100.0000  -2.215694   0.370259  -1.845435 
   174200.0000  -2.213936   0.377189  -1.836747 
   174300.0000  -2.215770   0.368774  -1.846996 
   174400.0000  -2.217517   0.370806  -1.846710 
   174500.0000  -2.221643   0.371766  -1.849877 
   174600.0000  -2.223678   0.374078  -1.849600 
   174700.0000  -2.215000   0.366936  -1.848064 
   174800.0000  -2.226841   0.362300  -1.864541 
   174900.0000  -2.232682   0.357179  -1.875503 
   175000.0000  -2.234539   0.372047  -1.862492 
   175100.0000  -2.236223   0.370055  -1.866168 
   175200.0000  -2.230937   0.366914  -1.864023 
   175300.0000  -2.232647   0.369984  -1.862663 
   175400.0000  -2.233661   0.369681  -1.863980 
   175500.0000  -2.240477   0.373763  -1.866714 
   175600.0000  -2.244669   0.364013  -1.880656 
   175700.0000  -2.232152   0.356210  -1.875942 
   175800.0000  -2.240134   0.366425  -1.873709 
   175900.0000  -2.237846   0.374021  -1.863825 
   176000.0000  -2.236869   0.375569  -1.861299 
   176100.0000  -2.240876   0.373997  -1.866879 
   176200.0000  -2.237959   0.366188  -1.871771 
   176300.0000  -2.237100   0.371477  -1.865623 
   176400.0000  -2.242364   0.362553  -1.879811 
   176500.0000  -2.243674   0.368438  -1.875235 
   176600.0000  -2.248817   0.371585  -1.877232 
   176700.0000  -2.244272   0.377342  -1.866930 
   176800.0000  -2.244314   0.366798  -1.877516 
   176900.0000  -2.246006   0.376277  -1.869730 
   177000.0000  -2.248177   0.375841  -1.872337 
   177100.0000  -2.240872   0.362434  -1.878438 
   177200.0000  -2.243631   0.365314  -1.878317 
   177300.0000  -2.246469   0.372234  -1.874235 
   177400.0000  -2.245222   0.368857  -1.876365 
   177500.0000  -2.248107   0.371321  -1.876785 
   177600.0000  -2.248952   0.369254  -1.879698 
   177700.0000  -2.243338   0.366386  -1.876952 
   177800.0000  -2.245750   0.367597  -1.878152 
   177900.0000  -2.243713   0.375111  -1.868602 
   178000.0000  -2.242403   0.362252  -1.880150 
   178100.0000  -2.247434   0.369513  -1.877920 
   178200.0000  -2.239296   0.358157  -1.881138 
   178300.0000  -2.247414   0.364454  -1.882960 
   178400.0000  -2.251142   0.365004  -1.886137 
   178500.0000  -2.251854   0.369544  -1.882309 
   178600.0000  -2.250175   0.372231  -1.877944 
   178700.0000  -2.252580   0.368496  -1.884084 
   178800.0000  -2.256692   0.361122  -1.895570 
   178900.0000  -2.253233   0.375842  -1.877391 
   179000.0000  -2.257247   0.373681  -1.883566 
   179100.0000  -2.257053   0.369539  -1.887513 
   179200.0000  -2.257597   0.367107  -1.890489 
   179300.0000  -2.259965   0.365925  -1.894040 
   179400.0000  -2.259585   0.372015  -1.887570 
   179500.0000  -2.252127   0.366227  -1.885901 
   179600.0000  -2.253018   0.366477  -1.886542 
   179700.0000  -2.252853   0.373964  -1.878889 
   179800.0000  -2.248626   0.363877  -1.884749 
   179900.0000  -2.251622   0.365086  -1.886536 
   180000.0000  -2.257976   0.367382  -1.890594 
   180100.0000  -2.253584   0.370692  -1.882892 
   180200.0000  -2.261481   0.361039  -1.900443 
   180300.0000  -2.256682   0.367269  -1.889412 
   180400.0000  -2.264025   0.365869  -1.898157 
   180500.0000  -2.262888   0.360664  -1.902224 
   180600.0000  -2.256585   0.371278  -1.885307 
   180700.0000  -2.259045   0.363462  -1.895584 
   180800.0000  -2.257401   0.368544  -1.888857 
   180900.0000  -2.250172   0.365694  -1.884478 
   181000.0000  -2.258322   0.370603  -1.887719 
   181100.0000  -2.263521   0.374081  -1.889440 
   181200.0000  -2.254668   0.376349  -1.878319 
   181300.0000  -2.260783   0.371826  -1.888957 
   181400.0000  -2.261294   0.361015  -1.900279 
   181500.0000  -2.269165   0.366868  -1.902297 
   181600.0000  -2.270487   0.367278  -1.903209 
   181700.0000  -2.270715   0.372396  -1.898319 
   181800.0000  -2.270002   0.375048  -1.894953 
   181900.0000  -2.268975   0.373712  -1.895264 
   182000.0000  -2.272700   0.371088  -1.901612 
   182100.0000  -2.270508   0.369595  -1.900913 
   182200.0000  -2.272047   0.378593  -1.893454 
   182300.0000  -2.268716   0.361162  -1.907554 
   182400.0000  -2.269965   0.365943  -1.904023 
   182500.0000  -2.275901   0.373072  -1.902829 
   182600.0000  -2.278786   0.366119  -1.912666 
   182700.0000  -2.279717   0.374828  -1.904888 
   182800.0000  -2.283995   0.370416  -1.913579 
   182900.0000  -2.283809   0.366824  -1.916985 
   183000.0000  -2.279920   0.370231  -1.909689 
   183100.0000  -2.276498   0.384319  -1.892180 
   183200.0000  -2.282311   0.371510  -1.910801 
   183300.0000  -2.279896   0.367674  -1.912222 
   183400.0000  -2.279439   0.360089  -1.919350 
   183500.0000  -2.277817   0.365628  -1.912189 
   183600.0000  -2.272746   0.364411  -1.908335 
   183700.0000  -2.274525   0.362337  -1.912188 
   183800.0000  -2.277438   0.364518  -1.912919 
   183900.0000  -2.280396   0.361966  -1.918430 
   184000.0000  -2.276340   0.367523  -1.908817 
   184100.0000  -2.280423   0.373612  -1.906811 
   184200.0000  -2.276668   0.368433  -1.908235 
   184300.0000  -2.272949   0.365506  -1.907443 
   184400.0000  -2.288389   0.367599  -1.920791 
   184500.0000  -2.290851   0.365172  -1.925679 
   184600.0000  -2.295694   0.372007  -1.923687 
   184700.0000  -2.297807   0.364732  -1.933075 
   184800.0000  -2.294426   0.363118  -1.931308 
   184900.0000  -2.299861   0.364582  -1.935279 
   185000.0000  -2.300797   0.366657  -1.934140 
   185100.0000  -2.303023   0.356802  -1.946221 
   185200.0000  -2.303813   0.364545  -1.939268 
   185300.0000  -2.298089   0.363033  -1.935056 
   185400.0000  -2.298089   0.374809  -1.923281 
   185500.0000  -2.301484   0.363616  -1.937868 
   185600.0000  -2.303479   0.363761  -1.939717 
   185700.0000  -2.304995   0.366933  -1.938062 
   185800.0000  -2.311861   0.368019  -1.943841 
   185900.0000  -2.309476   0.372426  -1.937050 
   186000.0000  -2.309832   0.368298  -1.941534 
   186100.0000  -2.316380   0.368147  -1.948233 
   186200.0000  -2.312820   0.371914  -1.940906 
   186300.0000  -2.313412   0.380230  -1.933182 
   186400.0000  -2.315042   0.368858  -1.946184 
   186500.0000  -2.308483   0.378417  -1.930066 
   186600.0000  -2.304770   0.371784  -1.932987 
   186700.0000  -2.315593   0.370553  -1.945041 
   186800.0000  -2.315518   0.360495  -1.955022 
   186900.0000  -2.317702   0.376379  -1.941323 
   187000.0000  -2.316561   0.367099  -1.949462 
   187100.0000  -2.320357   0.370317  -1.950039 
   187200.0000  -2.321200   0.363932  -1.957269 
   187300.0000  -2.317666   0.363484  -1.954182 
   187400.0000  -2.317164   0.375385  -1.941779 
   187500.0000  -2.317252   0.365720  -1.951532 
   187600.0000  -2.313235   0.366452  -1.946783 
   187700.0000  -2.312987   0.368914  -1.944073 
   187800.0000  -2.317082   0.368363  -1.948719 
