        0.0000   1.167166   0.376255   1.543421 
      100.0000  -0.140716   0.373188   0.232472 
      200.0000  -0.232696   0.375638   0.142942 
      300.0000  -0.317204   0.366942   0.049738 
      400.0000  -0.380448   0.371586  -0.008862 
      500.0000  -0.436923   0.367567  -0.069356 
      600.0000  -0.482007   0.370562  -0.111445 
      700.0000  -0.503946   0.379119  -0.124827 
      800.0000  -0.531206   0.376706  -0.154500 
      900.0000  -0.558378   0.375547  -0.182831 
     1000.0000  -0.572428   0.385378  -0.187050 
     1100.0000  -0.592432   0.380459  -0.211973 
     1200.0000  -0.606679   0.374880  -0.231799 
     1300.0000  -0.607980   0.370841  -0.237139 
     1400.0000  -0.616464   0.372552  -0.243912 
     1500.0000  -0.618460   0.375617  -0.242843 
     1600.0000  -0.629294   0.366891  -0.262403 
     1700.0000  -0.642599   0.379540  -0.263059 
     1800.0000  -0.649515   0.372113  -0.277402 
     1900.0000  -0.652284   0.373509  -0.278774 
     2000.0000  -0.657054   0.372207  -0.284847 
     2100.0000  -0.683172   0.379351  -0.303821 
     2200.0000  -0.679830   0.377868  -0.301962 
     2300.0000  -0.707838   0.372420  -0.335419 
     2400.0000  -0.695308   0.371633  -0.323674 
     2500.0000  -0.708515   0.379004  -0.329511 
     2600.0000  -0.704331   0.372929  -0.331401 
     2700.0000  -0.712776   0.367535  -0.345242 
     2800.0000  -0.695971   0.371888  -0.324083 
     2900.0000  -0.709103   0.372431  -0.336671 
     3000.0000  -0.711394   0.376364  -0.335030 
     3100.0000  -0.708498   0.370232  -0.338266 
     3200.0000  -0.694232   0.373186  -0.321046 
     3300.0000  -0.699560   0.375524  -0.324036 
     3400.0000  -0.699633   0.372321  -0.327312 
     3500.0000  -0.699515   0.367764  -0.331751 
     3600.0000  -0.720151   0.369095  -0.351056 
     3700.0000  -0.728054   0.371316  -0.356738 
     3800.0000  -0.732844   0.370846  -0.361998 
     3900.0000  -0.758987   0.376198  -0.382790 
     4000.0000  -0.741228   0.375992  -0.365236 
     4100.0000  -0.735631   0.378907  -0.356723 
     4200.0000  -0.761266   0.376454  -0.384812 
     4300.0000  -0.775136   0.369091  -0.406045 
     4400.0000  -0.786802   0.373284  -0.413519 
     4500.0000  -0.785971   0.377466  -0.408504 
     4600.0000  -0.777662   0.383226  -0.394437 
     4700.0000  -0.800247   0.379694  -0.420553 
     4800.0000  -0.787829   0.382446  -0.405383 
     4900.0000  -0.784957   0.379013  -0.405944 
     5000.0000  -0.789842   0.375127  -0.414714 
     5100.0000  -0.777753   0.366506  -0.411248 
     5200.0000  -0.792299   0.380100  -0.412199 
     5300.0000  -0.774046   0.380741  -0.393304 
     5400.0000  -0.789012   0.370123  -0.418889 
     5500.0000  -0.783820   0.370156  -0.413664 
     5600.0000  -0.773964   0.378999  -0.394965 
     5700.0000  -0.785752   0.373181  -0.412571 
     5800.0000  -0.780965   0.376096  -0.404869 
     5900.0000  -0.796387   0.372948  -0.423439 
     6000.0000  -0.811506   0.384608  -0.426897 
     6100.0000  -0.819088   0.373795  -0.445293 
     6200.0000  -0.821252   0.375080  -0.446173 
     6300.0000  -0.805517   0.383747  -0.421770 
     6400.0000  -0.797066   0.372805  -0.424260 
     6500.0000  -0.812556   0.372750  -0.439807 
     6600.0000  -0.800661   0.372545  -0.428117 
     6700.0000  -0.789271   0.372196  -0.417075 
     6800.0000  -0.791822   0.369119  -0.422703 
     6900.0000  -0.774489   0.376604  -0.397885 
     7000.0000  -0.786524   0.381490  -0.405034 
     7100.0000  -0.809446   0.375405  -0.434041 
     7200.0000  -0.808058   0.375984  -0.432074 
     7300.0000  -0.818780   0.384089  -0.434690 
     7400.0000  -0.836774   0.375487  -0.461287 
     7500.0000  -0.825357   0.373640  -0.451717 
     7600.0000  -0.811770   0.378084  -0.433686 
     7700.0000  -0.799891   0.374776  -0.425115 
     7800.0000  -0.782077   0.381473  -0.400604 
     7900.0000  -0.788156   0.367666  -0.420490 
     8000.0000  -0.785435   0.385701  -0.399734 
     8100.0000  -0.817966   0.371960  -0.446006 
     8200.0000  -0.795263   0.374502  -0.420761 
     8300.0000  -0.798498   0.370614  -0.427884 
     8400.0000  -0.795753   0.368990  -0.426763 
     8500.0000  -0.784972   0.377653  -0.407319 
     8600.0000  -0.802552   0.374955  -0.427597 
     8700.0000  -0.791785   0.363396  -0.428389 
     8800.0000  -0.793123   0.376079  -0.417044 
     8900.0000  -0.798755   0.372868  -0.425887 
     9000.0000  -0.796417   0.380967  -0.415450 
     9100.0000  -0.794730   0.379942  -0.414788 
     9200.0000  -0.785598   0.379114  -0.406484 
     9300.0000  -0.803554   0.371248  -0.432306 
     9400.0000  -0.821389   0.368132  -0.453257 
     9500.0000  -0.814953   0.377496  -0.437456 
     9600.0000  -0.807985   0.372410  -0.435576 
     9700.0000  -0.810697   0.387088  -0.423609 
     9800.0000  -0.822239   0.372152  -0.450088 
     9900.0000  -0.822518   0.380278  -0.442240 
    10000.0000  -0.820945   0.372265  -0.448680 
    10100.0000  -0.816706   0.371411  -0.445295 
    10200.0000  -0.807885   0.371474  -0.436411 
    10300.0000  -0.806205   0.382433  -0.423772 
    10400.0000  -0.810040   0.370267  -0.439772 
    10500.0000  -0.804081   0.369737  -0.434344 
    10600.0000  -0.803270   0.375334  -0.427937 
    10700.0000  -0.814623   0.377387  -0.437236 
    10800.0000  -0.798373   0.379889  -0.418484 
    10900.0000  -0.806525   0.377533  -0.428992 
    11000.0000  -0.836115   0.379720  -0.456395 
    11100.0000  -0.846682   0.375596  -0.471087 
    11200.0000  -0.835832   0.376371  -0.459462 
    11300.0000  -0.825389   0.373814  -0.451575 
    11400.0000  -0.851718   0.386301  -0.465417 
    11500.0000  -0.845865   0.368218  -0.477648 
    11600.0000  -0.846663   0.378733  -0.467930 
    11700.0000  -0.840237   0.369295  -0.470942 
    11800.0000  -0.845302   0.380305  -0.464997 
    11900.0000  -0.835007   0.370321  -0.464685 
    12000.0000  -0.825026   0.377150  -0.447876 
    12100.0000  -0.817957   0.374838  -0.443119 
    12200.0000  -0.827226   0.376669  -0.450557 
    12300.0000  -0.816558   0.372826  -0.443732 
    12400.0000  -0.825877   0.375204  -0.450674 
    12500.0000  -0.842446   0.372869  -0.469577 
    12600.0000  -0.845925   0.369148  -0.476777 
    12700.0000  -0.839155   0.376723  -0.462432 
    12800.0000  -0.842186   0.379525  -0.462661 
    12900.0000  -0.843058   0.373234  -0.469825 
    13000.0000  -0.865895   0.367196  -0.498699 
    13100.0000  -0.861731   0.381953  -0.479778 
    13200.0000  -0.851348   0.380647  -0.470701 
    13300.0000  -0.844841   0.376423  -0.468418 
    13400.0000  -0.848906   0.360110  -0.488796 
    13500.0000  -0.865988   0.378645  -0.487343 
    13600.0000  -0.862374   0.369955  -0.492419 
    13700.0000  -0.862830   0.377093  -0.485737 
    13800.0000  -0.865008   0.373729  -0.491278 
    13900.0000  -0.853147   0.380825  -0.472322 
    14000.0000  -0.849479   0.379407  -0.470071 
    14100.0000  -0.855845   0.371695  -0.484150 
    14200.0000  -0.869448   0.376303  -0.493145 
    14300.0000  -0.869994   0.374866  -0.495128 
    14400.0000  -0.858842   0.371701  -0.487141 
    14500.0000  -0.860817   0.371024  -0.489793 
    14600.0000  -0.876188   0.376373  -0.499815 
    14700.0000  -0.896677   0.370754  -0.525923 
    14800.0000  -0.894889   0.380187  -0.514702 
    14900.0000  -0.894569   0.375072  -0.519498 
    15000.0000  -0.900813   0.367144  -0.533669 
    15100.0000  -0.892419   0.377593  -0.514826 
    15200.0000  -0.902200   0.371335  -0.530865 
    15300.0000  -0.899828   0.381646  -0.518182 
    15400.0000  -0.910100   0.372485  -0.537615 
    15500.0000  -0.917185   0.373611  -0.543573 
    15600.0000  -0.903823   0.366682  -0.537141 
    15700.0000  -0.904993   0.378425  -0.526568 
    15800.0000  -0.911501   0.380960  -0.530542 
    15900.0000  -0.899082   0.378550  -0.520532 
    16000.0000  -0.906962   0.375526  -0.531435 
    16100.0000  -0.896637   0.369021  -0.527616 
    16200.0000  -0.890097   0.375105  -0.514992 
    16300.0000  -0.879103   0.373694  -0.505409 
    16400.0000  -0.881965   0.369553  -0.512411 
    16500.0000  -0.864543   0.374186  -0.490357 
    16600.0000  -0.875719   0.371353  -0.504367 
    16700.0000  -0.880523   0.372896  -0.507627 
    16800.0000  -0.877270   0.381971  -0.495299 
    16900.0000  -0.883380   0.378755  -0.504624 
    17000.0000  -0.896007   0.381429  -0.514578 
    17100.0000  -0.879500   0.370651  -0.508849 
    17200.0000  -0.901170   0.380580  -0.520590 
    17300.0000  -0.901782   0.379612  -0.522171 
    17400.0000  -0.900728   0.379473  -0.521256 
    17500.0000  -0.921943   0.367425  -0.554517 
    17600.0000  -0.896132   0.378044  -0.518088 
    17700.0000  -0.903354   0.362204  -0.541150 
    17800.0000  -0.921233   0.376280  -0.544953 
    17900.0000  -0.908713   0.374017  -0.534696 
    18000.0000  -0.928554   0.379253  -0.549301 
    18100.0000  -0.917859   0.375879  -0.541980 
    18200.0000  -0.916851   0.373396  -0.543454 
    18300.0000  -0.930099   0.376612  -0.553486 
    18400.0000  -0.925313   0.369960  -0.555354 
    18500.0000  -0.916207   0.378892  -0.537315 
    18600.0000  -0.901205   0.371710  -0.529495 
    18700.0000  -0.924138   0.377953  -0.546185 
    18800.0000  -0.916970   0.372098  -0.544873 
    18900.0000  -0.915207   0.370979  -0.544228 
    19000.0000  -0.924787   0.370401  -0.554386 
    19100.0000  -0.912142   0.373773  -0.538368 
    19200.0000  -0.915013   0.374524  -0.540489 
    19300.0000  -0.905087   0.377205  -0.527881 
    19400.0000  -0.909459   0.375059  -0.534400 
    19500.0000  -0.926325   0.372458  -0.553867 
    19600.0000  -0.920239   0.378547  -0.541692 
    19700.0000  -0.927694   0.376137  -0.551557 
    19800.0000  -0.913486   0.377460  -0.536026 
    19900.0000  -0.904881   0.368589  -0.536291 
    20000.0000  -0.912282   0.386515  -0.525767 
    20100.0000  -0.903018   0.377558  -0.525460 
    20200.0000  -0.887410   0.376271  -0.511140 
    20300.0000  -0.885740   0.368420  -0.517319 
    20400.0000  -0.907391   0.369215  -0.538176 
    20500.0000  -0.915720   0.382082  -0.533638 
    20600.0000  -0.921325   0.378646  -0.542678 
    20700.0000  -0.939413   0.381141  -0.558272 
    20800.0000  -0.949425   0.373218  -0.576207 
    20900.0000  -0.946051   0.373871  -0.572180 
    21000.0000  -0.947273   0.370996  -0.576277 
    21100.0000  -0.946344   0.367451  -0.578893 
    21200.0000  -0.934895   0.378734  -0.556161 
    21300.0000  -0.921822   0.370060  -0.551762 
    21400.0000  -0.954886   0.377861  -0.577025 
    21500.0000  -0.957731   0.376359  -0.581372 
    21600.0000  -0.976778   0.381762  -0.595016 
    21700.0000  -0.977215   0.366112  -0.611102 
    21800.0000  -0.997909   0.373425  -0.624484 
    21900.0000  -0.988713   0.369928  -0.618785 
    22000.0000  -0.982159   0.380016  -0.602143 
    22100.0000  -0.979133   0.378082  -0.601051 
    22200.0000  -0.986316   0.375667  -0.610648 
    22300.0000  -1.012664   0.384754  -0.627910 
    22400.0000  -0.997932   0.372627  -0.625305 
    22500.0000  -1.001551   0.380592  -0.620958 
    22600.0000  -1.006822   0.376869  -0.629953 
    22700.0000  -1.005189   0.384710  -0.620479 
    22800.0000  -1.017126   0.376727  -0.640399 
    22900.0000  -1.001508   0.371515  -0.629993 
    23000.0000  -1.004657   0.366540  -0.638117 
    23100.0000  -1.006725   0.376236  -0.630489 
    23200.0000  -1.020428   0.376913  -0.643515 
    23300.0000  -1.023854   0.383045  -0.640808 
    23400.0000  -1.028413   0.374767  -0.653646 
    23500.0000  -1.021891   0.379712  -0.642179 
    23600.0000  -1.040302   0.370007  -0.670295 
    23700.0000  -1.060082   0.380181  -0.679901 
    23800.0000  -1.049031   0.377526  -0.671505 
    23900.0000  -1.045374   0.372411  -0.672964 
    24000.0000  -1.041595   0.376935  -0.664660 
    24100.0000  -1.040330   0.374389  -0.665941 
    24200.0000  -1.064179   0.375288  -0.688892 
    24300.0000  -1.074414   0.373339  -0.701075 
    24400.0000  -1.065601   0.371531  -0.694070 
    24500.0000  -1.058598   0.370387  -0.688211 
    24600.0000  -1.071848   0.367105  -0.704743 
    24700.0000  -1.075056   0.377820  -0.697236 
    24800.0000  -1.088991   0.375026  -0.713965 
    24900.0000  -1.115499   0.375771  -0.739728 
    25000.0000  -1.118781   0.376755  -0.742026 
    25100.0000  -1.111515   0.368696  -0.742820 
    25200.0000  -1.128907   0.377837  -0.751069 
    25300.0000  -1.124396   0.380791  -0.743605 
    25400.0000  -1.131385   0.371011  -0.760374 
    25500.0000  -1.143123   0.376129  -0.766994 
    25600.0000  -1.154106   0.370661  -0.783445 
    25700.0000  -1.175165   0.378921  -0.796244 
    25800.0000  -1.180305   0.380195  -0.800109 
    25900.0000  -1.151471   0.387298  -0.764173 
    26000.0000  -1.155913   0.365685  -0.790228 
    26100.0000  -1.153489   0.376677  -0.776813 
    26200.0000  -1.168411   0.376585  -0.791825 
    26300.0000  -1.161852   0.377585  -0.784267 
    26400.0000  -1.167586   0.380023  -0.787563 
    26500.0000  -1.157930   0.374013  -0.783917 
    26600.0000  -1.166320   0.371575  -0.794746 
    26700.0000  -1.166526   0.367183  -0.799344 
    26800.0000  -1.182879   0.371053  -0.811826 
    26900.0000  -1.190367   0.371980  -0.818386 
    27000.0000  -1.210328   0.373709  -0.836619 
    27100.0000  -1.222196   0.379513  -0.842682 
    27200.0000  -1.213534   0.384709  -0.828825 
    27300.0000  -1.218064   0.375868  -0.842196 
    27400.0000  -1.215936   0.378298  -0.837638 
    27500.0000  -1.216513   0.377272  -0.839240 
    27600.0000  -1.216203   0.384549  -0.831654 
    27700.0000  -1.212975   0.381895  -0.831081 
    27800.0000  -1.227509   0.372374  -0.855135 
    27900.0000  -1.224318   0.381177  -0.843141 
    28000.0000  -1.217197   0.374394  -0.842803 
    28100.0000  -1.229018   0.378170  -0.850847 
    28200.0000  -1.245999   0.366420  -0.879579 
    28300.0000  -1.262759   0.371526  -0.891234 
    28400.0000  -1.265409   0.371468  -0.893940 
    28500.0000  -1.276866   0.378331  -0.898535 
    28600.0000  -1.295785   0.381532  -0.914253 
    28700.0000  -1.296689   0.377599  -0.919091 
    28800.0000  -1.299438   0.381988  -0.917450 
    28900.0000  -1.290799   0.372658  -0.918141 
    29000.0000  -1.296501   0.375651  -0.920851 
    29100.0000  -1.318031   0.371784  -0.946247 
    29200.0000  -1.320563   0.369967  -0.950596 
    29300.0000  -1.323966   0.371204  -0.952762 
    29400.0000  -1.329601   0.380064  -0.949537 
    29500.0000  -1.340260   0.375786  -0.964474 
    29600.0000  -1.352422   0.376209  -0.976213 
    29700.0000  -1.355480   0.378221  -0.977259 
    29800.0000  -1.355968   0.380116  -0.975852 
    29900.0000  -1.351479   0.372898  -0.978581 
    30000.0000  -1.369338   0.373008  -0.996330 
    30100.0000  -1.379868   0.368212  -1.011655 
    30200.0000  -1.381013   0.367990  -1.013023 
    30300.0000  -1.399548   0.369616  -1.029932 
    30400.0000  -1.396454   0.369890  -1.026565 
    30500.0000  -1.399955   0.375640  -1.024315 
    30600.0000  -1.406572   0.376574  -1.029997 
    30700.0000  -1.407342   0.383073  -1.024270 
    30800.0000  -1.416433   0.376197  -1.040235 
    30900.0000  -1.419343   0.370361  -1.048982 
    31000.0000  -1.422822   0.374432  -1.048389 
    31100.0000  -1.425263   0.374330  -1.050934 
    31200.0000  -1.432583   0.371564  -1.061019 
    31300.0000  -1.433419   0.372449  -1.060970 
    31400.0000  -1.438133   0.374050  -1.064083 
    31500.0000  -1.452752   0.378536  -1.074216 
    31600.0000  -1.453866   0.378578  -1.075289 
    31700.0000  -1.460505   0.373249  -1.087255 
    31800.0000  -1.457665   0.374960  -1.082705 
    31900.0000  -1.454916   0.378131  -1.076785 
    32000.0000  -1.461049   0.377447  -1.083603 
    32100.0000  -1.464817   0.375749  -1.089069 
    32200.0000  -1.459652   0.379998  -1.079654 
    32300.0000  -1.458114   0.391059  -1.067054 
    32400.0000  -1.483777   0.368148  -1.115630 
    32500.0000  -1.485702   0.371676  -1.114026 
    32600.0000  -1.501061   0.374900  -1.126161 
    32700.0000  -1.504903   0.380455  -1.124448 
    32800.0000  -1.513151   0.368624  -1.144526 
    32900.0000  -1.510408   0.369369  -1.141039 
    33000.0000  -1.517758   0.376001  -1.141757 
    33100.0000  -1.511434   0.381134  -1.130299 
    33200.0000  -1.507705   0.376868  -1.130837 
    33300.0000  -1.503677   0.373857  -1.129820 
    33400.0000  -1.511640   0.374745  -1.136896 
    33500.0000  -1.507237   0.377393  -1.129844 
    33600.0000  -1.524198   0.376968  -1.147229 
    33700.0000  -1.534721   0.370437  -1.164284 
    33800.0000  -1.525060   0.374877  -1.150183 
    33900.0000  -1.530197   0.378511  -1.151686 
    34000.0000  -1.530696   0.367822  -1.162874 
    34100.0000  -1.544281   0.363816  -1.180464 
    34200.0000  -1.548582   0.376218  -1.172364 
    34300.0000  -1.556091   0.372500  -1.183591 
    34400.0000  -1.550491   0.375992  -1.174499 
    34500.0000  -1.550818   0.371781  -1.179037 
    34600.0000  -1.555727   0.376488  -1.179239 
    34700.0000  -1.565288   0.371038  -1.194251 
    34800.0000  -1.585077   0.378087  -1.206990 
    34900.0000  -1.597242   0.382494  -1.214747 
    35000.0000  -1.600198   0.377479  -1.222719 
    35100.0000  -1.618934   0.379480  -1.239454 
    35200.0000  -1.627881   0.378910  -1.248971 
    35300.0000  -1.634348   0.370578  -1.263770 
    35400.0000  -1.637963   0.371881  -1.266082 
    35500.0000  -1.641389   0.367887  -1.273502 
    35600.0000  -1.643864   0.376243  -1.267621 
    35700.0000  -1.650552   0.371428  -1.279123 
    35800.0000  -1.653142   0.378097  -1.275045 
    35900.0000  -1.675288   0.384864  -1.290424 
    36000.0000  -1.673994   0.376364  -1.297630 
    36100.0000  -1.681285   0.375333  -1.305953 
    36200.0000  -1.690255   0.366954  -1.323301 
    36300.0000  -1.678113   0.371966  -1.306147 
    36400.0000  -1.685755   0.372886  -1.312869 
    36500.0000  -1.697198   0.378880  -1.318318 
    36600.0000  -1.704208   0.377820  -1.326388 
    36700.0000  -1.702448   0.380038  -1.322410 
    36800.0000  -1.713007   0.371196  -1.341811 
    36900.0000  -1.727936   0.376644  -1.351292 
    37000.0000  -1.732030   0.371504  -1.360526 
    37100.0000  -1.730750   0.384825  -1.345925 
    37200.0000  -1.738489   0.373140  -1.365349 
    37300.0000  -1.738381   0.376489  -1.361892 
    37400.0000  -1.733415   0.378666  -1.354749 
    37500.0000  -1.742862   0.384043  -1.358819 
    37600.0000  -1.752050   0.389294  -1.362757 
    37700.0000  -1.763226   0.377126  -1.386100 
    37800.0000  -1.767205   0.378285  -1.388920 
    37900.0000  -1.763397   0.375601  -1.387795 
    38000.0000  -1.757991   0.370820  -1.387172 
    38100.0000  -1.773423   0.377142  -1.396281 
    38200.0000  -1.789600   0.371534  -1.418066 
    38300.0000  -1.786949   0.374933  -1.412016 
    38400.0000  -1.779543   0.379037  -1.400505 
    38500.0000  -1.784009   0.376010  -1.407998 
    38600.0000  -1.784522   0.370121  -1.414400 
    38700.0000  -1.792502   0.381460  -1.411042 
    38800.0000  -1.795142   0.381464  -1.413678 
    38900.0000  -1.811767   0.375622  -1.436146 
    39000.0000  -1.809783   0.382007  -1.427776 
    39100.0000  -1.816128   0.383435  -1.432692 
    39200.0000  -1.825427   0.380858  -1.444569 
    39300.0000  -1.840640   0.371087  -1.469553 
    39400.0000  -1.839273   0.378688  -1.460585 
    39500.0000  -1.856555   0.374000  -1.482554 
    39600.0000  -1.859731   0.370842  -1.488890 
    39700.0000  -1.858801   0.379892  -1.478909 
    39800.0000  -1.866265   0.374389  -1.491876 
    39900.0000  -1.870573   0.375721  -1.494853 
    40000.0000  -1.866621   0.372066  -1.494555 
    40100.0000  -1.866734   0.377856  -1.488878 
    40200.0000  -1.873916   0.374099  -1.499817 
    40300.0000  -1.875791   0.378624  -1.497166 
    40400.0000  -1.881722   0.384084  -1.497639 
    40500.0000  -1.878626   0.374477  -1.504149 
    40600.0000  -1.902314   0.372970  -1.529343 
    40700.0000  -1.903213   0.375813  -1.527400 
    40800.0000  -1.903952   0.374193  -1.529760 
    40900.0000  -1.897372   0.376927  -1.520445 
    41000.0000  -1.901025   0.382076  -1.518949 
    41100.0000  -1.902558   0.368981  -1.533576 
    41200.0000  -1.905298   0.378621  -1.526677 
    41300.0000  -1.907115   0.373960  -1.533155 
    41400.0000  -1.912492   0.372468  -1.540023 
    41500.0000  -1.917530   0.379557  -1.537973 
    41600.0000  -1.938618   0.375596  -1.563022 
    41700.0000  -1.929941   0.373931  -1.556010 
    41800.0000  -1.932932   0.378423  -1.554509 
    41900.0000  -1.933627   0.378385  -1.555242 
    42000.0000  -1.932435   0.381873  -1.550563 
    42100.0000  -1.943584   0.380077  -1.563507 
    42200.0000  -1.964682   0.382087  -1.582594 
    42300.0000  -1.963355   0.372453  -1.590902 
    42400.0000  -1.957999   0.382507  -1.575492 
    42500.0000  -1.963108   0.373339  -1.589770 
    42600.0000  -1.957259   0.368384  -1.588875 
    42700.0000  -1.958193   0.377006  -1.581187 
    42800.0000  -1.955659   0.376235  -1.579423 
    42900.0000  -1.961098   0.368462  -1.592636 
    43000.0000  -1.980317   0.367194  -1.613123 
    43100.0000  -1.990793   0.379588  -1.611204 
    43200.0000  -2.002859   0.379975  -1.622884 
    43300.0000  -2.000152   0.372500  -1.627652 
    43400.0000  -1.998131   0.384307  -1.613824 
    43500.0000  -2.006581   0.373129  -1.633452 
    43600.0000  -1.999768   0.376193  -1.623575 
    43700.0000  -2.005061   0.376733  -1.628329 
    43800.0000  -2.005928   0.383663  -1.622264 
    43900.0000  -2.012297   0.377112  -1.635185 
    44000.0000  -2.022490   0.375535  -1.646956 
    44100.0000  -2.019770   0.385691  -1.634079 
    44200.0000  -2.027747   0.373337  -1.654409 
    44300.0000  -2.030479   0.378070  -1.652408 
    44400.0000  -2.028359   0.373367  -1.654992 
    44500.0000  -2.035340   0.377468  -1.657872 
    44600.0000  -2.028134   0.373370  -1.654764 
    44700.0000  -2.045956   0.373712  -1.672244 
    44800.0000  -2.044283   0.374664  -1.669619 
    44900.0000  -2.051076   0.372360  -1.678717 
    45000.0000  -2.056479   0.376420  -1.680059 
    45100.0000  -2.055300   0.375607  -1.679693 
    45200.0000  -2.058922   0.372339  -1.686583 
    45300.0000  -2.069471   0.374124  -1.695347 
    45400.0000  -2.071577   0.373872  -1.697705 
    45500.0000  -2.069168   0.366786  -1.702382 
    45600.0000  -2.075352   0.379950  -1.695402 
    45700.0000  -2.077703   0.378815  -1.698888 
    45800.0000  -2.086826   0.376335  -1.710491 
    45900.0000  -2.085799   0.373880  -1.711919 
    46000.0000  -2.084684   0.371788  -1.712895 
    46100.0000  -2.100572   0.376119  -1.724453 
    46200.0000  -2.098520   0.373627  -1.724893 
    46300.0000  -2.105899   0.374783  -1.731115 
    46400.0000  -2.126750   0.379940  -1.746811 
    46500.0000  -2.123128   0.377578  -1.745550 
    46600.0000  -2.123526   0.375091  -1.748435 
    46700.0000  -2.128594   0.381863  -1.746731 
    46800.0000  -2.125354   0.377656  -1.747699 
    46900.0000  -2.124632   0.379001  -1.745631 
    47000.0000  -2.128241   0.381688  -1.746554 
    47100.0000  -2.125116   0.380707  -1.744409 
    47200.0000  -2.123064   0.374078  -1.748987 
    47300.0000  -2.116435   0.366014  -1.750421 
    47400.0000  -2.117736   0.370884  -1.746852 
    47500.0000  -2.126390   0.369737  -1.756653 
    47600.0000  -2.138740   0.375051  -1.763688 
    47700.0000  -2.150812   0.367728  -1.783085 
    47800.0000  -2.160835   0.363457  -1.797378 
    47900.0000  -2.158527   0.373720  -1.784807 
    48000.0000  -2.167515   0.379760  -1.787755 
    48100.0000  -2.156452   0.373583  -1.782869 
    48200.0000  -2.162199   0.367911  -1.794288 
    48300.0000  -2.164949   0.375903  -1.789046 
    48400.0000  -2.166831   0.366259  -1.800572 
    48500.0000  -2.161495   0.380168  -1.781326 
    48600.0000  -2.165677   0.374488  -1.791189 
    48700.0000  -2.176623   0.377984  -1.798639 
    48800.0000  -2.171852   0.383006  -1.788846 
    48900.0000  -2.173311   0.370274  -1.803037 
    49000.0000  -2.176987   0.374398  -1.802589 
    49100.0000  -2.183577   0.376329  -1.807248 
    49200.0000  -2.174105   0.376956  -1.797149 
    49300.0000  -2.173351   0.372786  -1.800565 
    49400.0000  -2.177502   0.375910  -1.801592 
    49500.0000  -2.168241   0.379529  -1.788712 
    49600.0000  -2.171678   0.379449  -1.792228 
    49700.0000  -2.169755   0.377884  -1.791871 
    49800.0000  -2.177415   0.372898  -1.804517 
    49900.0000  -2.181350   0.372895  -1.808455 
    50000.0000  -2.185958   0.372169  -1.813788 
    50100.0000  -2.194695   0.373076  -1.821619 
    50200.0000  -2.189468   0.378142  -1.811326 
    50300.0000  -2.194640   0.377125  -1.817515 
    50400.0000  -2.195962   0.384452  -1.811510 
    50500.0000  -2.196195   0.372355  -1.823840 
    50600.0000  -2.197194   0.378274  -1.818920 
    50700.0000  -2.194048   0.367571  -1.826477 
    50800.0000  -2.198509   0.375272  -1.823237 
    50900.0000  -2.211048   0.375297  -1.835751 
    51000.0000  -2.200879   0.379124  -1.821755 
    51100.0000  -2.203310   0.376776  -1.826533 
    51200.0000  -2.202012   0.379564  -1.822448 
    51300.0000  -2.202424   0.372034  -1.830390 
    51400.0000  -2.215205   0.363786  -1.851419 
    51500.0000  -2.214720   0.377414  -1.837305 
    51600.0000  -2.226654   0.380930  -1.845724 
    51700.0000  -2.226328   0.367565  -1.858764 
    51800.0000  -2.228006   0.376498  -1.851508 
    51900.0000  -2.230487   0.376954  -1.853533 
    52000.0000  -2.229647   0.370653  -1.858994 
    52100.0000  -2.228265   0.369874  -1.858392 
    52200.0000  -2.219786   0.384935  -1.834851 
    52300.0000  -2.232459   0.382555  -1.849904 
    52400.0000  -2.227127   0.375388  -1.851740 
    52500.0000  -2.223960   0.379349  -1.844612 
    52600.0000  -2.233899   0.378608  -1.855292 
    52700.0000  -2.243837   0.368634  -1.875203 
    52800.0000  -2.242877   0.380273  -1.862604 
    52900.0000  -2.240857   0.378118  -1.862739 
    53000.0000  -2.241573   0.375210  -1.866363 
    53100.0000  -2.241998   0.378912  -1.863086 
    53200.0000  -2.251748   0.367713  -1.884036 
    53300.0000  -2.247466   0.375644  -1.871822 
    53400.0000  -2.252085   0.377137  -1.874948 
    53500.0000  -2.249166   0.373070  -1.876096 
    53600.0000  -2.246899   0.374321  -1.872578 
    53700.0000  -2.254390   0.376948  -1.877442 
    53800.0000  -2.248096   0.379806  -1.868290 
    53900.0000  -2.252770   0.374042  -1.878729 
    54000.0000  -2.253006   0.373022  -1.879984 
    54100.0000  -2.256217   0.371049  -1.885168 
    54200.0000  -2.257361   0.375134  -1.882228 
    54300.0000  -2.264033   0.382536  -1.881496 
    54400.0000  -2.265255   0.378808  -1.886447 
    54500.0000  -2.265825   0.370384  -1.895441 
    54600.0000  -2.264819   0.376835  -1.887984 
    54700.0000  -2.267667   0.369806  -1.897862 
    54800.0000  -2.267880   0.372366  -1.895514 
    54900.0000  -2.273310   0.374694  -1.898616 
    55000.0000  -2.275403   0.367824  -1.907579 
    55100.0000  -2.277169   0.378173  -1.898995 
    55200.0000  -2.277592   0.381242  -1.896350 
    55300.0000  -2.279364   0.375659  -1.903705 
    55400.0000  -2.281984   0.379590  -1.902394 
    55500.0000  -2.279851   0.373590  -1.906261 
    55600.0000  -2.278862   0.374032  -1.904830 
    55700.0000  -2.280079   0.377191  -1.902888 
    55800.0000  -2.287456   0.380584  -1.906873 
    55900.0000  -2.292091   0.376821  -1.915269 
    56000.0000  -2.295976   0.375769  -1.920207 
    56100.0000  -2.293830   0.366269  -1.927560 
    56200.0000  -2.295999   0.383049  -1.912950 
    56300.0000  -2.305620   0.371399  -1.934221 
    56400.0000  -2.308426   0.378198  -1.930229 
    56500.0000  -2.312981   0.375355  -1.937626 
    56600.0000  -2.309212   0.381334  -1.927878 
    56700.0000  -2.320575   0.376776  -1.943799 
    56800.0000  -2.328596   0.383811  -1.944785 
    56900.0000  -2.327496   0.379876  -1.947620 
    57000.0000  -2.329479   0.373752  -1.955727 
    57100.0000  -2.334688   0.369682  -1.965006 
    57200.0000  -2.339476   0.385415  -1.954061 
    57300.0000  -2.336512   0.375821  -1.960691 
    57400.0000  -2.343933   0.380954  -1.962979 
    57500.0000  -2.341963   0.380500  -1.961463 
    57600.0000  -2.343704   0.382322  -1.961382 
    57700.0000  -2.338895   0.374809  -1.964086 
    57800.0000  -2.345704   0.378035  -1.967669 
    57900.0000  -2.349570   0.378504  -1.971066 
    58000.0000  -2.348639   0.375169  -1.973470 
    58100.0000  -2.356104   0.378947  -1.977157 
    58200.0000  -2.349650   0.375244  -1.974406 
    58300.0000  -2.347361   0.378193  -1.969168 
    58400.0000  -2.355811   0.374332  -1.981479 
    58500.0000  -2.354952   0.383646  -1.971306 
    58600.0000  -2.360762   0.378903  -1.981859 
    58700.0000  -2.366591   0.374713  -1.991878 
    58800.0000  -2.367386   0.383795  -1.983591 
    58900.0000  -2.364651   0.371598  -1.993053 
    59000.0000  -2.370540   0.376602  -1.993938 
    59100.0000  -2.359339   0.373847  -1.985492 
    59200.0000  -2.365818   0.366645  -1.999173 
    59300.0000  -2.363360   0.372845  -1.990515 
    59400.0000  -2.365697   0.375382  -1.990315 
    59500.0000  -2.367696   0.378276  -1.989420 
    59600.0000  -2.368634   0.378166  -1.990468 
    59700.0000  -2.372045   0.389691  -1.982354 
    59800.0000  -2.366547   0.373681  -1.992866 
    59900.0000  -2.361114   0.369074  -1.992040 
    60000.0000  -2.363358   0.371073  -1.992285 
    60100.0000  -2.360344   0.367485  -1.992859 
    60200.0000  -2.366003   0.372059  -1.993944 
    60300.0000  -2.364593   0.376554  -1.988039 
    60400.0000  -2.360654   0.375333  -1.985322 
    60500.0000  -2.370501   0.379921  -1.990580 
    60600.0000  -2.363343   0.370294  -1.993049 
    60700.0000  -2.373977   0.371265  -2.002711 
    60800.0000  -2.378795   0.377592  -2.001204 
    60900.0000  -2.380813   0.368524  -2.012289 
    61000.0000  -2.377073   0.365817  -2.011256 
    61100.0000  -2.380755   0.372107  -2.008648 
    61200.0000  -2.379503   0.379789  -1.999714 
    61300.0000  -2.383701   0.373647  -2.010053 
    61400.0000  -2.387228   0.373954  -2.013273 
    61500.0000  -2.382915   0.380279  -2.002636 
    61600.0000  -2.385844   0.373614  -2.012230 
    61700.0000  -2.385387   0.370567  -2.014820 
    61800.0000  -2.392421   0.370712  -2.021709 
    61900.0000  -2.391357   0.366100  -2.025258 
    62000.0000  -2.393699   0.372876  -2.020824 
    62100.0000  -2.405061   0.376950  -2.028110 
    62200.0000  -2.399737   0.370092  -2.029646 
    62300.0000  -2.398793   0.362862  -2.035931 
    62400.0000  -2.400566   0.374025  -2.026542 
    62500.0000  -2.397095   0.369652  -2.027443 
    62600.0000  -2.401428   0.380390  -2.021037 
    62700.0000  -2.393765   0.380989  -2.012776 
    62800.0000  -2.402637   0.373204  -2.029433 
    62900.0000  -2.405075   0.376476  -2.028599 
    63000.0000  -2.401207   0.372995  -2.028212 
    63100.0000  -2.404107   0.359929  -2.044178 
    63200.0000  -2.404504   0.383968  -2.020536 
    63300.0000  -2.404232   0.383314  -2.020918 
    63400.0000  -2.402669   0.375091  -2.027578 
    63500.0000  -2.397964   0.377161  -2.020803 
    63600.0000  -2.404533   0.373745  -2.030789 
    63700.0000  -2.402824   0.371734  -2.031090 
    63800.0000  -2.406213   0.368282  -2.037931 
    63900.0000  -2.404564   0.375349  -2.029215 
    64000.0000  -2.401902   0.371620  -2.030282 
    64100.0000  -2.399114   0.378621  -2.020494 
    64200.0000  -2.406445   0.378078  -2.028368 
    64300.0000  -2.406952   0.384010  -2.022942 
    64400.0000  -2.400612   0.374243  -2.026368 
    64500.0000  -2.413415   0.373120  -2.040294 
    64600.0000  -2.414832   0.378283  -2.036549 
    64700.0000  -2.410101   0.368518  -2.041584 
    64800.0000  -2.406718   0.371090  -2.035629 
    64900.0000  -2.414049   0.379856  -2.034194 
    65000.0000  -2.413627   0.378446  -2.035180 
    65100.0000  -2.410115   0.370716  -2.039399 
    65200.0000  -2.409670   0.378076  -2.031594 
    65300.0000  -2.409892   0.379849  -2.030043 
    65400.0000  -2.421680   0.379455  -2.042224 
    65500.0000  -2.413171   0.378570  -2.034601 
    65600.0000  -2.410558   0.379354  -2.031204 
    65700.0000  -2.411912   0.378050  -2.033861 
    65800.0000  -2.411791   0.376097  -2.035694 
    65900.0000  -2.416613   0.378186  -2.038427 
    66000.0000  -2.413129   0.376081  -2.037047 
    66100.0000  -2.411663   0.374713  -2.036950 
    66200.0000  -2.411429   0.375519  -2.035910 
    66300.0000  -2.416923   0.375038  -2.041885 
    66400.0000  -2.413691   0.378713  -2.034978 
    66500.0000  -2.412699   0.375576  -2.037123 
    66600.0000  -2.411491   0.373603  -2.037887 
    66700.0000  -2.413606   0.378690  -2.034916 
    66800.0000  -2.414551   0.369718  -2.044833 
    66900.0000  -2.413619   0.375745  -2.037874 
    67000.0000  -2.423045   0.374480  -2.048565 
    67100.0000  -2.421225   0.378855  -2.042371 
    67200.0000  -2.422549   0.378242  -2.044307 
    67300.0000  -2.429745   0.379911  -2.049834 
    67400.0000  -2.424289   0.370786  -2.053503 
    67500.0000  -2.422961   0.367157  -2.055805 
    67600.0000  -2.434355   0.370843  -2.063512 
    67700.0000  -2.429618   0.374252  -2.055366 
    67800.0000  -2.434534   0.370855  -2.063680 
    67900.0000  -2.440330   0.370105  -2.070225 
    68000.0000  -2.432187   0.367746  -2.064441 
    68100.0000  -2.433783   0.371346  -2.062437 
    68200.0000  -2.436742   0.369935  -2.066807 
    68300.0000  -2.436538   0.375786  -2.060753 
    68400.0000  -2.439059   0.372078  -2.066982 
    68500.0000  -2.440123   0.375412  -2.064710 
    68600.0000  -2.436995   0.378012  -2.058983 
    68700.0000  -2.431997   0.373195  -2.058802 
    68800.0000  -2.432300   0.381842  -2.050459 
    68900.0000  -2.428405   0.380484  -2.047921 
    69000.0000  -2.433476   0.369471  -2.064005 
    69100.0000  -2.435600   0.376332  -2.059268 
    69200.0000  -2.438888   0.380850  -2.058038 
    69300.0000  -2.441477   0.376450  -2.065027 
    69400.0000  -2.447201   0.381498  -2.065703 
    69500.0000  -2.446177   0.370746  -2.075431 
    69600.0000  -2.448704   0.373870  -2.074834 
    69700.0000  -2.450122   0.372676  -2.077445 
    69800.0000  -2.443566   0.367832  -2.075734 
    69900.0000  -2.449182   0.374805  -2.074377 
    70000.0000  -2.452142   0.370049  -2.082093 
    70100.0000  -2.447092   0.373398  -2.073694 
    70200.0000  -2.448776   0.384117  -2.064658 
    70300.0000  -2.452363   0.379697  -2.072666 
    70400.0000  -2.452670   0.378552  -2.074118 
    70500.0000  -2.454654   0.373040  -2.081614 
    70600.0000  -2.447711   0.384860  -2.062851 
    70700.0000  -2.454247   0.371379  -2.082868 
    70800.0000  -2.445792   0.378859  -2.066933 
    70900.0000  -2.448441   0.369291  -2.079151 
    71000.0000  -2.448889   0.378736  -2.070154 
    71100.0000  -2.448952   0.385111  -2.063842 
    71200.0000  -2.445834   0.377231  -2.068603 
    71300.0000  -2.443634   0.378371  -2.065263 
    71400.0000  -2.449374   0.371925  -2.077449 
    71500.0000  -2.446250   0.373711  -2.072539 
    71600.0000  -2.451383   0.375724  -2.075659 
    71700.0000  -2.449254   0.372772  -2.076482 
    71800.0000  -2.449683   0.373393  -2.076291 
    71900.0000  -2.452394   0.379732  -2.072661 
    72000.0000  -2.457176   0.375005  -2.082171 
    72100.0000  -2.454820   0.374618  -2.080203 
    72200.0000  -2.456040   0.368683  -2.087358 
    72300.0000  -2.451926   0.384941  -2.066985 
    72400.0000  -2.447601   0.374858  -2.072743 
    72500.0000  -2.449962   0.376172  -2.073790 
    72600.0000  -2.454024   0.382103  -2.071921 
    72700.0000  -2.451138   0.378492  -2.072646 
    72800.0000  -2.450003   0.377446  -2.072556 
    72900.0000  -2.455959   0.374172  -2.081787 
    73000.0000  -2.454699   0.378502  -2.076197 
    73100.0000  -2.451878   0.373739  -2.078139 
    73200.0000  -2.452497   0.378718  -2.073779 
    73300.0000  -2.456768   0.372523  -2.084245 
    73400.0000  -2.458994   0.376775  -2.082219 
    73500.0000  -2.448742   0.374697  -2.074045 
    73600.0000  -2.455894   0.377745  -2.078148 
    73700.0000  -2.447087   0.373891  -2.073196 
    73800.0000  -2.455010   0.375503  -2.079507 
    73900.0000  -2.456874   0.368616  -2.088258 
    74000.0000  -2.452783   0.368186  -2.084597 
    74100.0000  -2.458924   0.380005  -2.078919 
    74200.0000  -2.451025   0.377993  -2.073032 
    74300.0000  -2.458181   0.378999  -2.079182 
    74400.0000  -2.453218   0.373866  -2.079352 
    74500.0000  -2.460241   0.378800  -2.081441 
    74600.0000  -2.453951   0.373710  -2.080241 
    74700.0000  -2.454821   0.376851  -2.077970 
    74800.0000  -2.452605   0.377063  -2.075542 
    74900.0000  -2.458238   0.383319  -2.074919 
    75000.0000  -2.459896   0.375502  -2.084394 
    75100.0000  -2.458370   0.374854  -2.083517 
    75200.0000  -2.454592   0.378869  -2.075723 
    75300.0000  -2.454541   0.373663  -2.080878 
    75400.0000  -2.454054   0.381464  -2.072590 
    75500.0000  -2.459860   0.371804  -2.088056 
    75600.0000  -2.465310   0.374763  -2.090546 
    75700.0000  -2.460022   0.371686  -2.088336 
    75800.0000  -2.457078   0.386280  -2.070798 
    75900.0000  -2.459260   0.371610  -2.087650 
    76000.0000  -2.455890   0.369335  -2.086555 
    76100.0000  -2.459991   0.373591  -2.086399 
    76200.0000  -2.457510   0.379053  -2.078458 
    76300.0000  -2.460181   0.373171  -2.087010 
    76400.0000  -2.462268   0.376008  -2.086260 
    76500.0000  -2.454989   0.377309  -2.077681 
    76600.0000  -2.459200   0.372868  -2.086332 
    76700.0000  -2.458001   0.370572  -2.087429 
    76800.0000  -2.461490   0.380080  -2.081410 
    76900.0000  -2.458204   0.374763  -2.083441 
    77000.0000  -2.457155   0.362813  -2.094341 
    77100.0000  -2.461039   0.378935  -2.082104 
    77200.0000  -2.452463   0.374961  -2.077502 
    77300.0000  -2.454696   0.374099  -2.080597 
    77400.0000  -2.459855   0.374468  -2.085387 
    77500.0000  -2.457273   0.382682  -2.074591 
    77600.0000  -2.458298   0.374216  -2.084082 
    77700.0000  -2.459320   0.386494  -2.072825 
    77800.0000  -2.458586   0.377167  -2.081419 
    77900.0000  -2.457435   0.381019  -2.076417 
    78000.0000  -2.456973   0.375666  -2.081307 
    78100.0000  -2.459278   0.366084  -2.093194 
    78200.0000  -2.455168   0.382380  -2.072789 
    78300.0000  -2.451856   0.372198  -2.079659 
    78400.0000  -2.455580   0.377219  -2.078362 
    78500.0000  -2.454365   0.372736  -2.081628 
    78600.0000  -2.451278   0.374151  -2.077127 
    78700.0000  -2.453494   0.372952  -2.080542 
    78800.0000  -2.454218   0.371538  -2.082681 
    78900.0000  -2.445752   0.372459  -2.073292 
    79000.0000  -2.452035   0.370428  -2.081607 
    79100.0000  -2.456812   0.380346  -2.076467 
    79200.0000  -2.454254   0.375568  -2.078686 
    79300.0000  -2.454876   0.385848  -2.069028 
    79400.0000  -2.451239   0.367192  -2.084048 
    79500.0000  -2.452278   0.376485  -2.075794 
    79600.0000  -2.453957   0.368774  -2.085183 
    79700.0000  -2.451554   0.378237  -2.073317 
    79800.0000  -2.456830   0.373837  -2.082993 
    79900.0000  -2.449493   0.377656  -2.071838 
    80000.0000  -2.452266   0.376939  -2.075328 
    80100.0000  -2.454463   0.371010  -2.083453 
    80200.0000  -2.451278   0.376658  -2.074620 
    80300.0000  -2.452599   0.369139  -2.083461 
    80400.0000  -2.456282   0.371813  -2.084469 
    80500.0000  -2.454390   0.378502  -2.075888 
    80600.0000  -2.451068   0.365349  -2.085720 
    80700.0000  -2.446900   0.378582  -2.068318 
    80800.0000  -2.446010   0.378274  -2.067736 
    80900.0000  -2.449654   0.371506  -2.078148 
    81000.0000  -2.450178   0.373539  -2.076638 
    81100.0000  -2.448922   0.378008  -2.070914 
    81200.0000  -2.450675   0.374228  -2.076447 
    81300.0000  -2.454741   0.374671  -2.080070 
    81400.0000  -2.455313   0.370703  -2.084610 
    81500.0000  -2.458469   0.379662  -2.078807 
    81600.0000  -2.456243   0.378930  -2.077313 
    81700.0000  -2.459539   0.374969  -2.084569 
    81800.0000  -2.457694   0.375105  -2.082590 
    81900.0000  -2.460799   0.374505  -2.086293 
    82000.0000  -2.454553   0.371047  -2.083506 
    82100.0000  -2.459264   0.378175  -2.081089 
    82200.0000  -2.461129   0.374167  -2.086962 
    82300.0000  -2.449699   0.384150  -2.065548 
    82400.0000  -2.452912   0.371835  -2.081077 
    82500.0000  -2.450123   0.372973  -2.077150 
    82600.0000  -2.457086   0.376012  -2.081074 
    82700.0000  -2.454353   0.378063  -2.076290 
    82800.0000  -2.454242   0.371563  -2.082679 
    82900.0000  -2.454166   0.378538  -2.075628 
    83000.0000  -2.451542   0.376560  -2.074982 
    83100.0000  -2.457223   0.381306  -2.075917 
    83200.0000  -2.446949   0.375475  -2.071474 
    83300.0000  -2.455165   0.373597  -2.081569 
    83400.0000  -2.453388   0.378308  -2.075080 
    83500.0000  -2.453129   0.377776  -2.075354 
    83600.0000  -2.457714   0.373151  -2.084563 
    83700.0000  -2.460399   0.368580  -2.091819 
    83800.0000  -2.457966   0.381908  -2.076058 
    83900.0000  -2.461424   0.362266  -2.099158 
    84000.0000  -2.468145   0.377230  -2.090915 
    84100.0000  -2.465157   0.377477  -2.087680 
    84200.0000  -2.463690   0.380007  -2.083683 
    84300.0000  -2.465088   0.370140  -2.094948 
    84400.0000  -2.460999   0.371805  -2.089193 
    84500.0000  -2.459799   0.380267  -2.079532 
    84600.0000  -2.462036   0.368462  -2.093575 
    84700.0000  -2.461783   0.376417  -2.085366 
    84800.0000  -2.463262   0.373419  -2.089843 
    84900.0000  -2.464176   0.375936  -2.088240 
    85000.0000  -2.460037   0.381960  -2.078078 
    85100.0000  -2.465222   0.372353  -2.092869 
    85200.0000  -2.470764   0.381157  -2.089607 
    85300.0000  -2.468573   0.380033  -2.088540 
    85400.0000  -2.468143   0.372451  -2.095692 
    85500.0000  -2.468510   0.377365  -2.091145 
    85600.0000  -2.474657   0.368637  -2.106020 
    85700.0000  -2.470087   0.368813  -2.101275 
    85800.0000  -2.472232   0.373939  -2.098293 
    85900.0000  -2.472086   0.374198  -2.097887 
    86000.0000  -2.471942   0.379412  -2.092530 
    86100.0000  -2.479085   0.374135  -2.104950 
    86200.0000  -2.475725   0.374908  -2.100817 
    86300.0000  -2.469032   0.376553  -2.092479 
    86400.0000  -2.469787   0.370158  -2.099629 
    86500.0000  -2.471772   0.375637  -2.096135 
    86600.0000  -2.476438   0.379274  -2.097164 
    86700.0000  -2.482388   0.380097  -2.102290 
    86800.0000  -2.486641   0.372092  -2.114549 
    86900.0000  -2.483248   0.370530  -2.112718 
    87000.0000  -2.480981   0.378413  -2.102568 
    87100.0000  -2.485430   0.378667  -2.106763 
    87200.0000  -2.472381   0.387613  -2.084768 
    87300.0000  -2.481313   0.369170  -2.112143 
    87400.0000  -2.484536   0.369633  -2.114902 
    87500.0000  -2.478354   0.370608  -2.107746 
    87600.0000  -2.480068   0.381140  -2.098929 
    87700.0000  -2.484041   0.376857  -2.107184 
    87800.0000  -2.480441   0.373054  -2.107387 
    87900.0000  -2.493011   0.376584  -2.116427 
    88000.0000  -2.484282   0.378649  -2.105633 
    88100.0000  -2.481194   0.376420  -2.104774 
    88200.0000  -2.491082   0.383091  -2.107991 
    88300.0000  -2.484423   0.374031  -2.110392 
    88400.0000  -2.490166   0.376290  -2.113876 
    88500.0000  -2.491843   0.373382  -2.118461 
    88600.0000  -2.487239   0.372706  -2.114533 
    88700.0000  -2.489891   0.374185  -2.115706 
    88800.0000  -2.485750   0.382601  -2.103149 
    88900.0000  -2.495894   0.375768  -2.120127 
    89000.0000  -2.489831   0.370102  -2.119730 
    89100.0000  -2.494616   0.374419  -2.120197 
    89200.0000  -2.485636   0.368507  -2.117130 
    89300.0000  -2.498829   0.378844  -2.119985 
    89400.0000  -2.491231   0.359778  -2.131453 
    89500.0000  -2.489675   0.380389  -2.109286 
    89600.0000  -2.491869   0.372196  -2.119673 
    89700.0000  -2.491955   0.376294  -2.115661 
    89800.0000  -2.496689   0.381919  -2.114769 
    89900.0000  -2.490594   0.372053  -2.118540 
    90000.0000  -2.490069   0.373038  -2.117031 
    90100.0000  -2.494778   0.374121  -2.120657 
    90200.0000  -2.501085   0.369583  -2.131502 
    90300.0000  -2.497951   0.374717  -2.123234 
    90400.0000  -2.497194   0.379011  -2.118183 
    90500.0000  -2.495128   0.379089  -2.116040 
    90600.0000  -2.495709   0.376555  -2.119153 
    90700.0000  -2.496172   0.368778  -2.127394 
    90800.0000  -2.499156   0.377191  -2.121965 
    90900.0000  -2.498216   0.380906  -2.117310 
    91000.0000  -2.502324   0.373338  -2.128986 
    91100.0000  -2.500672   0.372389  -2.128283 
    91200.0000  -2.499239   0.377557  -2.121681 
    91300.0000  -2.504814   0.367886  -2.136928 
    91400.0000  -2.500974   0.376474  -2.124501 
    91500.0000  -2.500675   0.380032  -2.120643 
    91600.0000  -2.497365   0.378771  -2.118594 
    91700.0000  -2.503499   0.372647  -2.130852 
    91800.0000  -2.500510   0.377958  -2.122552 
    91900.0000  -2.498847   0.372772  -2.126075 
    92000.0000  -2.504733   0.371322  -2.133411 
    92100.0000  -2.497543   0.380150  -2.117393 
    92200.0000  -2.503296   0.381003  -2.122293 
    92300.0000  -2.494265   0.374408  -2.119856 
    92400.0000  -2.505503   0.379164  -2.126339 
    92500.0000  -2.505490   0.372139  -2.133351 
    92600.0000  -2.506048   0.372276  -2.133772 
    92700.0000  -2.506838   0.367049  -2.139789 
    92800.0000  -2.505835   0.373401  -2.132434 
    92900.0000  -2.507498   0.382405  -2.125092 
    93000.0000  -2.503512   0.373043  -2.130469 
    93100.0000  -2.501552   0.368416  -2.133136 
    93200.0000  -2.501089   0.377175  -2.123914 
    93300.0000  -2.505708   0.382676  -2.123032 
    93400.0000  -2.499691   0.369016  -2.130675 
    93500.0000  -2.495584   0.373721  -2.121862 
    93600.0000  -2.496809   0.371984  -2.124825 
    93700.0000  -2.497995   0.369980  -2.128015 
    93800.0000  -2.486969   0.381148  -2.105821 
    93900.0000  -2.503145   0.378085  -2.125060 
    94000.0000  -2.498493   0.373360  -2.125133 
    94100.0000  -2.492463   0.375140  -2.117323 
    94200.0000  -2.489626   0.380512  -2.109115 
    94300.0000  -2.498532   0.379798  -2.118733 
    94400.0000  -2.501641   0.374675  -2.126966 
    94500.0000  -2.495614   0.373213  -2.122401 
    94600.0000  -2.499294   0.373574  -2.125721 
    94700.0000  -2.499894   0.371442  -2.128453 
    94800.0000  -2.498309   0.369234  -2.129075 
    94900.0000  -2.497214   0.376404  -2.120810 
    95000.0000  -2.497603   0.379157  -2.118447 
    95100.0000  -2.499121   0.382007  -2.117114 
    95200.0000  -2.497315   0.372258  -2.125056 
    95300.0000  -2.491841   0.378412  -2.113428 
    95400.0000  -2.496539   0.366543  -2.129996 
    95500.0000  -2.487364   0.381415  -2.105949 
    95600.0000  -2.497306   0.371644  -2.125662 
    95700.0000  -2.495089   0.372484  -2.122604 
    95800.0000  -2.497056   0.369146  -2.127910 
    95900.0000  -2.501901   0.377013  -2.124887 
    96000.0000  -2.500851   0.377705  -2.123146 
    96100.0000  -2.503590   0.367205  -2.136386 
    96200.0000  -2.503065   0.369006  -2.134058 
    96300.0000  -2.498157   0.369429  -2.128728 
    96400.0000  -2.498168   0.378906  -2.119262 
    96500.0000  -2.506037   0.364307  -2.141730 
    96600.0000  -2.509884   0.376456  -2.133428 
    96700.0000  -2.510814   0.370244  -2.140570 
    96800.0000  -2.503987   0.379878  -2.124109 
    96900.0000  -2.505518   0.380511  -2.125007 
    97000.0000  -2.501825   0.378208  -2.123618 
    97100.0000  -2.504413   0.374944  -2.129469 
    97200.0000  -2.504367   0.376139  -2.128228 
    97300.0000  -2.503402   0.378845  -2.124557 
    97400.0000  -2.502302   0.378667  -2.123635 
    97500.0000  -2.500136   0.380853  -2.119283 
    97600.0000  -2.502453   0.378040  -2.124412 
    97700.0000  -2.502138   0.382749  -2.119389 
    97800.0000  -2.502668   0.372642  -2.130027 
    97900.0000  -2.503418   0.373630  -2.129787 
    98000.0000  -2.502232   0.374401  -2.127831 
    98100.0000  -2.500827   0.373158  -2.127670 
    98200.0000  -2.507687   0.379647  -2.128040 
    98300.0000  -2.496739   0.365266  -2.131473 
    98400.0000  -2.503675   0.367370  -2.136305 
    98500.0000  -2.497896   0.379622  -2.118274 
    98600.0000  -2.504926   0.376276  -2.128650 
    98700.0000  -2.497876   0.374083  -2.123793 
    98800.0000  -2.502484   0.370611  -2.131873 
    98900.0000  -2.505063   0.372634  -2.132429 
    99000.0000  -2.501868   0.368963  -2.132905 
    99100.0000  -2.506647   0.369807  -2.136839 
    99200.0000  -2.505637   0.376912  -2.128725 
    99300.0000  -2.508408   0.373300  -2.135107 
    99400.0000  -2.507105   0.373409  -2.133697 
    99500.0000  -2.500402   0.368087  -2.132314 
    99600.0000  -2.507369   0.366651  -2.140719 
    99700.0000  -2.505166   0.370100  -2.135065 
    99800.0000  -2.505722   0.380581  -2.125141 
    99900.0000  -2.506279   0.375662  -2.130618 
   100000.0000  -2.511249   0.376065  -2.135184 
   100100.0000  -2.506317   0.384357  -2.121960 
   100200.0000  -2.507063   0.374800  -2.132264 
   100300.0000  -2.507680   0.373039  -2.134641 
   100400.0000  -2.512658   0.373127  -2.139531 
   100500.0000  -2.511719   0.375400  -2.136319 
   100600.0000  -2.508743   0.373255  -2.135488 
   100700.0000  -2.507881   0.373929  -2.133952 
   100800.0000  -2.507588   0.379756  -2.127833 
   100900.0000  -2.506628   0.383967  -2.122661 
   101000.0000  -2.507818   0.374206  -2.133611 
   101100.0000  -2.505955   0.380931  -2.125024 
   101200.0000  -2.513687   0.380877  -2.132810 
   101300.0000  -2.508727   0.381456  -2.127271 
   101400.0000  -2.508563   0.373415  -2.135148 
   101500.0000  -2.507045   0.380095  -2.126950 
   101600.0000  -2.505942   0.371187  -2.134755 
   101700.0000  -2.503904   0.370340  -2.133565 
   101800.0000  -2.507563   0.384458  -2.123106 
   101900.0000  -2.510413   0.379100  -2.131313 
   102000.0000  -2.506784   0.383237  -2.123547 
   102100.0000  -2.511087   0.374754  -2.136334 
   102200.0000  -2.510956   0.381604  -2.129352 
   102300.0000  -2.517382   0.370247  -2.147135 
   102400.0000  -2.515863   0.380644  -2.135219 
   102500.0000  -2.511580   0.384216  -2.127364 
   102600.0000  -2.509984   0.381846  -2.128138 
   102700.0000  -2.510195   0.373344  -2.136851 
   102800.0000  -2.511822   0.384964  -2.126858 
   102900.0000  -2.514912   0.374700  -2.140211 
   103000.0000  -2.519666   0.374655  -2.145011 
   103100.0000  -2.517695   0.375034  -2.142661 
   103200.0000  -2.517909   0.373734  -2.144175 
   103300.0000  -2.518491   0.373792  -2.144699 
   103400.0000  -2.517013   0.383473  -2.133540 
   103500.0000  -2.516019   0.368915  -2.147104 
   103600.0000  -2.510525   0.378347  -2.132178 
   103700.0000  -2.513966   0.376225  -2.137741 
   103800.0000  -2.518430   0.368826  -2.149604 
   103900.0000  -2.511456   0.375620  -2.135835 
   104000.0000  -2.515201   0.372003  -2.143198 
   104100.0000  -2.511938   0.382697  -2.129241 
   104200.0000  -2.513858   0.376770  -2.137087 
   104300.0000  -2.508131   0.376852  -2.131279 
   104400.0000  -2.509706   0.379166  -2.130540 
   104500.0000  -2.510839   0.374314  -2.136525 
   104600.0000  -2.516195   0.375518  -2.140677 
   104700.0000  -2.521921   0.369646  -2.152275 
   104800.0000  -2.514264   0.381182  -2.133082 
   104900.0000  -2.517867   0.365460  -2.152407 
   105000.0000  -2.524535   0.385832  -2.138703 
   105100.0000  -2.522002   0.380631  -2.141371 
   105200.0000  -2.523854   0.371343  -2.152511 
   105300.0000  -2.520662   0.378058  -2.142605 
   105400.0000  -2.511311   0.373158  -2.138153 
   105500.0000  -2.517837   0.368126  -2.149711 
   105600.0000  -2.513587   0.370790  -2.142797 
   105700.0000  -2.516365   0.365940  -2.150425 
   105800.0000  -2.516270   0.378791  -2.137479 
   105900.0000  -2.517163   0.374868  -2.142295 
   106000.0000  -2.515842   0.381137  -2.134706 
   106100.0000  -2.518301   0.371749  -2.146552 
   106200.0000  -2.520233   0.377939  -2.142295 
   106300.0000  -2.514379   0.375262  -2.139117 
   106400.0000  -2.515247   0.379606  -2.135642 
   106500.0000  -2.515993   0.377940  -2.138053 
   106600.0000  -2.522470   0.372535  -2.149934 
   106700.0000  -2.520134   0.368927  -2.151207 
   106800.0000  -2.519967   0.379088  -2.140879 
   106900.0000  -2.519668   0.368661  -2.151007 
   107000.0000  -2.521233   0.375793  -2.145440 
   107100.0000  -2.522009   0.375582  -2.146427 
   107200.0000  -2.515193   0.375891  -2.139302 
   107300.0000  -2.519639   0.376171  -2.143468 
   107400.0000  -2.521389   0.381948  -2.139441 
   107500.0000  -2.514737   0.378638  -2.136098 
   107600.0000  -2.523163   0.373357  -2.149806 
   107700.0000  -2.525589   0.379416  -2.146172 
   107800.0000  -2.533159   0.379429  -2.153730 
   107900.0000  -2.525880   0.373678  -2.152202 
   108000.0000  -2.533626   0.372764  -2.160862 
   108100.0000  -2.533726   0.380577  -2.153149 
   108200.0000  -2.530571   0.381643  -2.148928 
   108300.0000  -2.531585   0.371722  -2.159863 
   108400.0000  -2.536993   0.381792  -2.155201 
   108500.0000  -2.538988   0.375518  -2.163470 
   108600.0000  -2.538854   0.373481  -2.165372 
   108700.0000  -2.535507   0.363809  -2.171698 
   108800.0000  -2.538524   0.376515  -2.162008 
   108900.0000  -2.537664   0.371041  -2.166623 
   109000.0000  -2.540001   0.378741  -2.161260 
   109100.0000  -2.541231   0.376632  -2.164599 
   109200.0000  -2.539351   0.386900  -2.152451 
   109300.0000  -2.535069   0.374476  -2.160593 
   109400.0000  -2.532855   0.378403  -2.154452 
   109500.0000  -2.536572   0.380495  -2.156077 
   109600.0000  -2.539269   0.375202  -2.164067 
   109700.0000  -2.532749   0.374806  -2.157944 
   109800.0000  -2.543133   0.368245  -2.174888 
   109900.0000  -2.534929   0.371816  -2.163112 
   110000.0000  -2.534577   0.377313  -2.157264 
   110100.0000  -2.535857   0.376019  -2.159837 
   110200.0000  -2.536741   0.369105  -2.167635 
   110300.0000  -2.539424   0.373716  -2.165708 
   110400.0000  -2.532050   0.377210  -2.154840 
   110500.0000  -2.531781   0.369283  -2.162498 
   110600.0000  -2.537575   0.377011  -2.160564 
   110700.0000  -2.539760   0.382020  -2.157741 
   110800.0000  -2.540608   0.381387  -2.159221 
   110900.0000  -2.538411   0.372267  -2.166145 
   111000.0000  -2.538227   0.372804  -2.165423 
   111100.0000  -2.533349   0.373328  -2.160021 
   111200.0000  -2.536125   0.377677  -2.158449 
   111300.0000  -2.532750   0.372393  -2.160357 
   111400.0000  -2.540237   0.384547  -2.155690 
   111500.0000  -2.538204   0.378520  -2.159685 
   111600.0000  -2.538335   0.373338  -2.164997 
   111700.0000  -2.535517   0.369342  -2.166175 
   111800.0000  -2.538032   0.371535  -2.166497 
   111900.0000  -2.541336   0.377417  -2.163919 
   112000.0000  -2.534459   0.377081  -2.157378 
   112100.0000  -2.536464   0.376468  -2.159996 
   112200.0000  -2.536871   0.383643  -2.153228 
   112300.0000  -2.536848   0.374954  -2.161893 
   112400.0000  -2.540537   0.376751  -2.163786 
   112500.0000  -2.532981   0.382815  -2.150166 
   112600.0000  -2.535519   0.373184  -2.162335 
   112700.0000  -2.536089   0.373474  -2.162616 
   112800.0000  -2.532214   0.377100  -2.155114 
   112900.0000  -2.535201   0.383843  -2.151359 
   113000.0000  -2.530849   0.377311  -2.153538 
   113100.0000  -2.537102   0.380932  -2.156171 
   113200.0000  -2.537460   0.371146  -2.166315 
   113300.0000  -2.535322   0.378184  -2.157138 
   113400.0000  -2.534635   0.371086  -2.163549 
   113500.0000  -2.536739   0.380402  -2.156337 
   113600.0000  -2.535812   0.377625  -2.158187 
   113700.0000  -2.532727   0.379687  -2.153041 
   113800.0000  -2.534267   0.367181  -2.167086 
   113900.0000  -2.538787   0.365043  -2.173744 
   114000.0000  -2.532994   0.380083  -2.152911 
   114100.0000  -2.530329   0.378697  -2.151632 
   114200.0000  -2.534175   0.368811  -2.165364 
   114300.0000  -2.533642   0.374992  -2.158650 
   114400.0000  -2.539777   0.376492  -2.163285 
   114500.0000  -2.536657   0.370095  -2.166561 
   114600.0000  -2.532738   0.370799  -2.161938 
   114700.0000  -2.537591   0.371965  -2.165625 
   114800.0000  -2.533423   0.376849  -2.156573 
   114900.0000  -2.532726   0.370894  -2.161832 
   115000.0000  -2.532519   0.367413  -2.165106 
   115100.0000  -2.528083   0.376045  -2.152038 
   115200.0000  -2.532023   0.379325  -2.152698 
   115300.0000  -2.532671   0.375409  -2.157262 
   115400.0000  -2.530542   0.382936  -2.147606 
   115500.0000  -2.527653   0.379853  -2.147801 
   115600.0000  -2.531754   0.380334  -2.151420 
   115700.0000  -2.531413   0.378959  -2.152454 
   115800.0000  -2.532691   0.377577  -2.155114 
   115900.0000  -2.531639   0.368772  -2.162866 
   116000.0000  -2.530429   0.372803  -2.157626 
   116100.0000  -2.532574   0.377105  -2.155470 
   116200.0000  -2.533404   0.364932  -2.168472 
   116300.0000  -2.526575   0.385313  -2.141263 
   116400.0000  -2.539496   0.390075  -2.149422 
   116500.0000  -2.533577   0.375660  -2.157917 
   116600.0000  -2.534699   0.368732  -2.165967 
   116700.0000  -2.539813   0.379639  -2.160174 
   116800.0000  -2.535164   0.373554  -2.161611 
   116900.0000  -2.537349   0.369214  -2.168136 
   117000.0000  -2.533830   0.371774  -2.162056 
   117100.0000  -2.535269   0.369782  -2.165487 
   117200.0000  -2.530170   0.375737  -2.154433 
   117300.0000  -2.533553   0.379763  -2.153789 
   117400.0000  -2.532951   0.372001  -2.160950 
   117500.0000  -2.532092   0.379121  -2.152972 
   117600.0000  -2.537813   0.375697  -2.162116 
   117700.0000  -2.538020   0.365695  -2.172325 
   117800.0000  -2.529355   0.372164  -2.157192 
   117900.0000  -2.529432   0.366489  -2.162943 
   118000.0000  -2.534454   0.378370  -2.156085 
   118100.0000  -2.534930   0.384897  -2.150033 
   118200.0000  -2.534817   0.377026  -2.157791 
   118300.0000  -2.532020   0.372215  -2.159805 
   118400.0000  -2.526630   0.371910  -2.154719 
   118500.0000  -2.526619   0.368515  -2.158104 
   118600.0000  -2.537362   0.368993  -2.168370 
   118700.0000  -2.532039   0.373376  -2.158664 
   118800.0000  -2.536703   0.371758  -2.164945 
   118900.0000  -2.539559   0.386546  -2.153013 
   119000.0000  -2.533287   0.371979  -2.161307 
   119100.0000  -2.539400   0.366086  -2.173314 
   119200.0000  -2.535818   0.377161  -2.158657 
   119300.0000  -2.537656   0.370240  -2.167416 
   119400.0000  -2.540664   0.376374  -2.164290 
   119500.0000  -2.536003   0.372370  -2.163633 
   119600.0000  -2.536268   0.376890  -2.159379 
   119700.0000  -2.549627   0.372487  -2.177140 
   119800.0000  -2.545833   0.371802  -2.174031 
   119900.0000  -2.543715   0.384254  -2.159462 
   120000.0000  -2.545511   0.370542  -2.174970 
   120100.0000  -2.541695   0.371573  -2.170122 
   120200.0000  -2.542324   0.377846  -2.164478 
   120300.0000  -2.549178   0.378149  -2.171029 
   120400.0000  -2.551581   0.367040  -2.184542 
   120500.0000  -2.543343   0.372671  -2.170671 
   120600.0000  -2.549230   0.376520  -2.172710 
   120700.0000  -2.548343   0.378814  -2.169528 
   120800.0000  -2.548202   0.372263  -2.175939 
   120900.0000  -2.545339   0.373210  -2.172129 
   121000.0000  -2.544589   0.384444  -2.160145 
   121100.0000  -2.545633   0.371763  -2.173869 
   121200.0000  -2.544271   0.372132  -2.172140 
   121300.0000  -2.537904   0.375287  -2.162617 
