        0.0000   1.167166   0.382275   1.549441 
      100.0000  -0.142878   0.381494   0.238615 
      200.0000  -0.254687   0.379052   0.124365 
      300.0000  -0.332816   0.374158   0.041342 
      400.0000  -0.394084   0.378826  -0.015258 
      500.0000  -0.438040   0.381269  -0.056771 
      600.0000  -0.473154   0.382009  -0.091145 
      700.0000  -0.477529   0.383533  -0.093995 
      800.0000  -0.491699   0.382988  -0.108711 
      900.0000  -0.507117   0.380009  -0.127108 
     1000.0000  -0.510565   0.382890  -0.127676 
     1100.0000  -0.531742   0.382425  -0.149317 
     1200.0000  -0.546008   0.371613  -0.174395 
     1300.0000  -0.577988   0.385622  -0.192366 
     1400.0000  -0.587992   0.394304  -0.193688 
     1500.0000  -0.587553   0.386359  -0.201195 
     1600.0000  -0.595050   0.386604  -0.208446 
     1700.0000  -0.590328   0.378956  -0.211372 
     1800.0000  -0.602639   0.378551  -0.224088 
     1900.0000  -0.599934   0.381962  -0.217972 
     2000.0000  -0.603341   0.374849  -0.228492 
     2100.0000  -0.603941   0.375746  -0.228195 
     2200.0000  -0.599257   0.381467  -0.217789 
     2300.0000  -0.609182   0.380987  -0.228195 
     2400.0000  -0.620433   0.380277  -0.240156 
     2500.0000  -0.634436   0.383559  -0.250876 
     2600.0000  -0.627630   0.382937  -0.244693 
     2700.0000  -0.658193   0.385224  -0.272970 
     2800.0000  -0.649499   0.375736  -0.273763 
     2900.0000  -0.642547   0.381155  -0.261393 
     3000.0000  -0.632746   0.376081  -0.256665 
     3100.0000  -0.621628   0.381971  -0.239657 
     3200.0000  -0.620307   0.386303  -0.234004 
     3300.0000  -0.637286   0.383299  -0.253987 
     3400.0000  -0.637464   0.378379  -0.259084 
     3500.0000  -0.640415   0.385710  -0.254705 
     3600.0000  -0.639093   0.380322  -0.258772 
     3700.0000  -0.627135   0.385835  -0.241300 
     3800.0000  -0.627234   0.376313  -0.250921 
     3900.0000  -0.630137   0.383022  -0.247115 
     4000.0000  -0.645112   0.382326  -0.262786 
     4100.0000  -0.641524   0.378518  -0.263005 
     4200.0000  -0.645091   0.369379  -0.275711 
     4300.0000  -0.633671   0.383974  -0.249697 
     4400.0000  -0.640851   0.386362  -0.254489 
     4500.0000  -0.656027   0.384668  -0.271359 
     4600.0000  -0.639378   0.374641  -0.264737 
     4700.0000  -0.617820   0.390740  -0.227079 
     4800.0000  -0.619399   0.388063  -0.231336 
     4900.0000  -0.625260   0.383777  -0.241483 
     5000.0000  -0.627562   0.375057  -0.252505 
     5100.0000  -0.614866   0.377242  -0.237624 
     5200.0000  -0.622903   0.384643  -0.238260 
     5300.0000  -0.617532   0.390580  -0.226951 
     5400.0000  -0.638390   0.379955  -0.258435 
     5500.0000  -0.649818   0.377561  -0.272257 
     5600.0000  -0.649533   0.383344  -0.266190 
     5700.0000  -0.643785   0.381829  -0.261956 
     5800.0000  -0.628438   0.382643  -0.245795 
     5900.0000  -0.622299   0.371655  -0.250644 
     6000.0000  -0.607164   0.376747  -0.230417 
     6100.0000  -0.615287   0.380436  -0.234851 
     6200.0000  -0.621554   0.381994  -0.239559 
     6300.0000  -0.610335   0.379727  -0.230608 
     6400.0000  -0.601560   0.380897  -0.220663 
     6500.0000  -0.592279   0.377200  -0.215079 
     6600.0000  -0.595911   0.379832  -0.216079 
     6700.0000  -0.604692   0.381369  -0.223324 
     6800.0000  -0.618764   0.385051  -0.233714 
     6900.0000  -0.612718   0.387050  -0.225668 
     7000.0000  -0.607203   0.378081  -0.229122 
     7100.0000  -0.622160   0.373097  -0.249063 
     7200.0000  -0.605749   0.387154  -0.218596 
     7300.0000  -0.618789   0.387508  -0.231281 
     7400.0000  -0.614517   0.387082  -0.227435 
     7500.0000  -0.589921   0.388320  -0.201601 
     7600.0000  -0.628333   0.380096  -0.248237 
     7700.0000  -0.636026   0.370133  -0.265893 
     7800.0000  -0.640613   0.377287  -0.263327 
     7900.0000  -0.642346   0.383073  -0.259273 
     8000.0000  -0.619178   0.381485  -0.237694 
     8100.0000  -0.619802   0.378337  -0.241465 
     8200.0000  -0.620926   0.382908  -0.238018 
     8300.0000  -0.626308   0.384890  -0.241418 
     8400.0000  -0.623298   0.370564  -0.252734 
     8500.0000  -0.619770   0.378795  -0.240976 
     8600.0000  -0.628584   0.384246  -0.244338 
     8700.0000  -0.617769   0.377487  -0.240282 
     8800.0000  -0.617431   0.385791  -0.231640 
     8900.0000  -0.601053   0.378955  -0.222098 
     9000.0000  -0.609591   0.381172  -0.228420 
     9100.0000  -0.624884   0.381889  -0.242995 
     9200.0000  -0.621478   0.384320  -0.237158 
     9300.0000  -0.613656   0.382480  -0.231176 
     9400.0000  -0.609556   0.382757  -0.226799 
     9500.0000  -0.592655   0.379397  -0.213258 
     9600.0000  -0.596825   0.389302  -0.207523 
     9700.0000  -0.587826   0.383350  -0.204476 
     9800.0000  -0.604886   0.386003  -0.218882 
     9900.0000  -0.598567   0.395027  -0.203540 
    10000.0000  -0.605506   0.373695  -0.231811 
    10100.0000  -0.603644   0.373905  -0.229739 
    10200.0000  -0.647215   0.384411  -0.262804 
    10300.0000  -0.657417   0.384492  -0.272925 
    10400.0000  -0.664105   0.377915  -0.286191 
    10500.0000  -0.645574   0.380803  -0.264771 
    10600.0000  -0.649620   0.385276  -0.264345 
    10700.0000  -0.632676   0.381499  -0.251178 
    10800.0000  -0.622035   0.380891  -0.241144 
    10900.0000  -0.630347   0.374695  -0.255653 
    11000.0000  -0.623800   0.377204  -0.246596 
    11100.0000  -0.635981   0.378430  -0.257551 
    11200.0000  -0.654327   0.374350  -0.279976 
    11300.0000  -0.644681   0.386060  -0.258621 
    11400.0000  -0.637801   0.387368  -0.250432 
    11500.0000  -0.649769   0.378512  -0.271257 
    11600.0000  -0.655645   0.385307  -0.270338 
    11700.0000  -0.644587   0.380744  -0.263843 
    11800.0000  -0.654244   0.383701  -0.270543 
    11900.0000  -0.651693   0.380686  -0.271007 
    12000.0000  -0.637360   0.384759  -0.252602 
    12100.0000  -0.641654   0.381437  -0.260217 
    12200.0000  -0.616224   0.389232  -0.226992 
    12300.0000  -0.591587   0.379393  -0.212194 
    12400.0000  -0.608268   0.387385  -0.220883 
    12500.0000  -0.598414   0.381720  -0.216694 
    12600.0000  -0.604935   0.381683  -0.223253 
    12700.0000  -0.631851   0.381523  -0.250328 
    12800.0000  -0.639307   0.383587  -0.255720 
    12900.0000  -0.619085   0.389204  -0.229881 
    13000.0000  -0.624891   0.392285  -0.232606 
    13100.0000  -0.619598   0.387995  -0.231603 
    13200.0000  -0.620134   0.387472  -0.232662 
    13300.0000  -0.610214   0.386746  -0.223468 
    13400.0000  -0.615433   0.382216  -0.233217 
    13500.0000  -0.608420   0.380100  -0.228320 
    13600.0000  -0.612288   0.387429  -0.224858 
    13700.0000  -0.622863   0.384541  -0.238322 
    13800.0000  -0.637011   0.382059  -0.254952 
    13900.0000  -0.649642   0.371527  -0.278116 
    14000.0000  -0.641233   0.380340  -0.260894 
    14100.0000  -0.646647   0.381005  -0.265642 
    14200.0000  -0.640691   0.380828  -0.259864 
    14300.0000  -0.634018   0.377505  -0.256513 
    14400.0000  -0.633178   0.381802  -0.251375 
    14500.0000  -0.626925   0.385270  -0.241655 
    14600.0000  -0.641383   0.382831  -0.258552 
    14700.0000  -0.641696   0.386066  -0.255629 
    14800.0000  -0.639466   0.376463  -0.263003 
    14900.0000  -0.642699   0.379454  -0.263244 
    15000.0000  -0.642427   0.380136  -0.262291 
    15100.0000  -0.628831   0.376692  -0.252139 
    15200.0000  -0.625954   0.370657  -0.255297 
    15300.0000  -0.638086   0.373260  -0.264826 
    15400.0000  -0.623653   0.381549  -0.242104 
    15500.0000  -0.627032   0.373379  -0.253653 
    15600.0000  -0.632680   0.385721  -0.246959 
    15700.0000  -0.631434   0.383774  -0.247660 
    15800.0000  -0.649603   0.372514  -0.277089 
    15900.0000  -0.647238   0.373745  -0.273493 
    16000.0000  -0.633501   0.376872  -0.256629 
    16100.0000  -0.628785   0.387902  -0.240883 
    16200.0000  -0.616879   0.378499  -0.238380 
    16300.0000  -0.627830   0.373578  -0.254253 
    16400.0000  -0.633451   0.382081  -0.251370 
    16500.0000  -0.631179   0.382996  -0.248184 
    16600.0000  -0.646432   0.371574  -0.274857 
    16700.0000  -0.636397   0.381709  -0.254688 
    16800.0000  -0.620690   0.375328  -0.245362 
    16900.0000  -0.618135   0.379085  -0.239049 
    17000.0000  -0.618765   0.382007  -0.236757 
    17100.0000  -0.614919   0.387921  -0.226998 
    17200.0000  -0.620751   0.376492  -0.244259 
    17300.0000  -0.612415   0.382743  -0.229672 
    17400.0000  -0.624577   0.387314  -0.237263 
    17500.0000  -0.627251   0.375790  -0.251461 
    17600.0000  -0.625749   0.378488  -0.247261 
    17700.0000  -0.628467   0.383190  -0.245277 
    17800.0000  -0.616779   0.379326  -0.237453 
    17900.0000  -0.629720   0.380922  -0.248799 
    18000.0000  -0.631805   0.377742  -0.254062 
    18100.0000  -0.629092   0.378727  -0.250365 
    18200.0000  -0.614648   0.385277  -0.229371 
    18300.0000  -0.595400   0.377893  -0.217507 
    18400.0000  -0.593427   0.381303  -0.212124 
    18500.0000  -0.607208   0.382685  -0.224523 
    18600.0000  -0.612263   0.382492  -0.229771 
    18700.0000  -0.624307   0.382270  -0.242037 
    18800.0000  -0.650581   0.388005  -0.262577 
    18900.0000  -0.661323   0.377198  -0.284125 
    19000.0000  -0.641094   0.380125  -0.260969 
    19100.0000  -0.641028   0.382376  -0.258652 
    19200.0000  -0.642997   0.382601  -0.260396 
    19300.0000  -0.622503   0.372877  -0.249626 
    19400.0000  -0.638840   0.378997  -0.259842 
    19500.0000  -0.645297   0.379449  -0.265848 
    19600.0000  -0.651579   0.377901  -0.273678 
    19700.0000  -0.667710   0.371089  -0.296621 
    19800.0000  -0.666814   0.378603  -0.288211 
    19900.0000  -0.652174   0.382834  -0.269340 
    20000.0000  -0.652745   0.382956  -0.269789 
    20100.0000  -0.647978   0.380635  -0.267343 
    20200.0000  -0.629701   0.377273  -0.252428 
    20300.0000  -0.637140   0.375448  -0.261692 
    20400.0000  -0.641767   0.380344  -0.261423 
    20500.0000  -0.642782   0.372862  -0.269920 
    20600.0000  -0.636956   0.390658  -0.246298 
    20700.0000  -0.654553   0.382654  -0.271899 
    20800.0000  -0.663172   0.383547  -0.279625 
    20900.0000  -0.666052   0.385302  -0.280750 
    21000.0000  -0.651037   0.388218  -0.262819 
    21100.0000  -0.665583   0.380096  -0.285487 
    21200.0000  -0.659097   0.390207  -0.268890 
    21300.0000  -0.668063   0.372421  -0.295642 
    21400.0000  -0.682929   0.381924  -0.301004 
    21500.0000  -0.682840   0.379662  -0.303177 
    21600.0000  -0.677070   0.382639  -0.294431 
    21700.0000  -0.681479   0.381902  -0.299577 
    21800.0000  -0.676570   0.382572  -0.293998 
    21900.0000  -0.683345   0.383489  -0.299856 
    22000.0000  -0.704521   0.389389  -0.315132 
    22100.0000  -0.674434   0.377634  -0.296801 
    22200.0000  -0.678406   0.373493  -0.304913 
    22300.0000  -0.665320   0.380598  -0.284721 
    22400.0000  -0.676955   0.382741  -0.294213 
    22500.0000  -0.661287   0.381832  -0.279455 
    22600.0000  -0.662029   0.370413  -0.291616 
    22700.0000  -0.669857   0.375287  -0.294570 
    22800.0000  -0.666014   0.376491  -0.289523 
    22900.0000  -0.655419   0.373740  -0.281679 
    23000.0000  -0.655592   0.373618  -0.281974 
    23100.0000  -0.654884   0.388000  -0.266884 
    23200.0000  -0.649332   0.380552  -0.268780 
    23300.0000  -0.653603   0.379848  -0.273755 
    23400.0000  -0.657268   0.380688  -0.276581 
    23500.0000  -0.636954   0.383494  -0.253460 
    23600.0000  -0.651357   0.373741  -0.277615 
    23700.0000  -0.664583   0.388890  -0.275693 
    23800.0000  -0.656120   0.384154  -0.271966 
    23900.0000  -0.670812   0.377857  -0.292954 
    24000.0000  -0.670744   0.385826  -0.284918 
    24100.0000  -0.667536   0.377258  -0.290278 
    24200.0000  -0.665133   0.377614  -0.287519 
    24300.0000  -0.667403   0.379053  -0.288350 
    24400.0000  -0.671850   0.379368  -0.292482 
    24500.0000  -0.679009   0.386700  -0.292309 
    24600.0000  -0.675483   0.381551  -0.293931 
    24700.0000  -0.658625   0.382408  -0.276217 
    24800.0000  -0.654459   0.376843  -0.277616 
    24900.0000  -0.654672   0.382012  -0.272660 
    25000.0000  -0.650934   0.380675  -0.270259 
    25100.0000  -0.663916   0.382995  -0.280921 
    25200.0000  -0.664915   0.379404  -0.285511 
    25300.0000  -0.668384   0.378407  -0.289978 
    25400.0000  -0.678715   0.376050  -0.302665 
    25500.0000  -0.678922   0.380829  -0.298094 
    25600.0000  -0.679177   0.375261  -0.303916 
    25700.0000  -0.676065   0.382476  -0.293589 
    25800.0000  -0.674342   0.384168  -0.290174 
    25900.0000  -0.662231   0.380828  -0.281404 
    26000.0000  -0.654093   0.384606  -0.269488 
    26100.0000  -0.644238   0.388647  -0.255591 
    26200.0000  -0.659058   0.381512  -0.277546 
    26300.0000  -0.647490   0.389924  -0.257567 
    26400.0000  -0.652037   0.377297  -0.274739 
    26500.0000  -0.661706   0.373534  -0.288172 
    26600.0000  -0.655708   0.380352  -0.275357 
    26700.0000  -0.659563   0.377921  -0.281642 
    26800.0000  -0.665396   0.385099  -0.280297 
    26900.0000  -0.667327   0.382115  -0.285213 
    27000.0000  -0.666308   0.375713  -0.290594 
    27100.0000  -0.668315   0.378715  -0.289600 
    27200.0000  -0.670321   0.378915  -0.291406 
    27300.0000  -0.690208   0.383335  -0.306873 
    27400.0000  -0.662209   0.386806  -0.275403 
    27500.0000  -0.646270   0.379155  -0.267115 
    27600.0000  -0.632309   0.383011  -0.249298 
    27700.0000  -0.636607   0.380224  -0.256383 
    27800.0000  -0.658144   0.388664  -0.269480 
    27900.0000  -0.689558   0.372467  -0.317091 
    28000.0000  -0.690904   0.375678  -0.315227 
    28100.0000  -0.684309   0.383008  -0.301301 
    28200.0000  -0.680724   0.382069  -0.298655 
    28300.0000  -0.678571   0.381146  -0.297425 
    28400.0000  -0.647007   0.382067  -0.264940 
    28500.0000  -0.659560   0.378604  -0.280956 
    28600.0000  -0.653179   0.382666  -0.270513 
    28700.0000  -0.651058   0.387044  -0.264014 
    28800.0000  -0.663073   0.390828  -0.272244 
    28900.0000  -0.680900   0.389654  -0.291246 
    29000.0000  -0.685287   0.393189  -0.292098 
    29100.0000  -0.687936   0.385136  -0.302800 
    29200.0000  -0.686197   0.379195  -0.307002 
    29300.0000  -0.678067   0.385957  -0.292109 
    29400.0000  -0.669144   0.381748  -0.287396 
    29500.0000  -0.646327   0.366647  -0.279680 
    29600.0000  -0.665221   0.372488  -0.292733 
    29700.0000  -0.670529   0.376041  -0.294487 
    29800.0000  -0.672587   0.391940  -0.280647 
    29900.0000  -0.690084   0.379988  -0.310096 
    30000.0000  -0.672051   0.373346  -0.298705 
    30100.0000  -0.659698   0.384561  -0.275137 
    30200.0000  -0.660180   0.382033  -0.278147 
    30300.0000  -0.673330   0.377214  -0.296116 
    30400.0000  -0.664690   0.379478  -0.285212 
    30500.0000  -0.657914   0.384920  -0.272993 
    30600.0000  -0.678190   0.383275  -0.294915 
    30700.0000  -0.671314   0.377335  -0.293979 
    30800.0000  -0.651626   0.376839  -0.274787 
    30900.0000  -0.648419   0.386258  -0.262161 
    31000.0000  -0.663559   0.379933  -0.283626 
    31100.0000  -0.647300   0.380281  -0.267019 
    31200.0000  -0.642550   0.374240  -0.268310 
    31300.0000  -0.649820   0.377826  -0.271993 
    31400.0000  -0.666205   0.379070  -0.287135 
    31500.0000  -0.669077   0.383561  -0.285516 
    31600.0000  -0.682489   0.379149  -0.303340 
    31700.0000  -0.702026   0.381855  -0.320170 
    31800.0000  -0.694670   0.381487  -0.313182 
    31900.0000  -0.677641   0.373408  -0.304233 
    32000.0000  -0.698631   0.382130  -0.316501 
    32100.0000  -0.696810   0.381774  -0.315036 
    32200.0000  -0.713828   0.377259  -0.336568 
    32300.0000  -0.708163   0.376497  -0.331666 
    32400.0000  -0.715119   0.384393  -0.330726 
    32500.0000  -0.714674   0.392193  -0.322480 
    32600.0000  -0.700063   0.385538  -0.314524 
    32700.0000  -0.707041   0.385384  -0.321657 
    32800.0000  -0.692454   0.376966  -0.315488 
    32900.0000  -0.693542   0.378093  -0.315450 
    33000.0000  -0.700920   0.376615  -0.324305 
    33100.0000  -0.718628   0.385100  -0.333528 
    33200.0000  -0.716733   0.379470  -0.337264 
    33300.0000  -0.713147   0.377474  -0.335673 
    33400.0000  -0.708029   0.373076  -0.334953 
    33500.0000  -0.689999   0.368318  -0.321681 
    33600.0000  -0.685798   0.389346  -0.296452 
    33700.0000  -0.666234   0.384814  -0.281420 
    33800.0000  -0.662989   0.381936  -0.281053 
    33900.0000  -0.644311   0.384710  -0.259601 
    34000.0000  -0.638714   0.383674  -0.255039 
    34100.0000  -0.651953   0.380992  -0.270962 
    34200.0000  -0.658466   0.383842  -0.274623 
    34300.0000  -0.663455   0.384583  -0.278872 
    34400.0000  -0.677414   0.376969  -0.300445 
    34500.0000  -0.674889   0.385046  -0.289844 
    34600.0000  -0.683235   0.378754  -0.304482 
    34700.0000  -0.667379   0.381886  -0.285493 
    34800.0000  -0.677145   0.390468  -0.286677 
    34900.0000  -0.683280   0.389245  -0.294035 
    35000.0000  -0.677536   0.383334  -0.294202 
    35100.0000  -0.679970   0.376410  -0.303560 
    35200.0000  -0.679978   0.376479  -0.303499 
    35300.0000  -0.673968   0.381819  -0.292149 
    35400.0000  -0.681356   0.378409  -0.302947 
    35500.0000  -0.672225   0.385273  -0.286952 
    35600.0000  -0.657888   0.379911  -0.277977 
    35700.0000  -0.650193   0.384500  -0.265694 
    35800.0000  -0.656933   0.379038  -0.277894 
    35900.0000  -0.657371   0.374013  -0.283357 
    36000.0000  -0.655895   0.377577  -0.278318 
    36100.0000  -0.666347   0.384780  -0.281566 
    36200.0000  -0.646628   0.380222  -0.266407 
    36300.0000  -0.648867   0.385399  -0.263468 
    36400.0000  -0.658146   0.382593  -0.275553 
    36500.0000  -0.651221   0.383926  -0.267295 
    36600.0000  -0.659071   0.376357  -0.282714 
    36700.0000  -0.660014   0.383114  -0.276900 
    36800.0000  -0.657725   0.381789  -0.275937 
    36900.0000  -0.655259   0.383368  -0.271891 
    37000.0000  -0.677149   0.384427  -0.292723 
    37100.0000  -0.669248   0.384275  -0.284974 
    37200.0000  -0.662892   0.376175  -0.286717 
    37300.0000  -0.669933   0.378465  -0.291468 
    37400.0000  -0.683733   0.381338  -0.302396 
    37500.0000  -0.686662   0.385161  -0.301500 
    37600.0000  -0.689634   0.371376  -0.318259 
    37700.0000  -0.690841   0.378874  -0.311967 
    37800.0000  -0.681085   0.373176  -0.307909 
    37900.0000  -0.679878   0.378494  -0.301384 
    38000.0000  -0.669239   0.376833  -0.292406 
    38100.0000  -0.684337   0.381574  -0.302764 
    38200.0000  -0.691793   0.381554  -0.310239 
    38300.0000  -0.664442   0.376363  -0.288079 
    38400.0000  -0.667975   0.377296  -0.290679 
    38500.0000  -0.670113   0.387053  -0.283060 
    38600.0000  -0.661942   0.382800  -0.279141 
    38700.0000  -0.653822   0.379639  -0.274182 
    38800.0000  -0.653402   0.384676  -0.268726 
    38900.0000  -0.663049   0.375150  -0.287899 
    39000.0000  -0.658275   0.384226  -0.274049 
    39100.0000  -0.645542   0.390599  -0.254943 
    39200.0000  -0.627112   0.380529  -0.246584 
    39300.0000  -0.628977   0.382189  -0.246788 
    39400.0000  -0.619224   0.384593  -0.234631 
    39500.0000  -0.629312   0.385173  -0.244139 
    39600.0000  -0.635552   0.376910  -0.258642 
    39700.0000  -0.639579   0.378494  -0.261085 
    39800.0000  -0.636160   0.385923  -0.250237 
    39900.0000  -0.624986   0.377764  -0.247222 
    40000.0000  -0.629961   0.378074  -0.251887 
    40100.0000  -0.611942   0.380064  -0.231878 
    40200.0000  -0.633060   0.383938  -0.249122 
    40300.0000  -0.614900   0.380112  -0.234788 
    40400.0000  -0.616416   0.375795  -0.240621 
    40500.0000  -0.629513   0.386776  -0.242737 
    40600.0000  -0.626177   0.384433  -0.241745 
    40700.0000  -0.615282   0.379344  -0.235938 
    40800.0000  -0.641189   0.379911  -0.261278 
    40900.0000  -0.639536   0.373670  -0.265867 
    41000.0000  -0.634472   0.381085  -0.253387 
    41100.0000  -0.614941   0.378537  -0.236403 
    41200.0000  -0.621813   0.375808  -0.246005 
    41300.0000  -0.626371   0.383080  -0.243290 
    41400.0000  -0.638766   0.375867  -0.262899 
    41500.0000  -0.652533   0.382917  -0.269616 
    41600.0000  -0.663351   0.383596  -0.279755 
    41700.0000  -0.636969   0.381824  -0.255145 
    41800.0000  -0.630017   0.378411  -0.251606 
    41900.0000  -0.633569   0.376909  -0.256660 
    42000.0000  -0.629499   0.382925  -0.246573 
    42100.0000  -0.621853   0.381302  -0.240552 
    42200.0000  -0.639934   0.381703  -0.258232 
    42300.0000  -0.644675   0.377112  -0.267563 
    42400.0000  -0.652041   0.384503  -0.267538 
    42500.0000  -0.650679   0.380542  -0.270138 
    42600.0000  -0.638605   0.384142  -0.254463 
    42700.0000  -0.647288   0.380691  -0.266597 
    42800.0000  -0.641865   0.377184  -0.264681 
    42900.0000  -0.680604   0.383535  -0.297069 
    43000.0000  -0.682222   0.379905  -0.302317 
    43100.0000  -0.683490   0.386084  -0.297405 
    43200.0000  -0.682248   0.374381  -0.307867 
    43300.0000  -0.667057   0.375645  -0.291413 
    43400.0000  -0.689525   0.376614  -0.312911 
    43500.0000  -0.708022   0.382800  -0.325222 
    43600.0000  -0.694760   0.379883  -0.314877 
    43700.0000  -0.687064   0.387791  -0.299273 
    43800.0000  -0.667275   0.388518  -0.278757 
    43900.0000  -0.661808   0.378104  -0.283705 
    44000.0000  -0.664272   0.382818  -0.281455 
    44100.0000  -0.644011   0.384866  -0.259144 
    44200.0000  -0.645422   0.377914  -0.267508 
    44300.0000  -0.646011   0.378642  -0.267369 
    44400.0000  -0.650024   0.385332  -0.264692 
    44500.0000  -0.646180   0.378975  -0.267205 
    44600.0000  -0.662927   0.390949  -0.271978 
    44700.0000  -0.655051   0.372384  -0.282667 
    44800.0000  -0.656504   0.379053  -0.277451 
    44900.0000  -0.660409   0.374654  -0.285755 
    45000.0000  -0.653920   0.384098  -0.269822 
    45100.0000  -0.645402   0.380044  -0.265358 
    45200.0000  -0.654612   0.378733  -0.275879 
    45300.0000  -0.659530   0.388789  -0.270742 
    45400.0000  -0.657441   0.379893  -0.277548 
    45500.0000  -0.661118   0.382019  -0.279098 
    45600.0000  -0.649770   0.380238  -0.269532 
    45700.0000  -0.660403   0.375869  -0.284534 
    45800.0000  -0.674788   0.376725  -0.298063 
    45900.0000  -0.665229   0.370031  -0.295198 
    46000.0000  -0.670431   0.373995  -0.296436 
    46100.0000  -0.669641   0.379150  -0.290491 
    46200.0000  -0.660185   0.374320  -0.285865 
    46300.0000  -0.660035   0.381545  -0.278491 
    46400.0000  -0.645330   0.380023  -0.265307 
    46500.0000  -0.662286   0.384819  -0.277467 
    46600.0000  -0.679099   0.379356  -0.299743 
    46700.0000  -0.671892   0.384153  -0.287739 
    46800.0000  -0.653757   0.381029  -0.272728 
    46900.0000  -0.631763   0.372149  -0.259613 
    47000.0000  -0.635407   0.380005  -0.255402 
    47100.0000  -0.645530   0.386186  -0.259344 
    47200.0000  -0.650769   0.380889  -0.269879 
    47300.0000  -0.650016   0.383390  -0.266626 
    47400.0000  -0.661908   0.390184  -0.271724 
    47500.0000  -0.657291   0.373916  -0.283375 
    47600.0000  -0.671231   0.379866  -0.291365 
    47700.0000  -0.660826   0.371899  -0.288927 
    47800.0000  -0.642160   0.384479  -0.257681 
    47900.0000  -0.648055   0.374335  -0.273720 
    48000.0000  -0.656795   0.379442  -0.277352 
    48100.0000  -0.650848   0.383745  -0.267103 
    48200.0000  -0.640433   0.378894  -0.261539 
    48300.0000  -0.646374   0.391167  -0.255207 
    48400.0000  -0.659330   0.382605  -0.276726 
    48500.0000  -0.650414   0.380571  -0.269844 
    48600.0000  -0.659678   0.384678  -0.275000 
    48700.0000  -0.664300   0.382791  -0.281509 
    48800.0000  -0.659809   0.382703  -0.277106 
    48900.0000  -0.675412   0.384344  -0.291068 
    49000.0000  -0.672192   0.377390  -0.294802 
    49100.0000  -0.679931   0.379236  -0.300696 
    49200.0000  -0.693810   0.379992  -0.313819 
    49300.0000  -0.696687   0.382637  -0.314050 
    49400.0000  -0.684606   0.382646  -0.301960 
    49500.0000  -0.686364   0.381966  -0.304397 
    49600.0000  -0.665186   0.372930  -0.292256 
    49700.0000  -0.688830   0.385286  -0.303544 
    49800.0000  -0.685409   0.382951  -0.302458 
    49900.0000  -0.678681   0.377823  -0.300858 
    50000.0000  -0.675093   0.373111  -0.301982 
    50100.0000  -0.667634   0.381896  -0.285737 
    50200.0000  -0.667938   0.386739  -0.281199 
    50300.0000  -0.662618   0.384851  -0.277767 
    50400.0000  -0.658329   0.378516  -0.279814 
    50500.0000  -0.658331   0.382694  -0.275637 
    50600.0000  -0.662402   0.391772  -0.270630 
    50700.0000  -0.677701   0.375587  -0.302115 
    50800.0000  -0.672312   0.373864  -0.298449 
    50900.0000  -0.680276   0.383980  -0.296295 
    51000.0000  -0.694418   0.384087  -0.310332 
    51100.0000  -0.702824   0.380750  -0.322074 
    51200.0000  -0.705138   0.378100  -0.327037 
    51300.0000  -0.704073   0.382536  -0.321537 
    51400.0000  -0.693961   0.382944  -0.311017 
    51500.0000  -0.691904   0.380194  -0.311709 
    51600.0000  -0.685834   0.382578  -0.303256 
    51700.0000  -0.684670   0.381426  -0.303243 
    51800.0000  -0.677502   0.377326  -0.300176 
    51900.0000  -0.682953   0.381714  -0.301239 
    52000.0000  -0.689323   0.372749  -0.316574 
    52100.0000  -0.696119   0.383355  -0.312764 
    52200.0000  -0.703846   0.384895  -0.318951 
    52300.0000  -0.710941   0.378231  -0.332710 
    52400.0000  -0.703651   0.389238  -0.314414 
    52500.0000  -0.690536   0.383509  -0.307027 
    52600.0000  -0.668512   0.379758  -0.288755 
    52700.0000  -0.675789   0.376443  -0.299346 
    52800.0000  -0.666480   0.387465  -0.279015 
    52900.0000  -0.661307   0.375773  -0.285535 
    53000.0000  -0.668409   0.385993  -0.282415 
    53100.0000  -0.673481   0.380371  -0.293110 
    53200.0000  -0.670789   0.374801  -0.295988 
    53300.0000  -0.662815   0.379140  -0.283675 
    53400.0000  -0.665875   0.371587  -0.294288 
    53500.0000  -0.682729   0.384033  -0.298696 
    53600.0000  -0.703369   0.382020  -0.321349 
    53700.0000  -0.688495   0.372409  -0.316086 
    53800.0000  -0.695880   0.384004  -0.311876 
    53900.0000  -0.702906   0.381828  -0.321078 
    54000.0000  -0.693503   0.378955  -0.314549 
    54100.0000  -0.667637   0.377262  -0.290376 
    54200.0000  -0.671544   0.385005  -0.286539 
    54300.0000  -0.682845   0.386951  -0.295894 
    54400.0000  -0.675669   0.377110  -0.298559 
    54500.0000  -0.678291   0.382073  -0.296217 
    54600.0000  -0.667816   0.383173  -0.284643 
    54700.0000  -0.686500   0.376872  -0.309629 
    54800.0000  -0.675288   0.379155  -0.296133 
    54900.0000  -0.672758   0.374810  -0.297948 
    55000.0000  -0.679869   0.386460  -0.293409 
    55100.0000  -0.666237   0.382089  -0.284149 
    55200.0000  -0.697060   0.378776  -0.318284 
    55300.0000  -0.691986   0.384665  -0.307321 
    55400.0000  -0.686297   0.374515  -0.311783 
    55500.0000  -0.675173   0.373774  -0.301399 
    55600.0000  -0.690912   0.378500  -0.312411 
    55700.0000  -0.687314   0.374572  -0.312742 
    55800.0000  -0.686521   0.382377  -0.304144 
    55900.0000  -0.683445   0.377250  -0.306195 
    56000.0000  -0.681224   0.386335  -0.294889 
    56100.0000  -0.691068   0.383652  -0.307416 
    56200.0000  -0.685360   0.381156  -0.304204 
    56300.0000  -0.680544   0.371813  -0.308731 
    56400.0000  -0.684259   0.371207  -0.313052 
    56500.0000  -0.678782   0.379369  -0.299414 
    56600.0000  -0.660502   0.380302  -0.280200 
    56700.0000  -0.687284   0.380756  -0.306528 
    56800.0000  -0.673885   0.374815  -0.299070 
    56900.0000  -0.665853   0.378624  -0.287229 
    57000.0000  -0.693785   0.384677  -0.309108 
    57100.0000  -0.698041   0.383729  -0.314312 
    57200.0000  -0.705808   0.382495  -0.323313 
    57300.0000  -0.685389   0.384223  -0.301166 
    57400.0000  -0.681465   0.381154  -0.300311 
    57500.0000  -0.684463   0.385437  -0.299026 
    57600.0000  -0.664800   0.384479  -0.280321 
    57700.0000  -0.676542   0.378324  -0.298218 
    57800.0000  -0.679868   0.382166  -0.297702 
    57900.0000  -0.677186   0.382942  -0.294244 
    58000.0000  -0.681146   0.381970  -0.299176 
    58100.0000  -0.692961   0.375088  -0.317873 
    58200.0000  -0.672890   0.379283  -0.293606 
    58300.0000  -0.672277   0.383770  -0.288507 
    58400.0000  -0.683747   0.378547  -0.305200 
    58500.0000  -0.702738   0.372054  -0.330684 
    58600.0000  -0.705336   0.385729  -0.319607 
    58700.0000  -0.730426   0.371349  -0.359078 
    58800.0000  -0.737029   0.377750  -0.359279 
    58900.0000  -0.749436   0.379149  -0.370287 
    59000.0000  -0.744873   0.379010  -0.365863 
    59100.0000  -0.773577   0.373539  -0.400039 
    59200.0000  -0.753719   0.380825  -0.372893 
    59300.0000  -0.743833   0.382004  -0.361830 
    59400.0000  -0.729119   0.378518  -0.350602 
    59500.0000  -0.719169   0.385996  -0.333173 
    59600.0000  -0.726427   0.379259  -0.347168 
    59700.0000  -0.711352   0.374768  -0.336584 
    59800.0000  -0.718176   0.365624  -0.352552 
    59900.0000  -0.724746   0.380921  -0.343825 
    60000.0000  -0.739059   0.379021  -0.360038 
    60100.0000  -0.732851   0.384727  -0.348124 
    60200.0000  -0.715503   0.376045  -0.339458 
    60300.0000  -0.726649   0.376872  -0.349777 
    60400.0000  -0.736976   0.373122  -0.363854 
    60500.0000  -0.738079   0.385369  -0.352709 
    60600.0000  -0.724093   0.377629  -0.346464 
    60700.0000  -0.717387   0.378723  -0.338664 
    60800.0000  -0.729238   0.377521  -0.351717 
    60900.0000  -0.732609   0.375310  -0.357299 
    61000.0000  -0.721309   0.373371  -0.347937 
    61100.0000  -0.718093   0.379575  -0.338518 
    61200.0000  -0.716261   0.381894  -0.334367 
    61300.0000  -0.701341   0.372946  -0.328394 
    61400.0000  -0.705687   0.385091  -0.320596 
    61500.0000  -0.710167   0.378115  -0.332052 
    61600.0000  -0.712895   0.384109  -0.328786 
    61700.0000  -0.726509   0.383644  -0.342866 
    61800.0000  -0.723084   0.383986  -0.339098 
    61900.0000  -0.718570   0.384248  -0.334322 
    62000.0000  -0.725988   0.385750  -0.340238 
    62100.0000  -0.741659   0.381654  -0.360005 
    62200.0000  -0.744878   0.373580  -0.371297 
    62300.0000  -0.742378   0.383775  -0.358603 
    62400.0000  -0.752399   0.383019  -0.369380 
    62500.0000  -0.745924   0.381528  -0.364395 
    62600.0000  -0.754512   0.383330  -0.371182 
    62700.0000  -0.758091   0.378553  -0.379537 
    62800.0000  -0.770075   0.379723  -0.390352 
    62900.0000  -0.759513   0.386592  -0.372921 
    63000.0000  -0.785742   0.391046  -0.394696 
    63100.0000  -0.785370   0.375511  -0.409859 
    63200.0000  -0.780207   0.378156  -0.402051 
    63300.0000  -0.781231   0.376796  -0.404435 
    63400.0000  -0.785711   0.376914  -0.408797 
    63500.0000  -0.800455   0.376219  -0.424236 
    63600.0000  -0.795501   0.387675  -0.407826 
    63700.0000  -0.785441   0.371726  -0.413716 
    63800.0000  -0.788708   0.385891  -0.402817 
    63900.0000  -0.785708   0.383377  -0.402332 
    64000.0000  -0.767403   0.371542  -0.395861 
    64100.0000  -0.771113   0.382007  -0.389106 
    64200.0000  -0.799828   0.384643  -0.415185 
    64300.0000  -0.792979   0.377791  -0.415188 
    64400.0000  -0.819179   0.378893  -0.440286 
    64500.0000  -0.820328   0.385441  -0.434886 
    64600.0000  -0.819597   0.384586  -0.435010 
    64700.0000  -0.808558   0.382846  -0.425712 
    64800.0000  -0.806186   0.394084  -0.412102 
    64900.0000  -0.797150   0.383203  -0.413947 
    65000.0000  -0.795254   0.380994  -0.414260 
    65100.0000  -0.786971   0.374734  -0.412237 
    65200.0000  -0.785793   0.374451  -0.411341 
    65300.0000  -0.797191   0.382413  -0.414778 
    65400.0000  -0.795861   0.380178  -0.415683 
    65500.0000  -0.807175   0.388955  -0.418220 
    65600.0000  -0.793322   0.380556  -0.412766 
    65700.0000  -0.803277   0.382569  -0.420709 
    65800.0000  -0.796431   0.389643  -0.406788 
    65900.0000  -0.790940   0.382746  -0.408194 
    66000.0000  -0.798328   0.375141  -0.423187 
    66100.0000  -0.799503   0.376979  -0.422524 
    66200.0000  -0.805414   0.381410  -0.424004 
    66300.0000  -0.822082   0.373800  -0.448283 
    66400.0000  -0.820874   0.378736  -0.442138 
    66500.0000  -0.833080   0.383845  -0.449235 
    66600.0000  -0.835973   0.386681  -0.449291 
    66700.0000  -0.848567   0.383818  -0.464750 
    66800.0000  -0.842386   0.374380  -0.468006 
    66900.0000  -0.848687   0.381189  -0.467498 
    67000.0000  -0.841157   0.374020  -0.467137 
    67100.0000  -0.836100   0.383964  -0.452135 
    67200.0000  -0.824007   0.378765  -0.445242 
    67300.0000  -0.841462   0.379301  -0.462161 
    67400.0000  -0.847054   0.371802  -0.475252 
    67500.0000  -0.861688   0.384362  -0.477327 
    67600.0000  -0.854713   0.380382  -0.474332 
    67700.0000  -0.855875   0.384365  -0.471511 
    67800.0000  -0.845906   0.374676  -0.471229 
    67900.0000  -0.840904   0.388577  -0.452327 
    68000.0000  -0.840407   0.385736  -0.454671 
    68100.0000  -0.836317   0.377707  -0.458610 
    68200.0000  -0.855787   0.378716  -0.477071 
    68300.0000  -0.850999   0.375708  -0.475291 
    68400.0000  -0.863348   0.388733  -0.474616 
    68500.0000  -0.870842   0.386750  -0.484092 
    68600.0000  -0.877754   0.380517  -0.497236 
    68700.0000  -0.880420   0.381635  -0.498785 
    68800.0000  -0.902674   0.379085  -0.523589 
    68900.0000  -0.903851   0.380379  -0.523472 
    69000.0000  -0.903882   0.376359  -0.527524 
    69100.0000  -0.912114   0.387961  -0.524152 
    69200.0000  -0.907394   0.380541  -0.526853 
    69300.0000  -0.909172   0.381860  -0.527312 
    69400.0000  -0.926082   0.371250  -0.554832 
    69500.0000  -0.912275   0.385992  -0.526284 
    69600.0000  -0.914652   0.378978  -0.535674 
    69700.0000  -0.919577   0.386064  -0.533512 
    69800.0000  -0.908636   0.381558  -0.527078 
    69900.0000  -0.903229   0.373403  -0.529826 
    70000.0000  -0.893793   0.382733  -0.511060 
    70100.0000  -0.877614   0.385471  -0.492143 
    70200.0000  -0.877305   0.376874  -0.500431 
    70300.0000  -0.894850   0.385889  -0.508961 
    70400.0000  -0.899801   0.375056  -0.524746 
    70500.0000  -0.900191   0.379171  -0.521020 
    70600.0000  -0.895458   0.381215  -0.514243 
    70700.0000  -0.906203   0.373843  -0.532360 
    70800.0000  -0.885794   0.383060  -0.502734 
    70900.0000  -0.899524   0.384615  -0.514909 
    71000.0000  -0.908271   0.379305  -0.528966 
    71100.0000  -0.917729   0.386554  -0.531176 
    71200.0000  -0.930569   0.380484  -0.550085 
    71300.0000  -0.946148   0.380445  -0.565703 
    71400.0000  -0.947680   0.387507  -0.560173 
    71500.0000  -0.957178   0.377071  -0.580107 
    71600.0000  -0.953519   0.387703  -0.565816 
    71700.0000  -0.952187   0.387029  -0.565158 
    71800.0000  -0.945932   0.378454  -0.567479 
    71900.0000  -0.973609   0.391770  -0.581840 
    72000.0000  -0.975495   0.377601  -0.597894 
    72100.0000  -0.995657   0.381818  -0.613840 
    72200.0000  -0.999759   0.375882  -0.623877 
    72300.0000  -1.000214   0.378720  -0.621494 
    72400.0000  -1.000135   0.373719  -0.626416 
    72500.0000  -1.023363   0.380271  -0.643092 
    72600.0000  -1.011831   0.376899  -0.634932 
    72700.0000  -1.008686   0.377341  -0.631345 
    72800.0000  -1.018572   0.379965  -0.638607 
    72900.0000  -1.006107   0.383651  -0.622457 
    73000.0000  -1.007571   0.385308  -0.622263 
    73100.0000  -1.000483   0.378537  -0.621946 
    73200.0000  -1.014255   0.376455  -0.637800 
    73300.0000  -1.011999   0.377671  -0.634328 
    73400.0000  -1.021226   0.377986  -0.643240 
    73500.0000  -1.036462   0.385526  -0.650936 
    73600.0000  -1.025895   0.378172  -0.647723 
    73700.0000  -1.035332   0.384635  -0.650697 
    73800.0000  -1.052987   0.383516  -0.669471 
    73900.0000  -1.065564   0.383427  -0.682137 
    74000.0000  -1.074171   0.376589  -0.697582 
    74100.0000  -1.064071   0.381292  -0.682779 
    74200.0000  -1.058143   0.376502  -0.681641 
    74300.0000  -1.093737   0.388189  -0.705549 
    74400.0000  -1.103670   0.372435  -0.731236 
    74500.0000  -1.108243   0.377788  -0.730455 
    74600.0000  -1.116851   0.387742  -0.729109 
    74700.0000  -1.123465   0.390469  -0.732996 
    74800.0000  -1.128716   0.373848  -0.754868 
    74900.0000  -1.131278   0.383779  -0.747499 
    75000.0000  -1.126882   0.389898  -0.736984 
    75100.0000  -1.128520   0.369767  -0.758753 
    75200.0000  -1.137003   0.376202  -0.760801 
    75300.0000  -1.138086   0.381225  -0.756861 
    75400.0000  -1.122003   0.388318  -0.733686 
    75500.0000  -1.126923   0.381576  -0.745347 
    75600.0000  -1.133952   0.379111  -0.754841 
    75700.0000  -1.142298   0.376027  -0.766271 
    75800.0000  -1.148099   0.371589  -0.776509 
    75900.0000  -1.155546   0.374873  -0.780673 
    76000.0000  -1.159702   0.382550  -0.777152 
    76100.0000  -1.160638   0.376578  -0.784059 
    76200.0000  -1.145402   0.385194  -0.760208 
    76300.0000  -1.162230   0.379806  -0.782424 
    76400.0000  -1.173168   0.373085  -0.800083 
    76500.0000  -1.183462   0.385438  -0.798024 
    76600.0000  -1.192012   0.382061  -0.809951 
    76700.0000  -1.186639   0.383115  -0.803524 
    76800.0000  -1.200817   0.380882  -0.819935 
    76900.0000  -1.205024   0.371949  -0.833075 
    77000.0000  -1.208230   0.379402  -0.828828 
    77100.0000  -1.218670   0.375509  -0.843161 
    77200.0000  -1.223492   0.381332  -0.842160 
    77300.0000  -1.226620   0.388513  -0.838107 
    77400.0000  -1.236869   0.380945  -0.855923 
    77500.0000  -1.240246   0.384435  -0.855811 
    77600.0000  -1.246879   0.383566  -0.863313 
    77700.0000  -1.248303   0.392600  -0.855703 
    77800.0000  -1.246707   0.378049  -0.868657 
    77900.0000  -1.238272   0.379899  -0.858374 
    78000.0000  -1.240408   0.385797  -0.854611 
    78100.0000  -1.254291   0.388046  -0.866244 
    78200.0000  -1.258747   0.371796  -0.886952 
    78300.0000  -1.271690   0.381439  -0.890251 
    78400.0000  -1.289237   0.387879  -0.901358 
    78500.0000  -1.285648   0.376230  -0.909417 
    78600.0000  -1.295548   0.380059  -0.915490 
    78700.0000  -1.285785   0.384933  -0.900852 
    78800.0000  -1.281435   0.385327  -0.896109 
    78900.0000  -1.298125   0.383765  -0.914360 
    79000.0000  -1.299966   0.379663  -0.920303 
    79100.0000  -1.313227   0.382632  -0.930595 
    79200.0000  -1.328856   0.371905  -0.956951 
    79300.0000  -1.319911   0.376190  -0.943721 
    79400.0000  -1.333588   0.383616  -0.949972 
    79500.0000  -1.347994   0.385014  -0.962980 
    79600.0000  -1.353957   0.382796  -0.971160 
    79700.0000  -1.340870   0.383346  -0.957524 
    79800.0000  -1.345737   0.381243  -0.964494 
    79900.0000  -1.343245   0.382192  -0.961053 
    80000.0000  -1.358604   0.378844  -0.979760 
    80100.0000  -1.355441   0.376834  -0.978608 
    80200.0000  -1.365039   0.389121  -0.975919 
    80300.0000  -1.363877   0.379001  -0.984876 
    80400.0000  -1.374148   0.376675  -0.997473 
    80500.0000  -1.384542   0.382440  -1.002102 
    80600.0000  -1.378206   0.397800  -0.980405 
    80700.0000  -1.386621   0.383926  -1.002695 
    80800.0000  -1.396930   0.385578  -1.011352 
    80900.0000  -1.400408   0.383793  -1.016615 
    81000.0000  -1.406067   0.369675  -1.036391 
    81100.0000  -1.407589   0.384254  -1.023334 
    81200.0000  -1.401634   0.382579  -1.019055 
    81300.0000  -1.400127   0.384995  -1.015132 
    81400.0000  -1.415446   0.381171  -1.034275 
    81500.0000  -1.413177   0.378198  -1.034979 
    81600.0000  -1.423305   0.375901  -1.047403 
    81700.0000  -1.418291   0.383613  -1.034678 
    81800.0000  -1.426518   0.392541  -1.033977 
    81900.0000  -1.433203   0.372994  -1.060209 
    82000.0000  -1.445141   0.374478  -1.070663 
    82100.0000  -1.443429   0.384868  -1.058561 
    82200.0000  -1.447265   0.376701  -1.070564 
    82300.0000  -1.449018   0.378981  -1.070037 
    82400.0000  -1.467494   0.378865  -1.088629 
    82500.0000  -1.461892   0.383893  -1.077999 
    82600.0000  -1.473464   0.385907  -1.087556 
    82700.0000  -1.476898   0.386650  -1.090247 
    82800.0000  -1.478958   0.391368  -1.087590 
    82900.0000  -1.485665   0.384300  -1.101365 
    83000.0000  -1.482315   0.379250  -1.103065 
    83100.0000  -1.480731   0.386682  -1.094048 
    83200.0000  -1.485684   0.378413  -1.107272 
    83300.0000  -1.493390   0.375327  -1.118063 
    83400.0000  -1.492693   0.376762  -1.115930 
    83500.0000  -1.516978   0.377192  -1.139785 
    83600.0000  -1.516105   0.370311  -1.145794 
    83700.0000  -1.524784   0.389824  -1.134959 
    83800.0000  -1.535111   0.379328  -1.155783 
    83900.0000  -1.537379   0.377422  -1.159957 
    84000.0000  -1.536351   0.382814  -1.153537 
    84100.0000  -1.549715   0.374290  -1.175425 
    84200.0000  -1.557793   0.386949  -1.170844 
    84300.0000  -1.566849   0.380780  -1.186069 
    84400.0000  -1.572896   0.382473  -1.190423 
    84500.0000  -1.571513   0.380649  -1.190864 
    84600.0000  -1.583120   0.382176  -1.200944 
    84700.0000  -1.602478   0.373415  -1.229063 
    84800.0000  -1.605635   0.369788  -1.235847 
    84900.0000  -1.606698   0.385112  -1.221586 
    85000.0000  -1.607865   0.385843  -1.222022 
    85100.0000  -1.604073   0.384304  -1.219769 
    85200.0000  -1.604606   0.380247  -1.224359 
    85300.0000  -1.611426   0.384871  -1.226555 
    85400.0000  -1.619445   0.383345  -1.236101 
    85500.0000  -1.614921   0.379273  -1.235648 
    85600.0000  -1.613740   0.385148  -1.228592 
    85700.0000  -1.609995   0.390383  -1.219611 
    85800.0000  -1.622873   0.382603  -1.240270 
    85900.0000  -1.638698   0.390112  -1.248586 
    86000.0000  -1.635017   0.380244  -1.254773 
    86100.0000  -1.637193   0.383802  -1.253391 
    86200.0000  -1.647728   0.377982  -1.269746 
    86300.0000  -1.658381   0.386091  -1.272289 
    86400.0000  -1.653229   0.380250  -1.272978 
    86500.0000  -1.665979   0.378472  -1.287507 
    86600.0000  -1.658964   0.378604  -1.280360 
    86700.0000  -1.673517   0.376472  -1.297044 
    86800.0000  -1.680336   0.381427  -1.298909 
    86900.0000  -1.679303   0.386483  -1.292820 
    87000.0000  -1.696328   0.376953  -1.319375 
    87100.0000  -1.683486   0.375086  -1.308400 
    87200.0000  -1.689565   0.377659  -1.311906 
    87300.0000  -1.689350   0.388302  -1.301048 
    87400.0000  -1.699467   0.385413  -1.314054 
    87500.0000  -1.695864   0.386721  -1.309143 
    87600.0000  -1.688037   0.383758  -1.304279 
    87700.0000  -1.706008   0.383902  -1.322106 
    87800.0000  -1.708795   0.377292  -1.331502 
    87900.0000  -1.712046   0.380070  -1.331976 
    88000.0000  -1.722148   0.379197  -1.342951 
    88100.0000  -1.720206   0.374894  -1.345313 
    88200.0000  -1.724076   0.391982  -1.332094 
    88300.0000  -1.732515   0.378680  -1.353835 
    88400.0000  -1.727088   0.378723  -1.348365 
    88500.0000  -1.733990   0.378200  -1.355790 
    88600.0000  -1.730176   0.381568  -1.348608 
    88700.0000  -1.733538   0.384724  -1.348814 
    88800.0000  -1.732912   0.374982  -1.357930 
    88900.0000  -1.735159   0.390110  -1.345049 
    89000.0000  -1.737086   0.384895  -1.352192 
    89100.0000  -1.735664   0.383884  -1.351780 
    89200.0000  -1.736021   0.383064  -1.352958 
    89300.0000  -1.734668   0.382680  -1.351988 
    89400.0000  -1.737433   0.380814  -1.356619 
    89500.0000  -1.740209   0.381011  -1.359198 
    89600.0000  -1.756336   0.379016  -1.377320 
    89700.0000  -1.765495   0.382290  -1.383205 
    89800.0000  -1.765680   0.384420  -1.381260 
    89900.0000  -1.767296   0.383589  -1.383707 
    90000.0000  -1.765673   0.380293  -1.385380 
    90100.0000  -1.777425   0.381454  -1.395971 
    90200.0000  -1.787394   0.382014  -1.405380 
    90300.0000  -1.783364   0.375427  -1.407937 
    90400.0000  -1.788443   0.400730  -1.387714 
    90500.0000  -1.798598   0.383124  -1.415475 
    90600.0000  -1.808001   0.381758  -1.426243 
    90700.0000  -1.805741   0.375899  -1.429842 
    90800.0000  -1.807836   0.377829  -1.430007 
    90900.0000  -1.794830   0.377905  -1.416925 
    91000.0000  -1.803616   0.377995  -1.425621 
    91100.0000  -1.796833   0.382038  -1.414795 
    91200.0000  -1.806857   0.376289  -1.430568 
    91300.0000  -1.806946   0.384375  -1.422572 
    91400.0000  -1.805436   0.370043  -1.435393 
    91500.0000  -1.813412   0.382953  -1.430459 
    91600.0000  -1.824222   0.381175  -1.443048 
    91700.0000  -1.840867   0.383172  -1.457695 
    91800.0000  -1.853907   0.366685  -1.487222 
    91900.0000  -1.865103   0.373105  -1.491997 
    92000.0000  -1.860046   0.372424  -1.487623 
    92100.0000  -1.860451   0.377601  -1.482850 
    92200.0000  -1.865073   0.380628  -1.484445 
    92300.0000  -1.876714   0.385641  -1.491073 
    92400.0000  -1.888881   0.382652  -1.506229 
    92500.0000  -1.882128   0.383133  -1.498995 
    92600.0000  -1.882507   0.384320  -1.498187 
    92700.0000  -1.883998   0.378968  -1.505029 
    92800.0000  -1.894044   0.377906  -1.516138 
    92900.0000  -1.902484   0.373418  -1.529066 
    93000.0000  -1.896293   0.385066  -1.511227 
    93100.0000  -1.900072   0.385999  -1.514073 
    93200.0000  -1.899098   0.372864  -1.526235 
    93300.0000  -1.901916   0.384224  -1.517692 
    93400.0000  -1.912703   0.372238  -1.540464 
    93500.0000  -1.917281   0.386250  -1.531031 
    93600.0000  -1.918627   0.382360  -1.536267 
    93700.0000  -1.927145   0.377328  -1.549817 
    93800.0000  -1.908927   0.375235  -1.533692 
    93900.0000  -1.917167   0.377479  -1.539689 
    94000.0000  -1.914167   0.381175  -1.532992 
    94100.0000  -1.920183   0.377704  -1.542478 
    94200.0000  -1.924998   0.378065  -1.546933 
    94300.0000  -1.925478   0.386077  -1.539401 
    94400.0000  -1.930074   0.380775  -1.549299 
    94500.0000  -1.937019   0.387677  -1.549342 
    94600.0000  -1.937986   0.384867  -1.553119 
    94700.0000  -1.949634   0.385937  -1.563696 
    94800.0000  -1.956326   0.385899  -1.570426 
    94900.0000  -1.955456   0.380048  -1.575408 
    95000.0000  -1.963752   0.376532  -1.587220 
    95100.0000  -1.968751   0.389012  -1.579740 
    95200.0000  -1.977564   0.383918  -1.593645 
    95300.0000  -1.990805   0.390948  -1.599857 
    95400.0000  -1.992467   0.374557  -1.617910 
    95500.0000  -1.986740   0.371312  -1.615427 
    95600.0000  -2.004805   0.381197  -1.623608 
    95700.0000  -2.004689   0.387259  -1.617430 
    95800.0000  -2.001963   0.383037  -1.618926 
    95900.0000  -2.002219   0.386356  -1.615863 
    96000.0000  -2.022390   0.385912  -1.636479 
    96100.0000  -2.018889   0.376817  -1.642072 
    96200.0000  -2.015541   0.382198  -1.633343 
    96300.0000  -2.018342   0.385674  -1.632668 
    96400.0000  -2.025579   0.380882  -1.644697 
    96500.0000  -2.032017   0.375278  -1.656739 
    96600.0000  -2.030183   0.385731  -1.644452 
    96700.0000  -2.020100   0.389513  -1.630588 
    96800.0000  -2.016011   0.384606  -1.631405 
    96900.0000  -2.016935   0.375524  -1.641411 
    97000.0000  -2.028962   0.372081  -1.656881 
    97100.0000  -2.026695   0.392352  -1.634343 
    97200.0000  -2.032113   0.382755  -1.649358 
    97300.0000  -2.045580   0.384063  -1.661517 
    97400.0000  -2.042761   0.371472  -1.671289 
    97500.0000  -2.036994   0.376908  -1.660086 
    97600.0000  -2.039770   0.385321  -1.654449 
    97700.0000  -2.042324   0.386023  -1.656301 
    97800.0000  -2.054657   0.382936  -1.671721 
    97900.0000  -2.071760   0.382295  -1.689465 
    98000.0000  -2.063339   0.379125  -1.684213 
    98100.0000  -2.057957   0.385377  -1.672580 
    98200.0000  -2.052741   0.384057  -1.668684 
    98300.0000  -2.060835   0.383531  -1.677304 
    98400.0000  -2.068165   0.388912  -1.679253 
    98500.0000  -2.063217   0.389677  -1.673540 
    98600.0000  -2.061850   0.383179  -1.678671 
    98700.0000  -2.057016   0.375415  -1.681601 
    98800.0000  -2.056262   0.384755  -1.671507 
    98900.0000  -2.056557   0.377644  -1.678912 
    99000.0000  -2.062318   0.386483  -1.675835 
    99100.0000  -2.062084   0.384350  -1.677734 
    99200.0000  -2.067761   0.388259  -1.679502 
    99300.0000  -2.064679   0.374224  -1.690455 
    99400.0000  -2.065437   0.374560  -1.690876 
    99500.0000  -2.061914   0.383793  -1.678121 
    99600.0000  -2.059095   0.376575  -1.682519 
    99700.0000  -2.064939   0.383168  -1.681771 
    99800.0000  -2.062339   0.391234  -1.671105 
    99900.0000  -2.071146   0.375261  -1.695886 
   100000.0000  -2.071285   0.383336  -1.687949 
   100100.0000  -2.068021   0.381913  -1.686108 
   100200.0000  -2.077935   0.368757  -1.709178 
   100300.0000  -2.072605   0.377567  -1.695038 
   100400.0000  -2.072649   0.370683  -1.701966 
   100500.0000  -2.075944   0.383190  -1.692755 
   100600.0000  -2.085892   0.375639  -1.710253 
   100700.0000  -2.096596   0.379553  -1.717043 
   100800.0000  -2.098574   0.383447  -1.715127 
   100900.0000  -2.098877   0.381918  -1.716959 
   101000.0000  -2.110267   0.383983  -1.726284 
   101100.0000  -2.109891   0.380891  -1.729001 
   101200.0000  -2.109801   0.385016  -1.724785 
   101300.0000  -2.117544   0.382812  -1.734732 
   101400.0000  -2.129828   0.380150  -1.749678 
   101500.0000  -2.132709   0.376659  -1.756050 
   101600.0000  -2.133479   0.382523  -1.750956 
   101700.0000  -2.138487   0.374522  -1.763965 
   101800.0000  -2.135039   0.376159  -1.758880 
   101900.0000  -2.136881   0.384846  -1.752035 
   102000.0000  -2.136150   0.373840  -1.762310 
   102100.0000  -2.140781   0.386167  -1.754614 
   102200.0000  -2.143479   0.381110  -1.762369 
   102300.0000  -2.154792   0.388553  -1.766239 
   102400.0000  -2.153509   0.375688  -1.777821 
   102500.0000  -2.144707   0.379515  -1.765192 
   102600.0000  -2.144562   0.381277  -1.763285 
   102700.0000  -2.142066   0.384797  -1.757269 
   102800.0000  -2.145371   0.369991  -1.775380 
   102900.0000  -2.147701   0.381255  -1.766447 
   103000.0000  -2.144743   0.376891  -1.767852 
   103100.0000  -2.136935   0.380275  -1.756660 
   103200.0000  -2.144224   0.381211  -1.763013 
   103300.0000  -2.151319   0.378521  -1.772798 
   103400.0000  -2.157683   0.376909  -1.780774 
   103500.0000  -2.158508   0.379380  -1.779128 
   103600.0000  -2.164951   0.385005  -1.779945 
   103700.0000  -2.162018   0.378782  -1.783236 
   103800.0000  -2.159482   0.374220  -1.785261 
   103900.0000  -2.159116   0.376897  -1.782219 
   104000.0000  -2.159541   0.386253  -1.773288 
   104100.0000  -2.153775   0.390239  -1.763536 
   104200.0000  -2.161491   0.379604  -1.781887 
   104300.0000  -2.163958   0.388699  -1.775259 
   104400.0000  -2.176221   0.385059  -1.791162 
   104500.0000  -2.171520   0.380314  -1.791206 
   104600.0000  -2.170109   0.374524  -1.795585 
   104700.0000  -2.169591   0.381780  -1.787812 
   104800.0000  -2.177220   0.383546  -1.793674 
   104900.0000  -2.177910   0.371208  -1.806701 
   105000.0000  -2.185331   0.388445  -1.796886 
   105100.0000  -2.190701   0.378544  -1.812157 
   105200.0000  -2.191752   0.379185  -1.812567 
   105300.0000  -2.189720   0.384441  -1.805278 
   105400.0000  -2.190510   0.370967  -1.819543 
   105500.0000  -2.196497   0.379057  -1.817440 
   105600.0000  -2.201549   0.383492  -1.818057 
   105700.0000  -2.208481   0.386298  -1.822183 
   105800.0000  -2.210176   0.379372  -1.830804 
   105900.0000  -2.211630   0.377976  -1.833653 
   106000.0000  -2.210932   0.381059  -1.829873 
   106100.0000  -2.215554   0.380735  -1.834819 
   106200.0000  -2.208957   0.380105  -1.828852 
   106300.0000  -2.217161   0.385197  -1.831964 
   106400.0000  -2.218987   0.387949  -1.831038 
   106500.0000  -2.226373   0.379041  -1.847333 
   106600.0000  -2.228781   0.376741  -1.852039 
   106700.0000  -2.233876   0.383154  -1.850722 
   106800.0000  -2.236377   0.377725  -1.858652 
   106900.0000  -2.239162   0.381652  -1.857510 
   107000.0000  -2.243281   0.384245  -1.859035 
   107100.0000  -2.239914   0.387644  -1.852271 
   107200.0000  -2.241554   0.380782  -1.860772 
   107300.0000  -2.249051   0.373607  -1.875444 
   107400.0000  -2.247692   0.376663  -1.871030 
   107500.0000  -2.249562   0.381395  -1.868166 
   107600.0000  -2.257892   0.371842  -1.886049 
   107700.0000  -2.251863   0.381032  -1.870831 
   107800.0000  -2.251770   0.381211  -1.870560 
   107900.0000  -2.259545   0.379905  -1.879640 
   108000.0000  -2.263848   0.373756  -1.890092 
   108100.0000  -2.274422   0.373506  -1.900916 
   108200.0000  -2.271874   0.383503  -1.888371 
   108300.0000  -2.269670   0.377489  -1.892181 
   108400.0000  -2.268260   0.385810  -1.882450 
   108500.0000  -2.266323   0.389974  -1.876349 
   108600.0000  -2.265215   0.383770  -1.881445 
   108700.0000  -2.267958   0.384185  -1.883773 
   108800.0000  -2.277039   0.378652  -1.898387 
   108900.0000  -2.284750   0.378083  -1.906668 
   109000.0000  -2.286030   0.382866  -1.903164 
   109100.0000  -2.287086   0.380559  -1.906527 
   109200.0000  -2.285433   0.387088  -1.898345 
   109300.0000  -2.292613   0.381077  -1.911535 
   109400.0000  -2.288715   0.380068  -1.908647 
   109500.0000  -2.286069   0.380514  -1.905555 
