        0.0000   1.166920   0.361205   1.528125 
      100.0000  -0.066589   0.361192   0.294603 
      200.0000  -0.139568   0.365572   0.226003 
      300.0000  -0.199156   0.365186   0.166030 
      400.0000  -0.233756   0.363326   0.129571 
      500.0000  -0.282926   0.364295   0.081370 
      600.0000  -0.318633   0.358831   0.040198 
      700.0000  -0.342708   0.363115   0.020407 
      800.0000  -0.377464   0.365483  -0.011981 
      900.0000  -0.385739   0.359204  -0.026535 
     1000.0000  -0.400183   0.360565  -0.039619 
     1100.0000  -0.407665   0.363338  -0.044327 
     1200.0000  -0.428337   0.358053  -0.070284 
     1300.0000  -0.441293   0.367019  -0.074274 
     1400.0000  -0.439379   0.355407  -0.083972 
     1500.0000  -0.452466   0.355191  -0.097275 
     1600.0000  -0.455790   0.364718  -0.091072 
     1700.0000  -0.467389   0.359316  -0.108073 
     1800.0000  -0.465379   0.355404  -0.109974 
     1900.0000  -0.456811   0.364247  -0.092564 
     2000.0000  -0.466994   0.358013  -0.108980 
     2100.0000  -0.481001   0.362044  -0.118957 
     2200.0000  -0.488055   0.365468  -0.122587 
     2300.0000  -0.504154   0.362558  -0.141596 
     2400.0000  -0.507947   0.356059  -0.151888 
     2500.0000  -0.532738   0.359417  -0.173321 
     2600.0000  -0.537193   0.366250  -0.170942 
     2700.0000  -0.544033   0.361848  -0.182186 
     2800.0000  -0.554405   0.360635  -0.193770 
     2900.0000  -0.559264   0.358533  -0.200731 
     3000.0000  -0.553390   0.358343  -0.195047 
     3100.0000  -0.556547   0.360019  -0.196528 
     3200.0000  -0.563157   0.359580  -0.203577 
     3300.0000  -0.569431   0.351835  -0.217596 
     3400.0000  -0.572772   0.358475  -0.214297 
     3500.0000  -0.596925   0.360279  -0.236646 
     3600.0000  -0.605832   0.354601  -0.251231 
     3700.0000  -0.594523   0.360819  -0.233704 
     3800.0000  -0.610183   0.363396  -0.246787 
     3900.0000  -0.616740   0.354747  -0.261993 
     4000.0000  -0.611274   0.370193  -0.241081 
     4100.0000  -0.611605   0.355146  -0.256460 
     4200.0000  -0.619081   0.363199  -0.255881 
     4300.0000  -0.644621   0.347965  -0.296656 
     4400.0000  -0.641203   0.367735  -0.273468 
     4500.0000  -0.633521   0.359795  -0.273726 
     4600.0000  -0.629267   0.358653  -0.270614 
     4700.0000  -0.629375   0.361069  -0.268307 
     4800.0000  -0.624126   0.365594  -0.258532 
     4900.0000  -0.623277   0.359471  -0.263806 
     5000.0000  -0.619377   0.363169  -0.256208 
     5100.0000  -0.621826   0.362176  -0.259650 
     5200.0000  -0.614609   0.360051  -0.254558 
     5300.0000  -0.622506   0.351953  -0.270553 
     5400.0000  -0.629233   0.355974  -0.273259 
     5500.0000  -0.638309   0.358779  -0.279531 
     5600.0000  -0.645220   0.367259  -0.277960 
     5700.0000  -0.643041   0.365112  -0.277929 
     5800.0000  -0.654377   0.357935  -0.296442 
     5900.0000  -0.676521   0.371025  -0.305495 
     6000.0000  -0.686870   0.361794  -0.325077 
     6100.0000  -0.685596   0.351143  -0.334454 
     6200.0000  -0.668594   0.363756  -0.304838 
     6300.0000  -0.662401   0.355921  -0.306480 
     6400.0000  -0.664687   0.365895  -0.298792 
     6500.0000  -0.666250   0.355956  -0.310294 
     6600.0000  -0.669234   0.366419  -0.302815 
     6700.0000  -0.670928   0.357937  -0.312991 
     6800.0000  -0.666646   0.359266  -0.307380 
     6900.0000  -0.665758   0.363328  -0.302430 
     7000.0000  -0.677199   0.359272  -0.317927 
     7100.0000  -0.677733   0.370427  -0.307306 
     7200.0000  -0.670778   0.359529  -0.311248 
     7300.0000  -0.671672   0.358899  -0.312773 
     7400.0000  -0.673822   0.359099  -0.314722 
     7500.0000  -0.670508   0.357705  -0.312803 
     7600.0000  -0.685660   0.359462  -0.326198 
     7700.0000  -0.681227   0.357260  -0.323967 
     7800.0000  -0.684992   0.357399  -0.327593 
     7900.0000  -0.685100   0.362075  -0.323025 
     8000.0000  -0.681358   0.355020  -0.326338 
     8100.0000  -0.684419   0.358329  -0.326091 
     8200.0000  -0.681150   0.362970  -0.318181 
     8300.0000  -0.681198   0.359596  -0.321602 
     8400.0000  -0.680324   0.358303  -0.322021 
     8500.0000  -0.685324   0.356248  -0.329076 
     8600.0000  -0.685208   0.370131  -0.315078 
     8700.0000  -0.681342   0.355290  -0.326052 
     8800.0000  -0.693828   0.366414  -0.327414 
     8900.0000  -0.691704   0.366200  -0.325504 
     9000.0000  -0.696882   0.355881  -0.341001 
     9100.0000  -0.692602   0.358344  -0.334257 
     9200.0000  -0.701727   0.353256  -0.348471 
     9300.0000  -0.692172   0.357308  -0.334864 
     9400.0000  -0.707081   0.361026  -0.346055 
     9500.0000  -0.711321   0.364441  -0.346879 
     9600.0000  -0.708183   0.365104  -0.343079 
     9700.0000  -0.727963   0.359781  -0.368181 
     9800.0000  -0.732310   0.357954  -0.374356 
     9900.0000  -0.738984   0.360775  -0.378209 
    10000.0000  -0.738805   0.368145  -0.370660 
    10100.0000  -0.747814   0.367058  -0.380756 
    10200.0000  -0.746194   0.360450  -0.385744 
    10300.0000  -0.735515   0.364070  -0.371444 
    10400.0000  -0.724000   0.361206  -0.362795 
    10500.0000  -0.725587   0.360260  -0.365327 
    10600.0000  -0.711686   0.359696  -0.351990 
    10700.0000  -0.711436   0.357127  -0.354309 
    10800.0000  -0.716966   0.356803  -0.360163 
    10900.0000  -0.722298   0.358886  -0.363412 
    11000.0000  -0.727983   0.355395  -0.372588 
    11100.0000  -0.710643   0.373305  -0.337338 
    11200.0000  -0.714130   0.353432  -0.360698 
    11300.0000  -0.716705   0.361458  -0.355247 
    11400.0000  -0.713616   0.363753  -0.349863 
    11500.0000  -0.698161   0.361238  -0.336923 
    11600.0000  -0.700557   0.364457  -0.336099 
    11700.0000  -0.713373   0.358800  -0.354572 
    11800.0000  -0.707405   0.365328  -0.342077 
    11900.0000  -0.713206   0.355183  -0.358023 
    12000.0000  -0.718834   0.359612  -0.359221 
    12100.0000  -0.701578   0.351676  -0.349903 
    12200.0000  -0.694270   0.362031  -0.332239 
    12300.0000  -0.698469   0.358639  -0.339830 
    12400.0000  -0.696276   0.350846  -0.345429 
    12500.0000  -0.711164   0.365606  -0.345558 
    12600.0000  -0.715012   0.356545  -0.358467 
    12700.0000  -0.717004   0.360580  -0.356424 
    12800.0000  -0.718250   0.363389  -0.354861 
    12900.0000  -0.719614   0.356295  -0.363319 
    13000.0000  -0.726186   0.363735  -0.362451 
    13100.0000  -0.722625   0.361112  -0.361513 
    13200.0000  -0.707877   0.357541  -0.350336 
    13300.0000  -0.721162   0.354333  -0.366829 
    13400.0000  -0.721672   0.362305  -0.359367 
    13500.0000  -0.704275   0.360303  -0.343971 
    13600.0000  -0.715202   0.356964  -0.358238 
    13700.0000  -0.710694   0.358640  -0.352054 
    13800.0000  -0.705960   0.352973  -0.352987 
    13900.0000  -0.693058   0.357704  -0.335354 
    14000.0000  -0.694512   0.361498  -0.333014 
    14100.0000  -0.700372   0.359592  -0.340779 
    14200.0000  -0.712726   0.366175  -0.346552 
    14300.0000  -0.712881   0.359999  -0.352882 
    14400.0000  -0.717808   0.363129  -0.354678 
    14500.0000  -0.703309   0.360323  -0.342986 
    14600.0000  -0.723954   0.363211  -0.360744 
    14700.0000  -0.728724   0.355794  -0.372930 
    14800.0000  -0.757665   0.358301  -0.399364 
    14900.0000  -0.752758   0.352752  -0.400005 
    15000.0000  -0.753899   0.361055  -0.392844 
    15100.0000  -0.751701   0.362357  -0.389344 
    15200.0000  -0.746106   0.358429  -0.387677 
    15300.0000  -0.740506   0.366521  -0.373985 
    15400.0000  -0.740818   0.355882  -0.384936 
    15500.0000  -0.743248   0.354570  -0.388678 
    15600.0000  -0.750074   0.356663  -0.393410 
    15700.0000  -0.745289   0.360218  -0.385071 
    15800.0000  -0.746717   0.359302  -0.387415 
    15900.0000  -0.755073   0.354708  -0.400366 
    16000.0000  -0.750190   0.353952  -0.396238 
    16100.0000  -0.762384   0.360808  -0.401575 
    16200.0000  -0.763474   0.361439  -0.402035 
    16300.0000  -0.759394   0.362713  -0.396681 
    16400.0000  -0.751382   0.360951  -0.390431 
    16500.0000  -0.765147   0.358039  -0.407108 
    16600.0000  -0.754913   0.366217  -0.388696 
    16700.0000  -0.766789   0.355859  -0.410930 
    16800.0000  -0.770435   0.358314  -0.412121 
    16900.0000  -0.767162   0.364319  -0.402844 
    17000.0000  -0.752717   0.355707  -0.397010 
    17100.0000  -0.760270   0.359816  -0.400453 
    17200.0000  -0.763615   0.357905  -0.405709 
    17300.0000  -0.772813   0.358879  -0.413934 
    17400.0000  -0.761086   0.357429  -0.403657 
    17500.0000  -0.763824   0.355685  -0.408139 
    17600.0000  -0.759394   0.372992  -0.386403 
    17700.0000  -0.746741   0.358576  -0.388166 
    17800.0000  -0.769231   0.359812  -0.409419 
    17900.0000  -0.760470   0.358752  -0.401717 
    18000.0000  -0.767196   0.358989  -0.408207 
    18100.0000  -0.771003   0.365020  -0.405983 
    18200.0000  -0.764657   0.365075  -0.399583 
    18300.0000  -0.779535   0.359724  -0.419811 
    18400.0000  -0.776924   0.365718  -0.411206 
    18500.0000  -0.772834   0.359265  -0.413569 
    18600.0000  -0.751942   0.356470  -0.395472 
    18700.0000  -0.757210   0.364984  -0.392226 
    18800.0000  -0.738081   0.360496  -0.377585 
    18900.0000  -0.729450   0.362568  -0.366882 
    19000.0000  -0.720020   0.361941  -0.358079 
    19100.0000  -0.723731   0.362496  -0.361235 
    19200.0000  -0.710713   0.358691  -0.352022 
    19300.0000  -0.723076   0.364556  -0.358520 
    19400.0000  -0.735285   0.362774  -0.372511 
    19500.0000  -0.742990   0.365560  -0.377430 
    19600.0000  -0.739398   0.360800  -0.378597 
    19700.0000  -0.741959   0.365736  -0.376222 
    19800.0000  -0.741112   0.359547  -0.381565 
    19900.0000  -0.746584   0.362174  -0.384410 
    20000.0000  -0.735400   0.360865  -0.374535 
    20100.0000  -0.745531   0.358630  -0.386901 
    20200.0000  -0.722936   0.358237  -0.364699 
    20300.0000  -0.724462   0.360887  -0.363575 
    20400.0000  -0.720597   0.357470  -0.363127 
    20500.0000  -0.730691   0.359588  -0.371103 
    20600.0000  -0.734202   0.362449  -0.371753 
    20700.0000  -0.747660   0.357370  -0.390290 
    20800.0000  -0.761684   0.364234  -0.397450 
    20900.0000  -0.780619   0.356031  -0.424588 
    21000.0000  -0.773749   0.359449  -0.414300 
    21100.0000  -0.775730   0.362595  -0.413135 
    21200.0000  -0.780706   0.361627  -0.419079 
    21300.0000  -0.771271   0.360776  -0.410495 
    21400.0000  -0.769748   0.357657  -0.412092 
    21500.0000  -0.761084   0.357933  -0.403152 
    21600.0000  -0.763845   0.354853  -0.408991 
    21700.0000  -0.760473   0.354704  -0.405768 
    21800.0000  -0.763832   0.362940  -0.400892 
    21900.0000  -0.770422   0.362950  -0.407472 
    22000.0000  -0.777798   0.360656  -0.417142 
    22100.0000  -0.774339   0.357441  -0.416898 
    22200.0000  -0.774127   0.366132  -0.407995 
    22300.0000  -0.766983   0.353813  -0.413170 
    22400.0000  -0.783291   0.357015  -0.426276 
    22500.0000  -0.785664   0.363163  -0.422501 
    22600.0000  -0.779735   0.359877  -0.419857 
    22700.0000  -0.789580   0.362607  -0.426973 
    22800.0000  -0.792423   0.367278  -0.425145 
    22900.0000  -0.779803   0.358201  -0.421603 
    23000.0000  -0.771026   0.366476  -0.404550 
    23100.0000  -0.782863   0.351398  -0.431465 
    23200.0000  -0.802104   0.359891  -0.442213 
    23300.0000  -0.795840   0.359256  -0.436584 
    23400.0000  -0.795831   0.361528  -0.434303 
    23500.0000  -0.798487   0.360293  -0.438195 
    23600.0000  -0.801280   0.356559  -0.444721 
    23700.0000  -0.795485   0.366594  -0.428891 
    23800.0000  -0.803784   0.357570  -0.446215 
    23900.0000  -0.794979   0.363567  -0.431413 
    24000.0000  -0.792739   0.356063  -0.436677 
    24100.0000  -0.795651   0.356399  -0.439252 
    24200.0000  -0.798485   0.370020  -0.428465 
    24300.0000  -0.809177   0.360678  -0.448500 
    24400.0000  -0.816133   0.365273  -0.450861 
    24500.0000  -0.807067   0.354784  -0.452283 
    24600.0000  -0.809047   0.363294  -0.445753 
    24700.0000  -0.810010   0.359093  -0.450917 
    24800.0000  -0.812444   0.348564  -0.463880 
    24900.0000  -0.815468   0.363191  -0.452277 
    25000.0000  -0.810735   0.358469  -0.452265 
    25100.0000  -0.830102   0.362940  -0.467162 
    25200.0000  -0.828472   0.364422  -0.464049 
    25300.0000  -0.834109   0.361440  -0.472669 
    25400.0000  -0.835145   0.365562  -0.469583 
    25500.0000  -0.845083   0.361780  -0.483303 
    25600.0000  -0.842617   0.351956  -0.490661 
    25700.0000  -0.833312   0.357266  -0.476046 
    25800.0000  -0.829466   0.350786  -0.478681 
    25900.0000  -0.833640   0.357729  -0.475911 
    26000.0000  -0.825387   0.366629  -0.458758 
    26100.0000  -0.828646   0.356557  -0.472089 
    26200.0000  -0.836823   0.362316  -0.474506 
    26300.0000  -0.822447   0.366851  -0.455596 
    26400.0000  -0.827314   0.356194  -0.471120 
    26500.0000  -0.827986   0.363545  -0.464441 
    26600.0000  -0.826680   0.365782  -0.460898 
    26700.0000  -0.842754   0.366995  -0.475758 
    26800.0000  -0.834223   0.363996  -0.470227 
    26900.0000  -0.862765   0.356595  -0.506170 
    27000.0000  -0.862346   0.353639  -0.508708 
    27100.0000  -0.863299   0.356892  -0.506407 
    27200.0000  -0.867308   0.356322  -0.510985 
    27300.0000  -0.869008   0.359020  -0.509989 
    27400.0000  -0.867801   0.361393  -0.506407 
    27500.0000  -0.869224   0.361481  -0.507743 
    27600.0000  -0.880893   0.368785  -0.512108 
    27700.0000  -0.874257   0.354275  -0.519981 
    27800.0000  -0.857300   0.353796  -0.503504 
    27900.0000  -0.863033   0.362595  -0.500437 
    28000.0000  -0.878480   0.357213  -0.521267 
    28100.0000  -0.886332   0.353329  -0.533004 
    28200.0000  -0.879470   0.358972  -0.520498 
    28300.0000  -0.889989   0.360340  -0.529649 
    28400.0000  -0.882619   0.361158  -0.521462 
    28500.0000  -0.890552   0.360216  -0.530336 
    28600.0000  -0.901865   0.354997  -0.546868 
    28700.0000  -0.897840   0.365444  -0.532396 
    28800.0000  -0.889874   0.355432  -0.534442 
    28900.0000  -0.889384   0.359631  -0.529753 
    29000.0000  -0.895941   0.353335  -0.542606 
    29100.0000  -0.898197   0.363277  -0.534919 
    29200.0000  -0.896362   0.358714  -0.537647 
    29300.0000  -0.890702   0.362567  -0.528135 
    29400.0000  -0.884613   0.364893  -0.519720 
    29500.0000  -0.887142   0.356403  -0.530739 
    29600.0000  -0.885360   0.361504  -0.523855 
    29700.0000  -0.884755   0.358250  -0.526504 
    29800.0000  -0.890301   0.352942  -0.537359 
    29900.0000  -0.891822   0.360967  -0.530855 
    30000.0000  -0.904560   0.360831  -0.543729 
    30100.0000  -0.905916   0.355523  -0.550393 
    30200.0000  -0.918915   0.353993  -0.564922 
    30300.0000  -0.918152   0.363610  -0.554541 
    30400.0000  -0.921364   0.359281  -0.562083 
    30500.0000  -0.927209   0.357903  -0.569306 
    30600.0000  -0.923516   0.360648  -0.562869 
    30700.0000  -0.918931   0.361471  -0.557460 
    30800.0000  -0.923572   0.362759  -0.560813 
    30900.0000  -0.917515   0.355635  -0.561880 
    31000.0000  -0.924768   0.360691  -0.564078 
    31100.0000  -0.944888   0.358465  -0.586423 
    31200.0000  -0.939446   0.362048  -0.577398 
    31300.0000  -0.948287   0.363845  -0.584443 
    31400.0000  -0.943223   0.371599  -0.571624 
    31500.0000  -0.955737   0.357291  -0.598446 
    31600.0000  -0.957550   0.361971  -0.595580 
    31700.0000  -0.958385   0.356785  -0.601600 
    31800.0000  -0.971763   0.360336  -0.611427 
    31900.0000  -0.973269   0.359754  -0.613515 
    32000.0000  -0.972168   0.366447  -0.605721 
    32100.0000  -0.970733   0.354192  -0.616541 
    32200.0000  -0.975408   0.359917  -0.615491 
    32300.0000  -0.974190   0.358195  -0.615995 
    32400.0000  -0.969650   0.360825  -0.608825 
    32500.0000  -0.978317   0.356003  -0.622314 
    32600.0000  -0.981751   0.357383  -0.624368 
    32700.0000  -0.966602   0.351308  -0.615293 
    32800.0000  -0.983599   0.357121  -0.626478 
    32900.0000  -0.987918   0.358884  -0.629034 
    33000.0000  -0.992355   0.366963  -0.625391 
    33100.0000  -1.000129   0.359223  -0.640906 
    33200.0000  -1.001582   0.359483  -0.642099 
    33300.0000  -1.014059   0.358110  -0.655950 
    33400.0000  -1.014963   0.355530  -0.659432 
    33500.0000  -1.014329   0.362824  -0.651505 
    33600.0000  -1.014474   0.364476  -0.649998 
    33700.0000  -1.014152   0.359292  -0.654861 
    33800.0000  -1.015724   0.356424  -0.659300 
    33900.0000  -1.019374   0.361188  -0.658187 
    34000.0000  -1.016938   0.349463  -0.667474 
    34100.0000  -1.033016   0.359166  -0.673851 
    34200.0000  -1.034288   0.354423  -0.679865 
    34300.0000  -1.038712   0.361127  -0.677585 
    34400.0000  -1.055027   0.366132  -0.688895 
    34500.0000  -1.052508   0.364115  -0.688393 
    34600.0000  -1.054813   0.355844  -0.698968 
    34700.0000  -1.064999   0.355581  -0.709418 
    34800.0000  -1.075138   0.356235  -0.718903 
    34900.0000  -1.073993   0.359240  -0.714753 
    35000.0000  -1.066022   0.357400  -0.708623 
    35100.0000  -1.067749   0.358718  -0.709031 
    35200.0000  -1.072346   0.364793  -0.707554 
    35300.0000  -1.082168   0.356644  -0.725524 
    35400.0000  -1.084548   0.365780  -0.718768 
    35500.0000  -1.080770   0.363729  -0.717041 
    35600.0000  -1.089291   0.364013  -0.725278 
    35700.0000  -1.092039   0.360471  -0.731569 
    35800.0000  -1.095317   0.367299  -0.728019 
    35900.0000  -1.098334   0.356597  -0.741737 
    36000.0000  -1.104021   0.357247  -0.746773 
    36100.0000  -1.093934   0.358241  -0.735694 
    36200.0000  -1.106798   0.356824  -0.749974 
    36300.0000  -1.116094   0.369371  -0.746723 
    36400.0000  -1.115517   0.354765  -0.760752 
    36500.0000  -1.129344   0.362418  -0.766926 
    36600.0000  -1.128733   0.367264  -0.761470 
    36700.0000  -1.130422   0.363603  -0.766820 
    36800.0000  -1.127253   0.359719  -0.767534 
    36900.0000  -1.126012   0.365322  -0.760690 
    37000.0000  -1.117186   0.363252  -0.753934 
    37100.0000  -1.119711   0.353401  -0.766310 
    37200.0000  -1.114455   0.359484  -0.754971 
    37300.0000  -1.125995   0.363952  -0.762043 
    37400.0000  -1.124838   0.352242  -0.772597 
    37500.0000  -1.133691   0.357866  -0.775824 
    37600.0000  -1.142689   0.357466  -0.785223 
    37700.0000  -1.135642   0.361642  -0.773999 
    37800.0000  -1.150592   0.366395  -0.784197 
    37900.0000  -1.147829   0.365712  -0.782117 
    38000.0000  -1.138162   0.367089  -0.771073 
    38100.0000  -1.160514   0.361154  -0.799359 
    38200.0000  -1.159536   0.363791  -0.795745 
    38300.0000  -1.161247   0.359693  -0.801554 
    38400.0000  -1.175156   0.361362  -0.813793 
    38500.0000  -1.184088   0.360800  -0.823288 
    38600.0000  -1.176223   0.358006  -0.818216 
    38700.0000  -1.179361   0.364116  -0.815245 
    38800.0000  -1.194215   0.352051  -0.842164 
    38900.0000  -1.198496   0.359420  -0.839077 
    39000.0000  -1.207562   0.357599  -0.849963 
    39100.0000  -1.204949   0.360017  -0.844931 
    39200.0000  -1.203882   0.357799  -0.846083 
    39300.0000  -1.212860   0.363933  -0.848927 
    39400.0000  -1.215776   0.352885  -0.862891 
    39500.0000  -1.222288   0.353325  -0.868963 
    39600.0000  -1.214159   0.352160  -0.861999 
    39700.0000  -1.219508   0.363301  -0.856207 
    39800.0000  -1.211845   0.361483  -0.850362 
    39900.0000  -1.218160   0.355492  -0.862667 
    40000.0000  -1.204036   0.361946  -0.842090 
    40100.0000  -1.210067   0.362603  -0.847464 
    40200.0000  -1.211479   0.355679  -0.855800 
    40300.0000  -1.218745   0.368774  -0.849972 
    40400.0000  -1.215906   0.364239  -0.851667 
    40500.0000  -1.219493   0.365850  -0.853642 
    40600.0000  -1.234242   0.353323  -0.880919 
    40700.0000  -1.229565   0.358536  -0.871028 
    40800.0000  -1.227961   0.359190  -0.868771 
    40900.0000  -1.238838   0.357802  -0.881036 
    41000.0000  -1.232450   0.362722  -0.869728 
    41100.0000  -1.242080   0.366392  -0.875687 
    41200.0000  -1.254261   0.364836  -0.889426 
    41300.0000  -1.258390   0.367850  -0.890540 
    41400.0000  -1.252539   0.353475  -0.899064 
    41500.0000  -1.254078   0.361751  -0.892327 
    41600.0000  -1.248071   0.361652  -0.886419 
    41700.0000  -1.248124   0.355301  -0.892823 
    41800.0000  -1.257064   0.364000  -0.893064 
    41900.0000  -1.246638   0.354416  -0.892221 
    42000.0000  -1.252332   0.355905  -0.896427 
    42100.0000  -1.246206   0.350270  -0.895936 
    42200.0000  -1.255706   0.358241  -0.897465 
    42300.0000  -1.268877   0.365002  -0.903874 
    42400.0000  -1.271132   0.364481  -0.906651 
    42500.0000  -1.271192   0.352520  -0.918672 
    42600.0000  -1.288354   0.351841  -0.936513 
    42700.0000  -1.297896   0.355300  -0.942596 
    42800.0000  -1.289765   0.355194  -0.934571 
    42900.0000  -1.297761   0.359546  -0.938215 
    43000.0000  -1.299372   0.360092  -0.939280 
    43100.0000  -1.306098   0.360494  -0.945605 
    43200.0000  -1.310234   0.360337  -0.949897 
    43300.0000  -1.307071   0.353484  -0.953587 
    43400.0000  -1.310760   0.359699  -0.951062 
    43500.0000  -1.329096   0.356337  -0.972759 
    43600.0000  -1.331929   0.360038  -0.971891 
    43700.0000  -1.332896   0.356389  -0.976507 
    43800.0000  -1.342824   0.357700  -0.985124 
    43900.0000  -1.337414   0.362891  -0.974523 
    44000.0000  -1.345850   0.367574  -0.978277 
    44100.0000  -1.344056   0.358939  -0.985116 
    44200.0000  -1.343458   0.357649  -0.985808 
    44300.0000  -1.343960   0.364489  -0.979471 
    44400.0000  -1.350316   0.362658  -0.987658 
    44500.0000  -1.334026   0.363738  -0.970288 
    44600.0000  -1.333789   0.359263  -0.974527 
    44700.0000  -1.326152   0.353909  -0.972243 
    44800.0000  -1.325071   0.363180  -0.961891 
    44900.0000  -1.322724   0.358426  -0.964299 
    45000.0000  -1.321453   0.365143  -0.956310 
    45100.0000  -1.326255   0.360971  -0.965285 
    45200.0000  -1.332709   0.354956  -0.977753 
    45300.0000  -1.343002   0.355042  -0.987960 
    45400.0000  -1.341045   0.362349  -0.978696 
    45500.0000  -1.343233   0.360107  -0.983126 
    45600.0000  -1.337366   0.355540  -0.981826 
    45700.0000  -1.333876   0.357629  -0.976247 
    45800.0000  -1.339677   0.364071  -0.975607 
    45900.0000  -1.349276   0.369297  -0.979978 
    46000.0000  -1.356442   0.356907  -0.999535 
    46100.0000  -1.365570   0.357776  -1.007795 
    46200.0000  -1.388273   0.364877  -1.023396 
    46300.0000  -1.374623   0.360531  -1.014092 
    46400.0000  -1.379278   0.364270  -1.015008 
    46500.0000  -1.386756   0.360842  -1.025914 
    46600.0000  -1.388487   0.356155  -1.032332 
    46700.0000  -1.388940   0.357639  -1.031301 
    46800.0000  -1.392346   0.361195  -1.031152 
    46900.0000  -1.401645   0.366266  -1.035379 
    47000.0000  -1.401528   0.358703  -1.042825 
    47100.0000  -1.407369   0.358526  -1.048843 
    47200.0000  -1.409301   0.363070  -1.046230 
    47300.0000  -1.408786   0.356697  -1.052090 
    47400.0000  -1.414702   0.362432  -1.052270 
    47500.0000  -1.410652   0.359402  -1.051250 
    47600.0000  -1.408560   0.355519  -1.053041 
    47700.0000  -1.408685   0.360128  -1.048558 
    47800.0000  -1.405732   0.356674  -1.049058 
    47900.0000  -1.407985   0.367122  -1.040863 
    48000.0000  -1.404507   0.365861  -1.038646 
    48100.0000  -1.411930   0.357559  -1.054371 
    48200.0000  -1.423961   0.357413  -1.066547 
    48300.0000  -1.422331   0.367142  -1.055190 
    48400.0000  -1.431287   0.357898  -1.073389 
    48500.0000  -1.446267   0.346694  -1.099572 
    48600.0000  -1.451554   0.359402  -1.092152 
    48700.0000  -1.450436   0.364683  -1.085753 
    48800.0000  -1.453436   0.361305  -1.092130 
    48900.0000  -1.467980   0.358418  -1.109562 
    49000.0000  -1.475332   0.355236  -1.120096 
    49100.0000  -1.477139   0.351462  -1.125677 
    49200.0000  -1.478321   0.356499  -1.121822 
    49300.0000  -1.485546   0.355274  -1.130271 
    49400.0000  -1.494097   0.364980  -1.129117 
    49500.0000  -1.494656   0.361308  -1.133347 
    49600.0000  -1.501417   0.357996  -1.143421 
    49700.0000  -1.508914   0.363555  -1.145359 
    49800.0000  -1.510956   0.357391  -1.153565 
    49900.0000  -1.515794   0.366966  -1.148828 
    50000.0000  -1.526072   0.358129  -1.167943 
    50100.0000  -1.519930   0.361213  -1.158717 
    50200.0000  -1.526498   0.356219  -1.170280 
    50300.0000  -1.528297   0.356825  -1.171471 
    50400.0000  -1.525727   0.364779  -1.160948 
    50500.0000  -1.529258   0.355577  -1.173681 
    50600.0000  -1.531335   0.362571  -1.168763 
    50700.0000  -1.527898   0.361306  -1.166592 
    50800.0000  -1.527668   0.359602  -1.168066 
    50900.0000  -1.535862   0.357865  -1.177997 
    51000.0000  -1.543758   0.359368  -1.184390 
    51100.0000  -1.541713   0.364659  -1.177054 
    51200.0000  -1.552568   0.360863  -1.191705 
    51300.0000  -1.549205   0.347582  -1.201623 
    51400.0000  -1.554938   0.356124  -1.198814 
    51500.0000  -1.550028   0.363785  -1.186244 
    51600.0000  -1.550996   0.359027  -1.191969 
    51700.0000  -1.546791   0.360112  -1.186679 
    51800.0000  -1.551104   0.359063  -1.192040 
    51900.0000  -1.552749   0.357977  -1.194773 
    52000.0000  -1.552048   0.371239  -1.180810 
    52100.0000  -1.548894   0.355561  -1.193333 
    52200.0000  -1.555475   0.360032  -1.195443 
    52300.0000  -1.567434   0.352575  -1.214859 
    52400.0000  -1.561682   0.362528  -1.199153 
    52500.0000  -1.574569   0.358943  -1.215626 
    52600.0000  -1.580717   0.363817  -1.216899 
    52700.0000  -1.579748   0.357608  -1.222140 
    52800.0000  -1.579726   0.365766  -1.213960 
    52900.0000  -1.587829   0.354762  -1.233067 
    53000.0000  -1.594700   0.367019  -1.227681 
    53100.0000  -1.590046   0.359262  -1.230784 
    53200.0000  -1.596830   0.361873  -1.234958 
    53300.0000  -1.597874   0.355698  -1.242177 
    53400.0000  -1.602064   0.363048  -1.239016 
    53500.0000  -1.618261   0.357804  -1.260457 
    53600.0000  -1.610628   0.360557  -1.250071 
    53700.0000  -1.618218   0.357544  -1.260674 
    53800.0000  -1.620460   0.354416  -1.266044 
    53900.0000  -1.624100   0.363755  -1.260345 
    54000.0000  -1.616405   0.359090  -1.257315 
    54100.0000  -1.620506   0.365954  -1.254553 
    54200.0000  -1.622546   0.368473  -1.254073 
    54300.0000  -1.623058   0.370980  -1.252079 
    54400.0000  -1.617727   0.361683  -1.256044 
    54500.0000  -1.612074   0.355161  -1.256912 
    54600.0000  -1.623384   0.356934  -1.266450 
    54700.0000  -1.632475   0.362997  -1.269478 
    54800.0000  -1.628145   0.368369  -1.259776 
    54900.0000  -1.632230   0.354475  -1.277755 
    55000.0000  -1.642301   0.362077  -1.280223 
    55100.0000  -1.639862   0.359913  -1.279949 
    55200.0000  -1.645412   0.360171  -1.285240 
    55300.0000  -1.649875   0.358921  -1.290954 
    55400.0000  -1.657776   0.350690  -1.307086 
    55500.0000  -1.651574   0.353278  -1.298296 
    55600.0000  -1.657570   0.359462  -1.298107 
    55700.0000  -1.670522   0.363532  -1.306990 
    55800.0000  -1.668407   0.363000  -1.305407 
    55900.0000  -1.682528   0.356849  -1.325679 
    56000.0000  -1.686125   0.356001  -1.330124 
    56100.0000  -1.701989   0.365363  -1.336626 
    56200.0000  -1.698722   0.357974  -1.340748 
    56300.0000  -1.696931   0.360731  -1.336199 
    56400.0000  -1.708673   0.357892  -1.350781 
    56500.0000  -1.705012   0.356288  -1.348724 
    56600.0000  -1.709330   0.362115  -1.347214 
    56700.0000  -1.713016   0.363269  -1.349747 
    56800.0000  -1.714732   0.359161  -1.355571 
    56900.0000  -1.720919   0.362602  -1.358318 
    57000.0000  -1.715422   0.359281  -1.356142 
    57100.0000  -1.716271   0.369199  -1.347072 
    57200.0000  -1.725281   0.359516  -1.365765 
    57300.0000  -1.735932   0.352569  -1.383364 
    57400.0000  -1.734241   0.352841  -1.381400 
    57500.0000  -1.722561   0.358916  -1.363645 
    57600.0000  -1.728573   0.356434  -1.372140 
    57700.0000  -1.734639   0.372606  -1.362033 
    57800.0000  -1.733630   0.363110  -1.370520 
    57900.0000  -1.735123   0.353917  -1.381206 
    58000.0000  -1.747128   0.360267  -1.386860 
    58100.0000  -1.752946   0.366181  -1.386766 
    58200.0000  -1.753451   0.361147  -1.392305 
    58300.0000  -1.755047   0.363435  -1.391612 
    58400.0000  -1.767978   0.352016  -1.415962 
    58500.0000  -1.773395   0.359470  -1.413925 
    58600.0000  -1.769623   0.355799  -1.413824 
    58700.0000  -1.784771   0.355741  -1.429030 
    58800.0000  -1.775702   0.361994  -1.413708 
    58900.0000  -1.784738   0.364541  -1.420197 
    59000.0000  -1.790295   0.366925  -1.423369 
    59100.0000  -1.796978   0.350816  -1.446162 
    59200.0000  -1.804151   0.356373  -1.447778 
    59300.0000  -1.801209   0.354875  -1.446333 
    59400.0000  -1.799018   0.357018  -1.442001 
    59500.0000  -1.801238   0.354248  -1.446990 
    59600.0000  -1.796943   0.360305  -1.436638 
    59700.0000  -1.800788   0.360275  -1.440514 
    59800.0000  -1.807325   0.359190  -1.448135 
    59900.0000  -1.805675   0.362642  -1.443033 
    60000.0000  -1.818537   0.354949  -1.463588 
    60100.0000  -1.815299   0.361229  -1.454070 
    60200.0000  -1.824181   0.363699  -1.460483 
    60300.0000  -1.819704   0.351380  -1.468324 
    60400.0000  -1.828329   0.362849  -1.465480 
    60500.0000  -1.822550   0.356407  -1.466144 
    60600.0000  -1.820433   0.358553  -1.461880 
    60700.0000  -1.812822   0.363633  -1.449189 
    60800.0000  -1.822297   0.361614  -1.460683 
    60900.0000  -1.835594   0.362465  -1.473129 
    61000.0000  -1.838067   0.356066  -1.482001 
    61100.0000  -1.844728   0.362438  -1.482289 
    61200.0000  -1.843046   0.362330  -1.480715 
    61300.0000  -1.841589   0.355936  -1.485653 
    61400.0000  -1.847653   0.360699  -1.486954 
    61500.0000  -1.849247   0.359382  -1.489865 
    61600.0000  -1.847958   0.341448  -1.506510 
    61700.0000  -1.846343   0.361870  -1.484474 
    61800.0000  -1.855124   0.361194  -1.493930 
    61900.0000  -1.859456   0.360866  -1.498590 
    62000.0000  -1.862800   0.359337  -1.503463 
    62100.0000  -1.870717   0.358824  -1.511893 
    62200.0000  -1.866526   0.361452  -1.505074 
    62300.0000  -1.868992   0.362808  -1.506184 
    62400.0000  -1.868141   0.358582  -1.509559 
    62500.0000  -1.874537   0.360336  -1.514201 
    62600.0000  -1.873862   0.357537  -1.516326 
    62700.0000  -1.881199   0.358375  -1.522824 
    62800.0000  -1.885151   0.371498  -1.513653 
    62900.0000  -1.899226   0.360237  -1.538989 
    63000.0000  -1.894400   0.360473  -1.533927 
    63100.0000  -1.899395   0.367478  -1.531918 
    63200.0000  -1.889678   0.360267  -1.529411 
    63300.0000  -1.898444   0.366262  -1.532181 
    63400.0000  -1.900032   0.362892  -1.537139 
    63500.0000  -1.903330   0.353599  -1.549730 
    63600.0000  -1.907615   0.361154  -1.546461 
    63700.0000  -1.913221   0.355681  -1.557540 
    63800.0000  -1.906928   0.368903  -1.538025 
    63900.0000  -1.911289   0.360842  -1.550447 
    64000.0000  -1.911292   0.356477  -1.554815 
    64100.0000  -1.918240   0.361091  -1.557150 
    64200.0000  -1.925942   0.349029  -1.576913 
    64300.0000  -1.931706   0.360329  -1.571377 
    64400.0000  -1.936966   0.355171  -1.581795 
    64500.0000  -1.937769   0.360917  -1.576852 
    64600.0000  -1.935923   0.357214  -1.578709 
    64700.0000  -1.926283   0.365007  -1.561277 
    64800.0000  -1.929685   0.348743  -1.580942 
    64900.0000  -1.931469   0.365260  -1.566208 
    65000.0000  -1.930605   0.361241  -1.569364 
    65100.0000  -1.940269   0.356140  -1.584129 
    65200.0000  -1.943228   0.357641  -1.585587 
    65300.0000  -1.946068   0.364383  -1.581685 
    65400.0000  -1.945695   0.362631  -1.583064 
    65500.0000  -1.946823   0.353529  -1.593293 
    65600.0000  -1.957812   0.366595  -1.591217 
    65700.0000  -1.952294   0.361432  -1.590862 
    65800.0000  -1.948668   0.354621  -1.594046 
    65900.0000  -1.951343   0.360547  -1.590796 
    66000.0000  -1.948722   0.361266  -1.587456 
    66100.0000  -1.949875   0.350302  -1.599573 
    66200.0000  -1.956666   0.366649  -1.590017 
    66300.0000  -1.957849   0.352842  -1.605007 
    66400.0000  -1.957374   0.357035  -1.600339 
    66500.0000  -1.964851   0.358592  -1.606260 
    66600.0000  -1.960258   0.361202  -1.599056 
    66700.0000  -1.971067   0.367678  -1.603389 
    66800.0000  -1.969000   0.366549  -1.602451 
    66900.0000  -1.968478   0.368202  -1.600276 
    67000.0000  -1.972111   0.367492  -1.604618 
    67100.0000  -1.975059   0.359868  -1.615191 
    67200.0000  -1.975831   0.355386  -1.620445 
    67300.0000  -1.975279   0.358609  -1.616670 
    67400.0000  -1.983555   0.356187  -1.627368 
    67500.0000  -1.982766   0.369935  -1.612831 
    67600.0000  -1.983468   0.356543  -1.626925 
    67700.0000  -1.990478   0.359776  -1.630703 
    67800.0000  -1.990438   0.363862  -1.626576 
    67900.0000  -1.993211   0.362815  -1.630397 
    68000.0000  -1.996400   0.360636  -1.635764 
    68100.0000  -2.004505   0.353160  -1.651345 
    68200.0000  -2.007049   0.368366  -1.638683 
    68300.0000  -1.995601   0.360137  -1.635463 
    68400.0000  -1.995391   0.356169  -1.639223 
    68500.0000  -1.998421   0.363730  -1.634691 
    68600.0000  -2.000050   0.358686  -1.641364 
    68700.0000  -2.000692   0.366718  -1.633974 
    68800.0000  -1.998279   0.354564  -1.643715 
    68900.0000  -2.002334   0.361224  -1.641110 
    69000.0000  -2.003134   0.353801  -1.649333 
    69100.0000  -2.008789   0.365343  -1.643447 
    69200.0000  -2.017626   0.362275  -1.655352 
    69300.0000  -2.019802   0.360242  -1.659560 
    69400.0000  -2.025706   0.356081  -1.669625 
    69500.0000  -2.026788   0.359986  -1.666802 
    69600.0000  -2.033368   0.363699  -1.669670 
    69700.0000  -2.035860   0.361615  -1.674245 
    69800.0000  -2.037552   0.359712  -1.677839 
    69900.0000  -2.042813   0.361846  -1.680967 
    70000.0000  -2.043313   0.357916  -1.685398 
    70100.0000  -2.044030   0.350478  -1.693551 
    70200.0000  -2.040474   0.364351  -1.676124 
    70300.0000  -2.042438   0.366835  -1.675604 
    70400.0000  -2.044749   0.363341  -1.681408 
    70500.0000  -2.043078   0.366696  -1.676382 
    70600.0000  -2.040574   0.354695  -1.685880 
    70700.0000  -2.045807   0.365952  -1.679855 
    70800.0000  -2.049020   0.355816  -1.693204 
    70900.0000  -2.038556   0.359359  -1.679197 
    71000.0000  -2.047272   0.352932  -1.694340 
    71100.0000  -2.050560   0.361436  -1.689124 
    71200.0000  -2.052719   0.365501  -1.687218 
    71300.0000  -2.048884   0.362515  -1.686369 
    71400.0000  -2.047463   0.357764  -1.689699 
    71500.0000  -2.056430   0.355222  -1.701209 
    71600.0000  -2.055666   0.358646  -1.697019 
    71700.0000  -2.063035   0.357156  -1.705879 
    71800.0000  -2.064960   0.356306  -1.708654 
    71900.0000  -2.069290   0.359610  -1.709679 
    72000.0000  -2.071104   0.356707  -1.714397 
    72100.0000  -2.064814   0.367180  -1.697634 
    72200.0000  -2.071078   0.355244  -1.715834 
    72300.0000  -2.064577   0.361862  -1.702715 
    72400.0000  -2.069104   0.359437  -1.709667 
    72500.0000  -2.067898   0.367475  -1.700423 
    72600.0000  -2.073084   0.363871  -1.709213 
    72700.0000  -2.078122   0.358648  -1.719474 
    72800.0000  -2.084997   0.354688  -1.730309 
    72900.0000  -2.085428   0.360615  -1.724813 
    73000.0000  -2.087036   0.358420  -1.728616 
    73100.0000  -2.084283   0.357521  -1.726762 
    73200.0000  -2.093993   0.367702  -1.726292 
    73300.0000  -2.095647   0.356054  -1.739593 
    73400.0000  -2.096495   0.360524  -1.735971 
    73500.0000  -2.096179   0.363683  -1.732496 
    73600.0000  -2.091242   0.362393  -1.728849 
    73700.0000  -2.090919   0.357701  -1.733218 
    73800.0000  -2.097204   0.354504  -1.742700 
    73900.0000  -2.094427   0.364251  -1.730175 
    74000.0000  -2.095258   0.357081  -1.738178 
    74100.0000  -2.094434   0.363009  -1.731425 
    74200.0000  -2.100209   0.367593  -1.732617 
    74300.0000  -2.099706   0.354844  -1.744863 
    74400.0000  -2.101732   0.351747  -1.749985 
    74500.0000  -2.101106   0.360105  -1.741001 
    74600.0000  -2.102984   0.364620  -1.738364 
    74700.0000  -2.108390   0.365837  -1.742553 
    74800.0000  -2.101942   0.355048  -1.746894 
    74900.0000  -2.106505   0.354231  -1.752274 
    75000.0000  -2.111286   0.355002  -1.756284 
    75100.0000  -2.110545   0.353421  -1.757124 
    75200.0000  -2.118555   0.361819  -1.756736 
    75300.0000  -2.120872   0.361942  -1.758931 
    75400.0000  -2.123953   0.348613  -1.775339 
    75500.0000  -2.120539   0.367641  -1.752898 
    75600.0000  -2.115985   0.365118  -1.750868 
    75700.0000  -2.118385   0.365018  -1.753367 
    75800.0000  -2.125124   0.367146  -1.757978 
    75900.0000  -2.122345   0.366891  -1.755454 
    76000.0000  -2.119053   0.358969  -1.760084 
    76100.0000  -2.115893   0.360209  -1.755684 
    76200.0000  -2.126762   0.364374  -1.762388 
    76300.0000  -2.124093   0.356353  -1.767740 
    76400.0000  -2.132439   0.356309  -1.776129 
    76500.0000  -2.136888   0.359586  -1.777303 
    76600.0000  -2.140053   0.356596  -1.783457 
    76700.0000  -2.144145   0.362556  -1.781589 
    76800.0000  -2.147244   0.361747  -1.785497 
    76900.0000  -2.141330   0.359318  -1.782012 
    77000.0000  -2.145695   0.364996  -1.780699 
    77100.0000  -2.148586   0.354449  -1.794137 
    77200.0000  -2.148677   0.355333  -1.793344 
    77300.0000  -2.151782   0.354314  -1.797468 
    77400.0000  -2.153266   0.370829  -1.782438 
    77500.0000  -2.148574   0.357694  -1.790879 
    77600.0000  -2.147487   0.363495  -1.783992 
    77700.0000  -2.148767   0.360418  -1.788349 
    77800.0000  -2.144338   0.355004  -1.789334 
    77900.0000  -2.161011   0.365374  -1.795638 
    78000.0000  -2.159505   0.359182  -1.800323 
    78100.0000  -2.168225   0.363334  -1.804891 
    78200.0000  -2.158545   0.363484  -1.795061 
    78300.0000  -2.173217   0.361204  -1.812013 
    78400.0000  -2.170876   0.354621  -1.816255 
    78500.0000  -2.173995   0.363330  -1.810665 
    78600.0000  -2.166221   0.364628  -1.801593 
    78700.0000  -2.179917   0.359362  -1.820555 
    78800.0000  -2.178273   0.360700  -1.817573 
    78900.0000  -2.180639   0.357294  -1.823346 
    79000.0000  -2.179218   0.363066  -1.816152 
    79100.0000  -2.186990   0.364687  -1.822303 
    79200.0000  -2.189322   0.363208  -1.826114 
    79300.0000  -2.187015   0.358941  -1.828075 
    79400.0000  -2.191497   0.362444  -1.829053 
    79500.0000  -2.187930   0.353421  -1.834509 
    79600.0000  -2.189349   0.366116  -1.823233 
    79700.0000  -2.198853   0.363043  -1.835810 
    79800.0000  -2.200970   0.358314  -1.842656 
    79900.0000  -2.198200   0.360656  -1.837544 
    80000.0000  -2.200605   0.374203  -1.826402 
    80100.0000  -2.198364   0.357539  -1.840825 
    80200.0000  -2.198716   0.364587  -1.834129 
    80300.0000  -2.194710   0.360427  -1.834283 
    80400.0000  -2.198980   0.357431  -1.841550 
    80500.0000  -2.195373   0.360267  -1.835107 
    80600.0000  -2.204904   0.356558  -1.848346 
    80700.0000  -2.205496   0.367967  -1.837529 
    80800.0000  -2.207096   0.356718  -1.850378 
    80900.0000  -2.208914   0.366599  -1.842315 
    81000.0000  -2.210598   0.364456  -1.846142 
    81100.0000  -2.209996   0.362358  -1.847637 
    81200.0000  -2.215414   0.361862  -1.853552 
    81300.0000  -2.213260   0.353254  -1.860006 
    81400.0000  -2.205860   0.355476  -1.850384 
    81500.0000  -2.209942   0.354170  -1.855771 
    81600.0000  -2.212915   0.359001  -1.853914 
    81700.0000  -2.210886   0.361081  -1.849805 
    81800.0000  -2.220661   0.352330  -1.868332 
    81900.0000  -2.219696   0.365842  -1.853854 
    82000.0000  -2.219599   0.363917  -1.855683 
    82100.0000  -2.226099   0.362591  -1.863508 
    82200.0000  -2.223646   0.375051  -1.848595 
    82300.0000  -2.225709   0.359499  -1.866209 
    82400.0000  -2.229494   0.360638  -1.868856 
    82500.0000  -2.230366   0.360560  -1.869806 
    82600.0000  -2.230694   0.355125  -1.875569 
    82700.0000  -2.236229   0.358796  -1.877433 
    82800.0000  -2.233755   0.357184  -1.876571 
    82900.0000  -2.231360   0.359291  -1.872069 
    83000.0000  -2.232690   0.361819  -1.870871 
    83100.0000  -2.234570   0.370307  -1.864263 
    83200.0000  -2.242170   0.344985  -1.897185 
    83300.0000  -2.238631   0.354837  -1.883793 
    83400.0000  -2.231931   0.365989  -1.865942 
    83500.0000  -2.239185   0.357012  -1.882173 
    83600.0000  -2.244647   0.364228  -1.880419 
    83700.0000  -2.245560   0.370388  -1.875173 
    83800.0000  -2.247916   0.358874  -1.889042 
    83900.0000  -2.246327   0.361224  -1.885103 
    84000.0000  -2.254913   0.361246  -1.893667 
    84100.0000  -2.254490   0.363694  -1.890796 
    84200.0000  -2.250967   0.360819  -1.890148 
    84300.0000  -2.248523   0.375140  -1.873383 
    84400.0000  -2.253964   0.353905  -1.900059 
    84500.0000  -2.250657   0.363732  -1.886926 
    84600.0000  -2.241698   0.363360  -1.878338 
    84700.0000  -2.251473   0.354921  -1.896552 
    84800.0000  -2.243667   0.361011  -1.882656 
    84900.0000  -2.245659   0.360565  -1.885093 
    85000.0000  -2.239026   0.367317  -1.871709 
    85100.0000  -2.253753   0.358994  -1.894759 
    85200.0000  -2.250720   0.370877  -1.879843 
    85300.0000  -2.250639   0.362361  -1.888277 
    85400.0000  -2.253987   0.365434  -1.888553 
    85500.0000  -2.249453   0.353518  -1.895935 
    85600.0000  -2.244802   0.359364  -1.885438 
    85700.0000  -2.250054   0.363160  -1.886894 
    85800.0000  -2.248362   0.364478  -1.883884 
    85900.0000  -2.244347   0.360726  -1.883621 
    86000.0000  -2.244252   0.353488  -1.890764 
    86100.0000  -2.253824   0.357710  -1.896113 
    86200.0000  -2.244140   0.356835  -1.887306 
    86300.0000  -2.250374   0.365087  -1.885288 
    86400.0000  -2.250454   0.358942  -1.891512 
    86500.0000  -2.256926   0.358584  -1.898341 
    86600.0000  -2.250879   0.357963  -1.892915 
    86700.0000  -2.261893   0.361634  -1.900259 
    86800.0000  -2.260017   0.370029  -1.889988 
    86900.0000  -2.266452   0.354451  -1.912001 
    87000.0000  -2.262619   0.361780  -1.900839 
    87100.0000  -2.269278   0.358337  -1.910941 
    87200.0000  -2.275467   0.357635  -1.917832 
    87300.0000  -2.271983   0.364687  -1.907296 
    87400.0000  -2.274353   0.362332  -1.912021 
    87500.0000  -2.271471   0.355028  -1.916443 
    87600.0000  -2.266694   0.348112  -1.918582 
    87700.0000  -2.276663   0.361605  -1.915058 
    87800.0000  -2.271307   0.355827  -1.915480 
    87900.0000  -2.272682   0.360049  -1.912633 
    88000.0000  -2.272442   0.359041  -1.913402 
    88100.0000  -2.268785   0.358774  -1.910011 
    88200.0000  -2.265177   0.360790  -1.904388 
    88300.0000  -2.274975   0.359479  -1.915497 
    88400.0000  -2.274516   0.363300  -1.911216 
    88500.0000  -2.272959   0.360555  -1.912404 
    88600.0000  -2.267970   0.364092  -1.903877 
    88700.0000  -2.275633   0.352993  -1.922640 
    88800.0000  -2.276956   0.363260  -1.913696 
    88900.0000  -2.278767   0.360346  -1.918421 
    89000.0000  -2.276826   0.356033  -1.920793 
    89100.0000  -2.283618   0.357803  -1.925815 
    89200.0000  -2.285257   0.356841  -1.928416 
    89300.0000  -2.285825   0.359800  -1.926025 
    89400.0000  -2.282351   0.356007  -1.926345 
    89500.0000  -2.284981   0.364262  -1.920719 
    89600.0000  -2.288854   0.367210  -1.921643 
    89700.0000  -2.286205   0.362050  -1.924155 
    89800.0000  -2.286537   0.364774  -1.921762 
    89900.0000  -2.289066   0.353786  -1.935280 
    90000.0000  -2.290128   0.360472  -1.929655 
    90100.0000  -2.299466   0.362097  -1.937369 
    90200.0000  -2.295137   0.363327  -1.931811 
    90300.0000  -2.285469   0.360072  -1.925397 
    90400.0000  -2.285451   0.361439  -1.924012 
    90500.0000  -2.286895   0.362448  -1.924448 
    90600.0000  -2.290757   0.362940  -1.927817 
    90700.0000  -2.281122   0.361843  -1.919279 
    90800.0000  -2.288026   0.365641  -1.922386 
    90900.0000  -2.291571   0.361647  -1.929924 
    91000.0000  -2.293023   0.363544  -1.929478 
    91100.0000  -2.289750   0.357925  -1.931824 
    91200.0000  -2.299906   0.364773  -1.935133 
    91300.0000  -2.304862   0.361583  -1.943279 
    91400.0000  -2.301553   0.361180  -1.940373 
    91500.0000  -2.307089   0.360528  -1.946561 
    91600.0000  -2.304827   0.365120  -1.939707 
    91700.0000  -2.303400   0.362630  -1.940769 
    91800.0000  -2.307630   0.361695  -1.945935 
    91900.0000  -2.305553   0.367555  -1.937998 
    92000.0000  -2.307445   0.349955  -1.957490 
    92100.0000  -2.304472   0.354708  -1.949764 
    92200.0000  -2.303829   0.362940  -1.940890 
    92300.0000  -2.295565   0.363818  -1.931747 
    92400.0000  -2.305596   0.358355  -1.947241 
    92500.0000  -2.307254   0.359534  -1.947720 
    92600.0000  -2.314179   0.359605  -1.954573 
    92700.0000  -2.303130   0.356530  -1.946600 
    92800.0000  -2.303197   0.364014  -1.939182 
    92900.0000  -2.305669   0.362761  -1.942908 
    93000.0000  -2.306444   0.365540  -1.940905 
    93100.0000  -2.306678   0.358968  -1.947711 
    93200.0000  -2.306485   0.358374  -1.948110 
    93300.0000  -2.305407   0.355500  -1.949907 
    93400.0000  -2.311495   0.371310  -1.940186 
    93500.0000  -2.308745   0.359867  -1.948878 
    93600.0000  -2.310992   0.364597  -1.946395 
    93700.0000  -2.309531   0.354644  -1.954887 
    93800.0000  -2.311283   0.360871  -1.950412 
    93900.0000  -2.306531   0.365565  -1.940966 
    94000.0000  -2.309853   0.358896  -1.950957 
    94100.0000  -2.311942   0.356854  -1.955088 
    94200.0000  -2.310187   0.358897  -1.951290 
    94300.0000  -2.307468   0.353405  -1.954063 
    94400.0000  -2.306509   0.365583  -1.940926 
    94500.0000  -2.309672   0.358472  -1.951200 
    94600.0000  -2.310519   0.361472  -1.949047 
    94700.0000  -2.308359   0.358396  -1.949963 
    94800.0000  -2.307866   0.359035  -1.948832 
    94900.0000  -2.307827   0.361693  -1.946134 
    95000.0000  -2.311801   0.368988  -1.942813 
    95100.0000  -2.311408   0.364395  -1.947013 
    95200.0000  -2.314252   0.363514  -1.950737 
    95300.0000  -2.313706   0.361416  -1.952291 
    95400.0000  -2.312007   0.359215  -1.952792 
    95500.0000  -2.310789   0.370840  -1.939950 
    95600.0000  -2.312965   0.360513  -1.952452 
    95700.0000  -2.314648   0.358070  -1.956577 
    95800.0000  -2.320132   0.371405  -1.948727 
    95900.0000  -2.316753   0.357440  -1.959313 
    96000.0000  -2.315580   0.355073  -1.960507 
    96100.0000  -2.319632   0.362708  -1.956923 
    96200.0000  -2.313833   0.358653  -1.955180 
    96300.0000  -2.319030   0.357000  -1.962030 
    96400.0000  -2.324884   0.364573  -1.960310 
    96500.0000  -2.325831   0.363230  -1.962600 
    96600.0000  -2.321350   0.360549  -1.960802 
    96700.0000  -2.325407   0.361516  -1.963891 
    96800.0000  -2.321882   0.356829  -1.965053 
    96900.0000  -2.325653   0.366800  -1.958853 
    97000.0000  -2.325425   0.357795  -1.967630 
    97100.0000  -2.332466   0.356868  -1.975598 
    97200.0000  -2.332265   0.358909  -1.973356 
    97300.0000  -2.330106   0.349270  -1.980837 
    97400.0000  -2.332447   0.364947  -1.967500 
    97500.0000  -2.329246   0.361026  -1.968221 
    97600.0000  -2.335247   0.350273  -1.984974 
    97700.0000  -2.337461   0.361221  -1.976240 
    97800.0000  -2.340251   0.365836  -1.974414 
    97900.0000  -2.336826   0.358960  -1.977867 
    98000.0000  -2.344558   0.350584  -1.993974 
    98100.0000  -2.340166   0.357068  -1.983098 
    98200.0000  -2.339203   0.362512  -1.976690 
    98300.0000  -2.333800   0.364936  -1.968864 
    98400.0000  -2.341165   0.356665  -1.984500 
    98500.0000  -2.335876   0.357919  -1.977957 
    98600.0000  -2.334962   0.360198  -1.974763 
    98700.0000  -2.344423   0.364664  -1.979759 
    98800.0000  -2.342833   0.362275  -1.980558 
    98900.0000  -2.343611   0.354810  -1.988802 
    99000.0000  -2.341303   0.358884  -1.982419 
    99100.0000  -2.342413   0.362345  -1.980068 
    99200.0000  -2.346397   0.357788  -1.988609 
    99300.0000  -2.347037   0.353125  -1.993912 
    99400.0000  -2.344566   0.355295  -1.989271 
    99500.0000  -2.345465   0.363981  -1.981484 
    99600.0000  -2.344531   0.356148  -1.988384 
    99700.0000  -2.347141   0.364048  -1.983093 
    99800.0000  -2.350250   0.361000  -1.989250 
    99900.0000  -2.345049   0.359267  -1.985782 
   100000.0000  -2.347813   0.357394  -1.990419 
   100100.0000  -2.349545   0.357518  -1.992027 
   100200.0000  -2.353151   0.357476  -1.995675 
   100300.0000  -2.354751   0.355109  -1.999642 
   100400.0000  -2.354556   0.361125  -1.993431 
   100500.0000  -2.359162   0.355258  -2.003904 
   100600.0000  -2.359745   0.359463  -2.000281 
   100700.0000  -2.364006   0.357252  -2.006753 
   100800.0000  -2.362645   0.359718  -2.002927 
   100900.0000  -2.354824   0.358679  -1.996144 
   101000.0000  -2.357017   0.360389  -1.996628 
   101100.0000  -2.357993   0.356530  -2.001462 
   101200.0000  -2.362074   0.353980  -2.008094 
   101300.0000  -2.357383   0.365428  -1.991956 
   101400.0000  -2.364902   0.364463  -2.000439 
   101500.0000  -2.360126   0.351862  -2.008264 
   101600.0000  -2.359848   0.358266  -2.001582 
   101700.0000  -2.364284   0.360863  -2.003421 
   101800.0000  -2.368190   0.351791  -2.016399 
   101900.0000  -2.364367   0.358379  -2.005988 
   102000.0000  -2.365163   0.357269  -2.007894 
   102100.0000  -2.370124   0.354522  -2.015602 
   102200.0000  -2.366080   0.355170  -2.010910 
   102300.0000  -2.370713   0.355728  -2.014985 
   102400.0000  -2.368350   0.356573  -2.011778 
   102500.0000  -2.372836   0.354573  -2.018263 
   102600.0000  -2.375199   0.354497  -2.020701 
   102700.0000  -2.372204   0.366478  -2.005726 
   102800.0000  -2.370926   0.357325  -2.013601 
   102900.0000  -2.366297   0.357778  -2.008519 
   103000.0000  -2.371040   0.353331  -2.017709 
   103100.0000  -2.375464   0.357302  -2.018163 
   103200.0000  -2.378842   0.366392  -2.012450 
   103300.0000  -2.377454   0.361164  -2.016290 
   103400.0000  -2.381415   0.357091  -2.024323 
   103500.0000  -2.378437   0.354774  -2.023663 
   103600.0000  -2.376758   0.361987  -2.014771 
   103700.0000  -2.377526   0.359696  -2.017829 
   103800.0000  -2.379285   0.356492  -2.022793 
   103900.0000  -2.379871   0.356264  -2.023606 
   104000.0000  -2.380457   0.357173  -2.023284 
   104100.0000  -2.381685   0.365394  -2.016291 
   104200.0000  -2.380602   0.356515  -2.024087 
   104300.0000  -2.381579   0.354691  -2.026888 
   104400.0000  -2.378773   0.365939  -2.012834 
   104500.0000  -2.383050   0.364231  -2.018818 
   104600.0000  -2.377873   0.368409  -2.009463 
   104700.0000  -2.379164   0.357717  -2.021447 
   104800.0000  -2.369970   0.364085  -2.005885 
   104900.0000  -2.375297   0.358593  -2.016704 
   105000.0000  -2.378939   0.357168  -2.021771 
   105100.0000  -2.375753   0.365821  -2.009932 
   105200.0000  -2.373364   0.360110  -2.013254 
   105300.0000  -2.375198   0.360077  -2.015121 
   105400.0000  -2.373698   0.357714  -2.015985 
   105500.0000  -2.375417   0.357631  -2.017786 
   105600.0000  -2.378827   0.356578  -2.022249 
   105700.0000  -2.383598   0.366940  -2.016658 
   105800.0000  -2.385291   0.359153  -2.026139 
   105900.0000  -2.388582   0.359127  -2.029455 
   106000.0000  -2.383991   0.356542  -2.027449 
   106100.0000  -2.384115   0.365731  -2.018384 
   106200.0000  -2.379304   0.359628  -2.019676 
   106300.0000  -2.384929   0.359599  -2.025329 
   106400.0000  -2.385608   0.353187  -2.032422 
   106500.0000  -2.388135   0.361608  -2.026528 
   106600.0000  -2.388548   0.356465  -2.032083 
   106700.0000  -2.385587   0.359528  -2.026059 
   106800.0000  -2.384192   0.368716  -2.015476 
   106900.0000  -2.387250   0.360115  -2.027135 
   107000.0000  -2.382345   0.369000  -2.013345 
   107100.0000  -2.387949   0.356707  -2.031243 
   107200.0000  -2.385933   0.363111  -2.022822 
   107300.0000  -2.386231   0.353745  -2.032486 
   107400.0000  -2.387059   0.359990  -2.027069 
   107500.0000  -2.380804   0.351479  -2.029325 
   107600.0000  -2.386365   0.359727  -2.026638 
   107700.0000  -2.381108   0.351346  -2.029762 
   107800.0000  -2.386458   0.355230  -2.031229 
   107900.0000  -2.388187   0.363127  -2.025060 
   108000.0000  -2.387389   0.362557  -2.024832 
   108100.0000  -2.382787   0.362036  -2.020752 
   108200.0000  -2.384755   0.364281  -2.020474 
   108300.0000  -2.382284   0.361841  -2.020443 
   108400.0000  -2.383761   0.352995  -2.030766 
   108500.0000  -2.382135   0.359935  -2.022201 
   108600.0000  -2.381103   0.364341  -2.016762 
   108700.0000  -2.387739   0.355140  -2.032599 
   108800.0000  -2.389190   0.362432  -2.026757 
   108900.0000  -2.387760   0.353152  -2.034609 
   109000.0000  -2.394378   0.356362  -2.038016 
   109100.0000  -2.384924   0.357088  -2.027836 
   109200.0000  -2.396626   0.354474  -2.042152 
   109300.0000  -2.391804   0.359240  -2.032564 
   109400.0000  -2.396086   0.362744  -2.033342 
   109500.0000  -2.399354   0.363775  -2.035579 
   109600.0000  -2.390453   0.357087  -2.033367 
   109700.0000  -2.393371   0.355950  -2.037421 
   109800.0000  -2.392143   0.366287  -2.025856 
   109900.0000  -2.395670   0.359369  -2.036301 
   110000.0000  -2.395468   0.356795  -2.038672 
   110100.0000  -2.396486   0.364800  -2.031686 
   110200.0000  -2.394122   0.349821  -2.044301 
   110300.0000  -2.399631   0.351524  -2.048107 
   110400.0000  -2.401311   0.360180  -2.041131 
   110500.0000  -2.405443   0.364856  -2.040587 
   110600.0000  -2.401748   0.360354  -2.041393 
   110700.0000  -2.394373   0.364615  -2.029758 
   110800.0000  -2.396217   0.354739  -2.041477 
   110900.0000  -2.397037   0.366609  -2.030427 
   111000.0000  -2.398213   0.365814  -2.032400 
   111100.0000  -2.402514   0.365076  -2.037438 
   111200.0000  -2.401687   0.354663  -2.047023 
   111300.0000  -2.404624   0.356099  -2.048525 
   111400.0000  -2.407500   0.361939  -2.045560 
   111500.0000  -2.410846   0.353426  -2.057420 
   111600.0000  -2.412211   0.357606  -2.054605 
   111700.0000  -2.414218   0.358837  -2.055381 
   111800.0000  -2.409328   0.361943  -2.047385 
   111900.0000  -2.409597   0.352007  -2.057590 
   112000.0000  -2.413889   0.369914  -2.043975 
   112100.0000  -2.412577   0.362535  -2.050042 
   112200.0000  -2.414634   0.354605  -2.060029 
   112300.0000  -2.410570   0.360947  -2.049623 
   112400.0000  -2.410441   0.360351  -2.050090 
   112500.0000  -2.416278   0.352921  -2.063357 
   112600.0000  -2.418388   0.354132  -2.064256 
   112700.0000  -2.420536   0.355618  -2.064918 
   112800.0000  -2.419034   0.366871  -2.052163 
   112900.0000  -2.421044   0.359783  -2.061261 
   113000.0000  -2.420297   0.360993  -2.059305 
   113100.0000  -2.416811   0.360975  -2.055836 
   113200.0000  -2.417915   0.367969  -2.049945 
   113300.0000  -2.413881   0.359564  -2.054317 
   113400.0000  -2.417187   0.365871  -2.051316 
   113500.0000  -2.417140   0.362576  -2.054564 
   113600.0000  -2.417182   0.362084  -2.055098 
   113700.0000  -2.412849   0.373752  -2.039097 
   113800.0000  -2.416559   0.362591  -2.053968 
   113900.0000  -2.420986   0.354103  -2.066883 
   114000.0000  -2.425309   0.366465  -2.058844 
   114100.0000  -2.421162   0.356981  -2.064181 
   114200.0000  -2.427485   0.354628  -2.072857 
   114300.0000  -2.430797   0.358709  -2.072088 
   114400.0000  -2.427021   0.358635  -2.068386 
   114500.0000  -2.430023   0.354713  -2.075309 
   114600.0000  -2.427661   0.363454  -2.064207 
   114700.0000  -2.428862   0.361864  -2.066998 
   114800.0000  -2.430994   0.364253  -2.066741 
   114900.0000  -2.429481   0.366117  -2.063364 
   115000.0000  -2.426080   0.354142  -2.071937 
   115100.0000  -2.426504   0.351748  -2.074756 
   115200.0000  -2.434054   0.364817  -2.069238 
   115300.0000  -2.436030   0.361519  -2.074511 
   115400.0000  -2.431073   0.358606  -2.072467 
   115500.0000  -2.429674   0.364777  -2.064897 
   115600.0000  -2.427639   0.355760  -2.071879 
   115700.0000  -2.431154   0.356848  -2.074306 
   115800.0000  -2.424407   0.358326  -2.066080 
   115900.0000  -2.418580   0.359089  -2.059490 
   116000.0000  -2.424289   0.356602  -2.067686 
   116100.0000  -2.427613   0.354658  -2.072955 
   116200.0000  -2.424480   0.361533  -2.062946 
   116300.0000  -2.428336   0.356497  -2.071839 
   116400.0000  -2.428038   0.357039  -2.070999 
   116500.0000  -2.429632   0.359580  -2.070052 
   116600.0000  -2.430622   0.362710  -2.067911 
   116700.0000  -2.428125   0.358529  -2.069595 
   116800.0000  -2.430030   0.353495  -2.076535 
   116900.0000  -2.428918   0.359075  -2.069844 
   117000.0000  -2.427132   0.363376  -2.063755 
   117100.0000  -2.427087   0.358670  -2.068417 
   117200.0000  -2.430289   0.361941  -2.068348 
   117300.0000  -2.432758   0.363634  -2.069124 
   117400.0000  -2.434291   0.350952  -2.083339 
   117500.0000  -2.432639   0.364586  -2.068053 
   117600.0000  -2.430639   0.358852  -2.071787 
   117700.0000  -2.428589   0.358621  -2.069969 
   117800.0000  -2.431168   0.361362  -2.069806 
   117900.0000  -2.427922   0.360429  -2.067493 
   118000.0000  -2.434134   0.351951  -2.082183 
   118100.0000  -2.432554   0.359245  -2.073309 
   118200.0000  -2.433398   0.356739  -2.076659 
   118300.0000  -2.437909   0.361587  -2.076322 
   118400.0000  -2.437296   0.370999  -2.066298 
   118500.0000  -2.429920   0.357412  -2.072508 
   118600.0000  -2.436946   0.357901  -2.079044 
   118700.0000  -2.437731   0.351312  -2.086419 
   118800.0000  -2.431937   0.359777  -2.072160 
   118900.0000  -2.434067   0.358718  -2.075349 
   119000.0000  -2.439050   0.363065  -2.075985 
   119100.0000  -2.432280   0.356596  -2.075684 
   119200.0000  -2.436323   0.357011  -2.079312 
   119300.0000  -2.429452   0.354273  -2.075179 
   119400.0000  -2.431560   0.356855  -2.074705 
   119500.0000  -2.435588   0.360391  -2.075197 
   119600.0000  -2.432667   0.365547  -2.067120 
   119700.0000  -2.433416   0.356914  -2.076503 
   119800.0000  -2.432821   0.360143  -2.072678 
   119900.0000  -2.432760   0.353983  -2.078776 
   120000.0000  -2.441363   0.358119  -2.083243 
   120100.0000  -2.437851   0.363961  -2.073889 
   120200.0000  -2.431180   0.356611  -2.074569 
   120300.0000  -2.438653   0.362606  -2.076047 
   120400.0000  -2.434142   0.359421  -2.074721 
   120500.0000  -2.432117   0.353026  -2.079091 
   120600.0000  -2.432496   0.357977  -2.074519 
   120700.0000  -2.434614   0.367613  -2.067001 
   120800.0000  -2.438990   0.361151  -2.077839 
   120900.0000  -2.444171   0.365691  -2.078480 
   121000.0000  -2.442207   0.360188  -2.082018 
   121100.0000  -2.438369   0.357010  -2.081359 
   121200.0000  -2.443603   0.352907  -2.090696 
   121300.0000  -2.442462   0.352592  -2.089870 
   121400.0000  -2.444304   0.364815  -2.079489 
   121500.0000  -2.442119   0.364947  -2.077172 
   121600.0000  -2.452785   0.359382  -2.093403 
   121700.0000  -2.445122   0.355136  -2.089986 
   121800.0000  -2.442141   0.363185  -2.078956 
   121900.0000  -2.449695   0.362090  -2.087605 
   122000.0000  -2.443701   0.364289  -2.079412 
   122100.0000  -2.448174   0.356625  -2.091549 
   122200.0000  -2.445124   0.353280  -2.091844 
   122300.0000  -2.443266   0.350615  -2.092651 
   122400.0000  -2.445297   0.361884  -2.083412 
   122500.0000  -2.448212   0.362353  -2.085859 
   122600.0000  -2.445821   0.362997  -2.082824 
   122700.0000  -2.447479   0.358108  -2.089371 
   122800.0000  -2.443496   0.369073  -2.074423 
   122900.0000  -2.446380   0.360633  -2.085747 
   123000.0000  -2.443704   0.356589  -2.087114 
   123100.0000  -2.440724   0.362987  -2.077736 
   123200.0000  -2.445189   0.368825  -2.076364 
   123300.0000  -2.447749   0.356612  -2.091136 
   123400.0000  -2.440640   0.354598  -2.086042 
   123500.0000  -2.442312   0.360147  -2.082165 
   123600.0000  -2.444339   0.358168  -2.086171 
   123700.0000  -2.443443   0.363061  -2.080383 
   123800.0000  -2.444459   0.362613  -2.081847 
   123900.0000  -2.444484   0.359657  -2.084828 
   124000.0000  -2.440128   0.361409  -2.078719 
   124100.0000  -2.443714   0.360278  -2.083436 
