t = 0
b =  13.6798075734 13.6798075734 13.6798075734
E = 0. 0. 0.
0.638498760649 1.79154466806 9.30350056598 0.305517432124 0.806957241695 -0.505449412646 0.616713836574 0.23674805966 0.750742565748 0.0 0.0 0.0 0.0 0.0 0.0
7.62266193194 7.78657934184 7.87530078546 -0.398457683893 0.486716345237 0.777392226245 0.898231350946 0.378503457748 0.223417932698 0.0 0.0 0.0 0.0 0.0 0.0
3.4201720139 -0.426021525079 9.70303722056 -0.148235085967 0.915426690913 -0.374192908607 0.909311920182 0.274925585852 0.312358374402 0.0 0.0 0.0 0.0 0.0 0.0
8.77490975869 7.98105801169 10.5625519615 0.789838318168 -0.368077362284 -0.490585860505 0.550066310922 0.778914529617 0.301196296692 0.0 0.0 0.0 0.0 0.0 0.0
4.53045331084 8.07215091689 1.98474937276 0.881127452585 -0.287538219961 -0.375414683201 0.469494151874 0.437126173294 0.767134896858 0.0 0.0 0.0 0.0 0.0 0.0
10.0667745631 3.39538154043 10.1922981827 -0.782765899775 0.617158539646 -0.07995550695 0.4898030705 0.690237022407 0.532602858636 0.0 0.0 0.0 0.0 0.0 0.0
9.80339343154 4.80798990435 7.19353366657 -0.109115213197 0.411777532062 0.904728210203 0.993985112108 0.036635758137 0.103205707856 0.0 0.0 0.0 0.0 0.0 0.0
11.9286880245 5.04273230435 1.81874879643 0.0830292935695 -0.270322087367 0.959183040661 0.604510123905 0.778858349598 0.167174104926 0.0 0.0 0.0 0.0 0.0 0.0
0.860232907099 5.76615678854 9.86412683286 0.91277358055 0.108312856003 -0.393843516988 0.126819753481 0.841403181434 0.525316510687 0.0 0.0 0.0 0.0 0.0 0.0
7.49450976625 1.35798543276 9.32957083909 0.785559263719 -0.577437931404 0.222400716188 0.553211244783 0.816403724272 0.165657108632 0.0 0.0 0.0 0.0 0.0 0.0
3.39833359289 0.0191227280523 -0.207557222875 -0.145371440353 0.111217039006 0.983106258023 0.690967420565 0.72259723626 0.0204268907754 0.0 0.0 0.0 0.0 0.0 0.0
0.0124064088295 4.6229415301 5.65888092605 0.945405180966 -0.132490205266 -0.2977505488 0.290993200716 0.754551503599 0.588196383493 0.0 0.0 0.0 0.0 0.0 0.0
2.07386803977 2.14717944387 11.389447648 0.154394190485 0.674966104272 -0.721514512694 0.235083970128 0.684201461805 0.690365038695 0.0 0.0 0.0 0.0 0.0 0.0
4.39438997507 0.962828075269 4.72078711985 0.694750980984 0.590535407463 -0.410595916876 0.0887984422731 0.496075176977 0.86372695653 0.0 0.0 0.0 0.0 0.0 0.0
10.2796935407 10.9088799482 5.10504719757 0.292225321155 -0.303316008817 0.906975060556 0.65268890439 0.756423317039 0.0426727023527 0.0 0.0 0.0 0.0 0.0 0.0
12.2485835556 10.8813512275 10.4037359093 0.74161666138 -0.665793536722 0.0819981342593 0.480170454788 0.612220965539 0.628189321545 0.0 0.0 0.0 0.0 0.0 0.0
13.1281035068 12.4811565978 1.07139678883 -0.318896995426 -0.209854968761 0.924264896225 0.511824552799 0.782632478979 0.354290883315 0.0 0.0 0.0 0.0 0.0 0.0
7.70477931991 12.1955599201 12.0356652917 -0.947570006166 0.127466561459 0.293024502601 0.311146588443 0.576936690598 0.755203188249 0.0 0.0 0.0 0.0 0.0 0.0
8.1266382103 8.44584118279 2.88629959122 0.518009694505 0.854483679886 -0.039033283328 0.0254451043975 0.0302194205855 0.999219361943 0.0 0.0 0.0 0.0 0.0 0.0
10.0120245126 1.47278703295 -0.26012638618 -0.272298269135 0.356572012135 0.893705797669 0.902630732225 0.416418202859 0.108874430292 0.0 0.0 0.0 0.0 0.0 0.0
4.26199834081 11.0998647826 9.94526130544 -0.13804708889 0.982483937038 -0.125173138941 0.907058338703 0.176165604212 0.38237527389 0.0 0.0 0.0 0.0 0.0 0.0
7.52618546541 0.882835150336 5.97725152091 0.796240556951 -0.552641382767 0.246147267951 0.174783168018 0.599656514051 0.780937199354 0.0 0.0 0.0 0.0 0.0 0.0
0.319189943613 11.6729236269 0.493147969052 0.897685699731 -0.40914634171 0.163583787595 0.257737420925 0.788663518531 0.558194658155 0.0 0.0 0.0 0.0 0.0 0.0
10.8369860364 8.67862208524 10.2191779692 0.968833363848 -0.234148766652 0.0808471902454 0.0735458553825 0.583551788741 0.808738719868 0.0 0.0 0.0 0.0 0.0 0.0
12.9734663356 5.43064186253 13.8470235181 -0.299537087511 0.725475091491 -0.619647823228 0.509085853385 0.670817231954 0.539291975833 0.0 0.0 0.0 0.0 0.0 0.0
10.6309951983 5.30014275255 9.5627799981 -0.726500941954 0.653572128144 0.212225951884 0.683469785106 0.719256176776 0.12465795208 0.0 0.0 0.0 0.0 0.0 0.0
5.14088866661 0.271021452625 13.1829519941 -0.628362030625 -0.303928270912 0.716092706714 0.450308282997 0.608508455727 0.653406389296 0.0 0.0 0.0 0.0 0.0 0.0
1.4900443728 7.95779835247 5.08266810147 0.990997457429 0.0775480981649 -0.109134466788 0.0803929015636 0.307147544915 0.948260178975 0.0 0.0 0.0 0.0 0.0 0.0
2.98200420199 0.647040324744 4.31767824078 -0.746396288277 0.663419176097 -0.0526077716049 0.586851584921 0.693405225802 0.418084214133 0.0 0.0 0.0 0.0 0.0 0.0
12.1811750372 13.8401348141 4.26200049425 0.940052348882 -0.333884059605 -0.0694479380781 0.265684817321 0.589344375442 0.762944811228 0.0 0.0 0.0 0.0 0.0 0.0
4.50522538898 13.2006625509 9.28353310439 0.952953864598 -0.248063016322 0.174194350888 0.0134865381106 0.608810027818 0.793201401485 0.0 0.0 0.0 0.0 0.0 0.0
8.19032745567 7.13211051346 8.6306678295 0.953825728008 -0.292398769965 0.0686981798394 0.222072402851 0.840520862507 0.494174592207 0.0 0.0 0.0 0.0 0.0 0.0
1.47408649205 0.910006967229 8.66578083274 0.993990943897 0.0832626527609 -0.0710586666446 0.0434387705683 0.295816414841 0.954256633156 0.0 0.0 0.0 0.0 0.0 0.0
5.17259195267 1.17668858545 5.33284433611 -0.633544521465 0.773040907818 -0.0320794975297 0.539561617795 0.471152991458 0.697773687698 0.0 0.0 0.0 0.0 0.0 0.0
3.90492072481 9.71079115744 -0.203396509664 0.0350899303581 -0.206916075483 0.977729223504 0.750251849202 0.651766546231 0.111006900611 0.0 0.0 0.0 0.0 0.0 0.0
10.1501250013 8.95682348021 5.80762928012 0.171210342437 -0.222029365774 0.959890608026 0.543493204594 0.833911738412 0.0959497217183 0.0 0.0 0.0 0.0 0.0 0.0
5.48088579674 10.8589843261 1.71595253174 0.399458157706 0.898375632936 -0.182631876708 0.0508560036075 0.177194162011 0.982861076575 0.0 0.0 0.0 0.0 0.0 0.0
8.92294174406 1.81307399591 10.5726463236 0.321258408434 -0.662423868568 0.676747850652 0.663460954672 0.667367168148 0.338290739606 0.0 0.0 0.0 0.0 0.0 0.0
4.64611363295 13.7102248988 3.25649855331 0.517218774601 -0.728841243717 0.448637025509 0.449176945502 0.677368845771 0.582590352141 0.0 0.0 0.0 0.0 0.0 0.0
6.05165430058 8.3573579118 0.669953895246 0.0433102928436 -0.194367485175 0.979972193096 0.0365376986041 0.980544554043 0.192866207814 0.0 0.0 0.0 0.0 0.0 0.0
9.92814665993 13.2550975794 5.28547487848 -0.13846957041 -0.381453424433 0.913958129817 0.617816700973 0.68799328065 0.380746332588 0.0 0.0 0.0 0.0 0.0 0.0
6.06124522946 2.49144917117 7.34888795466 0.18175557818 0.981078356706 -0.0667095780518 0.190088047738 0.0315061172033 0.98126138143 0.0 0.0 0.0 0.0 0.0 0.0
0.0771574364247 4.29595916709 11.9789378913 0.886142851141 -0.19941983052 -0.418309190154 0.442926439051 0.629895850095 0.638002654871 0.0 0.0 0.0 0.0 0.0 0.0
7.72868143365 0.1481470852 7.95155331405 -0.59819472391 0.767613058309 0.230072303853 0.801317358046 0.575608327724 0.162989400726 0.0 0.0 0.0 0.0 0.0 0.0
4.06254382963 7.50833962137 1.11481478544 0.588807361918 0.525525260511 -0.614108370824 0.025772821922 0.747184591707 0.664116667135 0.0 0.0 0.0 0.0 0.0 0.0
0.395126964502 11.0812087186 7.11391475631 -0.418429690433 0.382738716104 0.823667207893 0.779613321539 0.616609352698 0.109526138633 0.0 0.0 0.0 0.0 0.0 0.0
3.77623958371 0.675840483627 1.12331403175 -0.858481365937 0.444364575684 0.256027084927 0.505281261562 0.818301204378 0.273996324113 0.0 0.0 0.0 0.0 0.0 0.0
0.335211926166 8.38303612549 12.1819793927 0.951992858948 -0.195269233563 -0.235753097403 0.296945111915 0.776197876116 0.556183834377 0.0 0.0 0.0 0.0 0.0 0.0
7.48238245052 4.35346363478 -0.123239014835 -0.856391758635 0.226966383025 0.463766554119 0.508269687478 0.528633692506 0.67985906182 0.0 0.0 0.0 0.0 0.0 0.0
2.64758378212 6.29698653198 0.231569345294 0.161866338738 -0.111464654204 0.980497281611 0.433890585888 0.900441197669 0.0307344923275 0.0 0.0 0.0 0.0 0.0 0.0
7.88831264703 8.99452376015 5.62145753094 -0.393523899538 -0.05879170079 0.917432545973 0.681686882545 0.650899721385 0.334114571467 0.0 0.0 0.0 0.0 0.0 0.0
6.96434081314 4.98185722828 3.88874422404 0.578960021624 -0.115440732545 0.807142323652 0.103175753161 0.992341418014 0.0679210869543 0.0 0.0 0.0 0.0 0.0 0.0
10.2049700157 11.8391135551 10.2441513849 0.538212331164 0.46699210841 -0.701602349815 0.486019795837 0.508128043794 0.711048978035 0.0 0.0 0.0 0.0 0.0 0.0
6.8478672124 0.502282354205 3.87644601725 0.0959992968809 -0.725934812067 0.681030677449 0.45653976281 0.640092446732 0.617942638608 0.0 0.0 0.0 0.0 0.0 0.0
8.16699616146 13.2380528348 10.1018726833 -0.626271098964 -0.114261570558 0.771186620797 0.726478338488 0.27338205579 0.630469250067 0.0 0.0 0.0 0.0 0.0 0.0
5.32941276895 12.0952340209 -0.271133194523 -0.47216416802 0.310928383366 0.824854253099 0.805192023151 0.532976318953 0.260003940911 0.0 0.0 0.0 0.0 0.0 0.0
10.0950377549 3.00584008392 8.51067015985 0.692857252669 0.420568977462 -0.585722257235 0.359829075504 0.50226580832 0.786290082739 0.0 0.0 0.0 0.0 0.0 0.0
3.51168669919 1.77863851718 3.47262674426 0.128667959095 0.835365836622 -0.534423498086 0.820164502691 0.213302078078 0.530878905224 0.0 0.0 0.0 0.0 0.0 0.0
8.08715674359 9.96617770206 12.3067842415 0.363161176854 -0.536913816795 0.761470625146 0.788143852577 0.612912305139 0.0562829801508 0.0 0.0 0.0 0.0 0.0 0.0
13.1300951873 6.34925460777 13.0309472595 -0.705279391809 0.0903304276196 0.70315104589 0.706545821932 0.00829625038412 0.70761866407 0.0 0.0 0.0 0.0 0.0 0.0
0.933365965268 8.86138774296 1.19806284357 0.118154889456 0.53631692166 -0.835705439517 0.569907524268 0.652566314202 0.499362212579 0.0 0.0 0.0 0.0 0.0 0.0
12.1223114769 8.4083372484 5.95583528442 0.930312894658 -0.195393058182 0.310386002982 0.18985478739 0.980624792631 0.0482718943395 0.0 0.0 0.0 0.0 0.0 0.0
6.35252218346 2.70101728293 13.3470342336 0.947645452602 -0.31567363515 -0.0481482318869 0.261354730103 0.680110486178 0.684940458466 0.0 0.0 0.0 0.0 0.0 0.0
7.74221977144 10.8064272186 4.43605120112 0.74225835075 -0.280511643025 0.608576830703 0.129643802011 0.951123312765 0.280280089402 0.0 0.0 0.0 0.0 0.0 0.0
1.85183412412 12.2098493991 8.18976812516 0.0463900886073 0.988005845598 -0.147283429969 0.561305107436 0.0961817520957 0.822001001782 0.0 0.0 0.0 0.0 0.0 0.0
3.89128420478 13.2232603785 2.38330207122 0.603420310378 0.690758287225 -0.398418018735 0.174811185643 0.372890907972 0.911259249679 0.0 0.0 0.0 0.0 0.0 0.0
12.7522302914 6.51031847469 9.8574113408 0.236537301844 -0.405756206313 0.882843137752 0.613134593679 0.767200859246 0.188331653225 0.0 0.0 0.0 0.0 0.0 0.0
7.61024722108 8.91420932048 6.40109499461 0.328061120773 0.837588706223 -0.436830699751 0.52362900118 0.22364462334 0.8220679726 0.0 0.0 0.0 0.0 0.0 0.0
6.69426806867 2.09438009665 12.8336101585 -0.193742703438 0.94026064693 -0.279952997303 0.900689423669 0.283588412378 0.329144610248 0.0 0.0 0.0 0.0 0.0 0.0
4.43826154373 4.96891839963 9.55443019554 -0.601245849737 0.617391614106 0.507278052951 0.772122850584 0.612343707469 0.169886690264 0.0 0.0 0.0 0.0 0.0 0.0
9.86836830989 8.12724594377 10.1436280334 0.881825800588 -0.452020637062 0.134389735797 0.387887367013 0.857328134688 0.338425560476 0.0 0.0 0.0 0.0 0.0 0.0
11.2918328388 13.1017716566 5.60927744613 0.0446420316651 -0.704242233689 0.70855484283 0.511584774802 0.625321121034 0.589283050647 0.0 0.0 0.0 0.0 0.0 0.0
9.11464590342 6.24148233251 2.63323710394 -0.285068998027 -0.464674891609 0.838339377264 0.773112348596 0.405547880155 0.487676340773 0.0 0.0 0.0 0.0 0.0 0.0
11.2612489981 3.51592246109 8.39307777299 0.646785109627 -0.120547800122 -0.753085154448 0.636979271953 0.628424804584 0.446474716066 0.0 0.0 0.0 0.0 0.0 0.0
6.45932450705 4.99673570998 11.8646104806 0.36596775167 -0.443644046616 0.818075525022 0.611878512727 0.777044948978 0.147667982081 0.0 0.0 0.0 0.0 0.0 0.0
0.802357563823 11.5565492753 7.91442644454 -0.3421119912 0.671454177269 -0.657349734391 0.478634654647 0.72652867176 0.493016182779 0.0 0.0 0.0 0.0 0.0 0.0
3.77440999955 11.3429771794 12.0508926424 -0.855797488137 0.289137924231 0.428963774776 0.515423461144 0.405809657411 0.754756369735 0.0 0.0 0.0 0.0 0.0 0.0
9.44748307258 12.2768804072 6.98800088404 -0.415413901167 -0.231991203719 0.879551801837 0.645959663798 0.605549065781 0.464807962149 0.0 0.0 0.0 0.0 0.0 0.0
6.57249050467 1.41217738223 4.12290029541 -0.371184551782 -0.244058342271 0.895911577158 0.606773765035 0.666597386032 0.432982127807 0.0 0.0 0.0 0.0 0.0 0.0
12.6376424515 10.0028741897 3.41681770571 -0.645272516726 0.0872579131902 0.758952854757 0.617921623413 0.643783266651 0.451349058822 0.0 0.0 0.0 0.0 0.0 0.0
5.24000272585 3.38956641438 4.66205332337 -0.402687440956 0.896702911763 -0.183757211917 0.895902371727 0.427262783399 0.121677665393 0.0 0.0 0.0 0.0 0.0 0.0
10.0488949987 7.52524098193 6.516176767 0.984668425134 -0.100733994414 0.142410515463 0.0381977955566 0.921106162683 0.38743304645 0.0 0.0 0.0 0.0 0.0 0.0
9.92453803943 0.482254107297 8.32531952126 -0.301172026704 0.86489834274 -0.40155481202 0.552617537064 0.50148965761 0.665674080193 0.0 0.0 0.0 0.0 0.0 0.0
2.81778319549 10.0656074719 1.5969012867 0.475979297882 -0.59332803076 0.649157574016 0.468664222564 0.795718752429 0.383647642402 0.0 0.0 0.0 0.0 0.0 0.0
11.5943986382 3.70706005617 3.2009734645 0.515604285934 -0.777537435475 0.359982995101 0.522278301429 0.618263999447 0.587345726845 0.0 0.0 0.0 0.0 0.0 0.0
8.49015472838 11.2846977136 5.36400023765 -0.165647208364 0.956753722148 0.239130335837 0.878328045294 0.0328661383774 0.476927312908 0.0 0.0 0.0 0.0 0.0 0.0
5.88565869127 6.00953219064 10.9074119042 -0.76945706502 0.514968866399 0.377813302745 0.633071441983 0.536582069283 0.557942857531 0.0 0.0 0.0 0.0 0.0 0.0
6.91727080858 12.2666311526 10.747772877 -0.836076519013 0.430824421296 0.339656256191 0.538099015842 0.523359019728 0.660715359 0.0 0.0 0.0 0.0 0.0 0.0
8.03065963924 4.88656053592 2.19032070992 0.899186924385 -0.361096992198 0.247127168154 0.268082347456 0.900996231633 0.341083047901 0.0 0.0 0.0 0.0 0.0 0.0
4.28743478249 12.8323872382 5.59528553238 0.547846022668 0.692067559998 -0.470007689133 0.130913594746 0.483977860005 0.865232374415 0.0 0.0 0.0 0.0 0.0 0.0
8.02942296444 3.85723913983 8.05776654836 0.300483456801 0.735754201671 -0.60693940959 0.463976438287 0.443221376184 0.766994573911 0.0 0.0 0.0 0.0 0.0 0.0
0.742582517973 12.1561912574 2.11964671523 0.23735503259 0.931619093631 -0.275224368263 0.51166187908 0.120939232862 0.850632601921 0.0 0.0 0.0 0.0 0.0 0.0
1.17930914936 0.603617167116 0.33225833805 -0.35203958949 0.400303399159 0.84606460513 0.908789524378 0.362501087386 0.206626624675 0.0 0.0 0.0 0.0 0.0 0.0
6.02354406341 8.53753054811 10.9585944532 -0.188516230443 0.463906710928 0.865593550355 0.972291345764 0.212235603597 0.0980080992454 0.0 0.0 0.0 0.0 0.0 0.0
0.311961823283 3.45363664549 8.02872190326 -0.194590700701 0.975970072147 -0.0980656793909 0.721401439618 0.210137736339 0.659865209481 0.0 0.0 0.0 0.0 0.0 0.0
7.91685738915 5.51406451058 10.5456773625 -0.510359564866 -0.46360653902 0.724294202329 0.60567959675 0.404119007597 0.685448797344 0.0 0.0 0.0 0.0 0.0 0.0
6.69522211181 10.0390002383 8.35696376097 -0.261627886059 0.337367571771 0.904286442867 0.822974214336 0.567465193642 0.0263950098137 0.0 0.0 0.0 0.0 0.0 0.0
2.18083771105 0.695605462525 1.36316608771 -0.427639836615 0.872276428455 0.237187694667 0.638095548863 0.105438080253 0.762703665754 0.0 0.0 0.0 0.0 0.0 0.0
7.16294839485 1.996540742 4.08777213031 0.333225492309 -0.726010131372 0.601556365124 0.0681099612515 0.654889870972 0.752648849117 0.0 0.0 0.0 0.0 0.0 0.0
3.93185718445 11.4750240528 5.86065119929 0.945556373333 -0.258800649593 0.197345809736 0.0620420595494 0.738576857626 0.671308430027 0.0 0.0 0.0 0.0 0.0 0.0
9.99437556747 2.61945295225 1.38370945842 0.931454127438 -0.285800569216 -0.225191569811 0.362085628489 0.667039602232 0.651116093102 0.0 0.0 0.0 0.0 0.0 0.0
3.64839906749 2.85517823202 12.9867231072 0.32558885878 0.872374140497 -0.36463029774 0.547569359233 0.140420069742 0.824893933086 0.0 0.0 0.0 0.0 0.0 0.0
1.04438830233 9.65303481491 12.4505269801 0.785638370486 0.0150276719618 -0.618503451806 0.540843036225 0.46877652332 0.698381973816 0.0 0.0 0.0 0.0 0.0 0.0
11.570759025 4.03889234726 7.32088385753 -0.311651710245 0.889560390559 -0.333999286002 0.654635525662 0.455785168094 0.603085573602 0.0 0.0 0.0 0.0 0.0 0.0
9.26885813246 9.47250848552 8.16160221183 -0.512026320387 -0.36050805251 0.779655687664 0.512123630468 0.60057769459 0.614032425754 0.0 0.0 0.0 0.0 0.0 0.0
6.23695177535 13.0842379231 8.17119514283 -0.853344216866 0.202823585656 0.480277253931 0.52090711457 0.369575985656 0.76946044006 0.0 0.0 0.0 0.0 0.0 0.0
2.28280513364 2.77186194285 4.26414247741 -0.699936704079 0.584751094033 -0.410066785183 0.517010447645 0.810959582482 0.273942973273 0.0 0.0 0.0 0.0 0.0 0.0
-0.255003505103 0.382592697092 10.3213747717 0.486733471737 -0.377532035511 0.787756364401 0.2990503472 0.919311137801 0.255804459998 0.0 0.0 0.0 0.0 0.0 0.0
6.05440267969 6.35980898115 11.39791476 -0.243891496178 0.791715025848 -0.560093077924 0.793963619275 0.494648037292 0.353475728263 0.0 0.0 0.0 0.0 0.0 0.0
8.27089150725 10.673981817 9.92703744665 0.711416455736 -0.69948985429 0.0678275036597 0.588564185725 0.645763881277 0.486396144022 0.0 0.0 0.0 0.0 0.0 0.0
2.7267262913 7.43388987909 7.60570753686 -0.12589752145 0.962622017616 -0.23980964387 0.614427301745 0.265450000874 0.742977380481 0.0 0.0 0.0 0.0 0.0 0.0
5.8645885547 12.6679869974 2.76436745015 0.237341749497 0.928407948347 -0.285880351533 0.642464875352 0.070718748851 0.76304504618 0.0 0.0 0.0 0.0 0.0 0.0
1.8400837624 2.92392893705 9.31874223442 0.333943517662 0.510809147627 -0.792184158963 0.575103465153 0.555459656016 0.60060017891 0.0 0.0 0.0 0.0 0.0 0.0
8.52957518726 7.40386831348 11.4957826241 0.834748967029 0.394823509391 -0.383807970834 0.317462071247 0.22443497574 0.921328809375 0.0 0.0 0.0 0.0 0.0 0.0
7.49899906608 0.642048563519 3.64290198677 -0.268719117854 -0.646278966907 0.714222327174 0.731571094355 0.345403923839 0.587792364106 0.0 0.0 0.0 0.0 0.0 0.0
3.15744241844 11.8936212065 8.3339856785 0.841545131565 0.247005231448 -0.480406293857 0.105456754978 0.797099394545 0.594568270298 0.0 0.0 0.0 0.0 0.0 0.0
10.3142108477 7.24195648873 1.91338896058 -0.41964555594 -0.33705269534 0.842788875071 0.591896710622 0.602318856413 0.535602725128 0.0 0.0 0.0 0.0 0.0 0.0
0.215024709974 6.5623443581 3.70484300325 0.306206535242 -0.584185676419 0.751641306237 0.497444819566 0.771385137844 0.396879856632 0.0 0.0 0.0 0.0 0.0 0.0
2.08068839999 3.24716978421 1.46944843654 0.218454720887 0.379200816977 -0.899157536434 0.72439734857 0.554366364752 0.409788256319 0.0 0.0 0.0 0.0 0.0 0.0
3.50178971575 1.34711992986 10.0002704779 0.0666991028388 -0.192493496333 0.979028847149 0.535864704173 0.834607496214 0.127590540732 0.0 0.0 0.0 0.0 0.0 0.0
1.39050882483 0.859752947794 1.49663239533 0.785539150598 0.213872175588 -0.5806779963 0.319579432164 0.663341257575 0.676644191977 0.0 0.0 0.0 0.0 0.0 0.0
11.8808782782 4.60993499704 10.6378845856 -0.499978941979 0.208239937843 0.840629041768 0.645127423718 0.737136469882 0.201098065475 0.0 0.0 0.0 0.0 0.0 0.0
7.21150022291 7.23464200954 11.1213338683 0.919897929115 0.216854913433 -0.326744160666 0.264616540577 0.271676476798 0.92529453603 0.0 0.0 0.0 0.0 0.0 0.0
7.9696804402 12.228808939 9.15336721641 0.869087680877 0.339038704544 -0.360193503231 0.219247751231 0.388713405972 0.894892346373 0.0 0.0 0.0 0.0 0.0 0.0
9.18490918664 13.0693469477 7.70601311286 -0.881491858028 0.401647039105 0.248297724936 0.45678369772 0.592047130003 0.663949432828 0.0 0.0 0.0 0.0 0.0 0.0
2.0103764062 9.17258972667 8.5373528357 -0.72828398289 0.674076287715 -0.123383947927 0.398363371739 0.562948652307 0.72415153036 0.0 0.0 0.0 0.0 0.0 0.0
9.49814295478 5.15565094004 11.3048867318 0.446529156928 -0.0897653802001 0.890254957038 0.0623628671135 0.995657661653 0.0691136281637 0.0 0.0 0.0 0.0 0.0 0.0
13.9794000696 10.8289593051 0.375360753229 -0.506816194204 0.859991015642 0.0596053546904 0.501015779864 0.237583927099 0.832188119304 0.0 0.0 0.0 0.0 0.0 0.0
11.797958149 9.11464476844 4.26752568582 0.931296584717 -0.359372003763 0.0594847392683 0.187296582461 0.61248835165 0.767970057549 0.0 0.0 0.0 0.0 0.0 0.0
5.32889888277 10.1083445654 3.98804361822 0.870377995201 0.247036709655 -0.425928408951 0.188354408068 0.632192669101 0.751568390831 0.0 0.0 0.0 0.0 0.0 0.0
2.82080724415 1.58379719873 8.46332408034 -0.00292116324199 -0.091756270559 0.995777210835 0.63889704536 0.765873456527 0.0724459385799 0.0 0.0 0.0 0.0 0.0 0.0
0.873275686101 5.19374586199 4.05788402357 -0.197337525438 0.972722777772 -0.121935633255 0.74106283979 0.229441492489 0.631017011662 0.0 0.0 0.0 0.0 0.0 0.0
7.97178126732 2.88851934036 1.26583567358 -0.393855366841 0.882565706359 0.256818465011 0.716645661483 0.119884479701 0.68705655328 0.0 0.0 0.0 0.0 0.0 0.0
10.7357527266 13.9364312507 1.43953683147 0.575117361069 -0.81600764466 0.0580650054202 0.774947144531 0.566167154697 0.28091222139 0.0 0.0 0.0 0.0 0.0 0.0
1.03229135624 7.23726664995 11.2914849748 -0.162180461832 -0.335450815327 0.927992590648 0.854771834546 0.422113149349 0.301969534909 0.0 0.0 0.0 0.0 0.0 0.0
0.391436736282 7.01933348997 5.04634677945 0.574784902301 0.379622228185 -0.724920188679 0.462409148443 0.580203100861 0.670479038589 0.0 0.0 0.0 0.0 0.0 0.0
7.49018973201 6.98341005776 10.2156516887 0.335555857133 0.845887676654 -0.414579672957 0.503890680968 0.210669579287 0.837682821834 0.0 0.0 0.0 0.0 0.0 0.0
12.3911989844 4.26200011726 2.09137380716 -0.196500180776 0.809711883645 0.552950580467 0.946974121962 0.0105063679759 0.321138021054 0.0 0.0 0.0 0.0 0.0 0.0
8.96939263058 4.36335987894 10.5090974176 0.578651787237 -0.64882727012 0.494151072727 0.131666163426 0.672263159681 0.72850961939 0.0 0.0 0.0 0.0 0.0 0.0
8.40663372622 -0.391333155775 10.7257767404 -0.350849453935 0.921870263218 0.16449887072 0.791181213916 0.197848642878 0.578695257676 0.0 0.0 0.0 0.0 0.0 0.0
10.125772387 5.5557998087 4.01103167285 0.284653249154 0.482903729217 -0.828116245496 0.717830967016 0.465176703096 0.518005152184 0.0 0.0 0.0 0.0 0.0 0.0
11.7322019672 10.5233918619 1.90655720442 0.385446866466 0.351715743939 -0.853069017488 0.57173942218 0.634613888649 0.519980043327 0.0 0.0 0.0 0.0 0.0 0.0
11.7730578845 0.382517529294 12.825447445 -0.208343921194 0.96277750185 0.172198410078 0.701219777481 0.024302811759 0.71253083934 0.0 0.0 0.0 0.0 0.0 0.0
10.7568400359 5.03435611439 1.18960940572 0.424406573395 -0.904273428397 -0.0465685210622 0.792465146019 0.346067045561 0.502231612229 0.0 0.0 0.0 0.0 0.0 0.0
4.65015383235 6.05197594133 4.17954496992 -0.436260653527 0.655752795064 0.616169549678 0.890932720964 0.410795134572 0.193613646543 0.0 0.0 0.0 0.0 0.0 0.0
3.97023348355 12.5885714177 7.54135012328 -0.519154785221 0.762789650862 -0.385525949217 0.72852795062 0.630813228644 0.267061220947 0.0 0.0 0.0 0.0 0.0 0.0
3.86624427055 7.3489855608 12.55594076 0.734469251466 -0.31883381482 0.599082562906 0.202447049467 0.94550914906 0.255005178781 0.0 0.0 0.0 0.0 0.0 0.0
10.8771874968 7.60712194927 5.52612588211 -0.32969569649 0.941613917575 -0.0682933228437 0.864667209628 0.33021023397 0.37856547383 0.0 0.0 0.0 0.0 0.0 0.0
0.916247930696 11.600201088 11.1557489906 0.185962432055 0.495837616964 -0.848270612168 0.685737048652 0.552808765273 0.473462954352 0.0 0.0 0.0 0.0 0.0 0.0
0.42906954596 8.52431505742 0.82623186809 0.893301699178 -0.389957762828 0.223483819225 0.188361106139 0.776268671598 0.601603726044 0.0 0.0 0.0 0.0 0.0 0.0
13.3129004905 5.85291114515 2.98438969495 0.074994470145 -0.650200828849 0.756052056152 0.209598788734 0.751527707329 0.625519346526 0.0 0.0 0.0 0.0 0.0 0.0
10.7343285354 10.0373051169 9.58209702254 -0.674759039552 0.438230801727 0.593846784079 0.732781423209 0.493666669939 0.468321048845 0.0 0.0 0.0 0.0 0.0 0.0
6.15620707202 0.437116041149 12.3426937923 -0.103632985974 0.987736565904 -0.11677619875 0.969829282845 0.126399230403 0.20845718191 0.0 0.0 0.0 0.0 0.0 0.0
7.27153508584 13.2068194309 3.47905696308 0.487812353795 0.575785827299 -0.656132447427 0.296866282402 0.597409956129 0.744964264036 0.0 0.0 0.0 0.0 0.0 0.0
11.5078473087 6.03284040381 13.0866631452 0.720397134747 0.230315639162 -0.654203847899 0.625924578953 0.190394598186 0.756285870847 0.0 0.0 0.0 0.0 0.0 0.0
12.1934160667 6.4883177064 2.12536368181 -0.216551401596 0.649227188584 -0.729115593079 0.752075021966 0.587132462057 0.299430515035 0.0 0.0 0.0 0.0 0.0 0.0
13.5035179476 2.9478782062 7.50764600412 -0.106851629633 0.719150711163 -0.686589385207 0.29326144448 0.682617538479 0.669351194323 0.0 0.0 0.0 0.0 0.0 0.0
2.25428884484 3.32744677384 6.34812378663 0.457394813815 0.6256896205 -0.631903855893 0.275770471663 0.575758803925 0.769709326085 0.0 0.0 0.0 0.0 0.0 0.0
8.91619411165 12.8778146606 12.3872064435 -0.645600123193 0.724280671219 0.242111524368 0.591305390889 0.273464248665 0.758666751221 0.0 0.0 0.0 0.0 0.0 0.0
10.6424124586 4.50075377964 0.435485926092 -0.423157431023 0.864434989152 0.271458906834 0.785596370202 0.200775415872 0.585258554407 0.0 0.0 0.0 0.0 0.0 0.0
2.17557598338 0.558255787593 3.97994179197 0.959834375696 -0.259720987603 -0.106127187043 0.235332859017 0.53931340988 0.808553950823 0.0 0.0 0.0 0.0 0.0 0.0
9.90251615783 5.57727988948 1.57407572655 0.647981742167 0.501975978354 -0.57283486187 0.486191651046 0.306322746585 0.818403356162 0.0 0.0 0.0 0.0 0.0 0.0
7.30905638208 12.2546171937 8.07679188996 0.600011427586 -0.131031098599 -0.789187644332 0.799289699549 0.139500207868 0.584530297076 0.0 0.0 0.0 0.0 0.0 0.0
11.0759172401 2.57744643343 0.630837011112 0.603279535104 0.580673097159 -0.546692378547 0.111703292194 0.617204258209 0.778833280081 0.0 0.0 0.0 0.0 0.0 0.0
9.30753408544 11.2033508407 13.3933868375 0.980234805945 -0.0978460503707 -0.171947304835 0.1892129823 0.717491011554 0.670376831094 0.0 0.0 0.0 0.0 0.0 0.0
0.92508114327 3.50524010016 8.83097527103 0.934785967173 -0.339557057529 0.104289022711 0.236682328361 0.814337800455 0.529939074038 0.0 0.0 0.0 0.0 0.0 0.0
3.18605731367 3.80619134864 -0.231545477815 0.499399351699 -0.227482623296 0.835973650076 0.365468037812 0.930173502949 0.0347903398849 0.0 0.0 0.0 0.0 0.0 0.0
5.03020480516 10.0923417572 1.02944572331 -0.777441096702 0.408386176649 0.478336776635 0.628116648787 0.543397387918 0.556945916873 0.0 0.0 0.0 0.0 0.0 0.0
4.60031130479 1.66561828654 11.4083309432 0.912485246259 -0.291742337284 0.286804958108 0.0123659933259 0.720395074327 0.693453689222 0.0 0.0 0.0 0.0 0.0 0.0
3.7143659845 3.56411511546 5.22556445079 -0.845020371302 0.368770151522 0.387232678672 0.496936862008 0.274140356961 0.823347326383 0.0 0.0 0.0 0.0 0.0 0.0
0.768093875547 7.64640680303 -0.0666640034823 -0.35551948274 0.722225911405 0.593292196382 0.914073145692 0.136139795159 0.382016021259 0.0 0.0 0.0 0.0 0.0 0.0
13.3148321477 1.56866244371 9.53008806917 0.471117719212 -0.375221120527 0.79828391275 0.375867764056 0.904131393027 0.203149816848 0.0 0.0 0.0 0.0 0.0 0.0
2.18685267165 1.31109562559 9.66904864098 0.784602786464 0.594120198661 -0.177255908268 0.0314234120641 0.247423539326 0.968397728912 0.0 0.0 0.0 0.0 0.0 0.0
13.5075377056 3.4892716295 12.4743092915 -0.125844370696 0.831444798756 -0.541167941572 0.6841661876 0.467761966434 0.55956712779 0.0 0.0 0.0 0.0 0.0 0.0
4.90954235321 1.93163730363 1.94911126351 -0.71656703722 0.241219001799 0.654480766975 0.634721451334 0.614582827177 0.468419286276 0.0 0.0 0.0 0.0 0.0 0.0
0.65753006768 0.914607906244 12.6302336614 0.573921472581 0.627722637381 -0.525907248315 0.464131360395 0.279759578725 0.840426474125 0.0 0.0 0.0 0.0 0.0 0.0
6.7989602751 2.51749146049 1.04392528979 -0.548547439005 0.487362488799 0.679392016197 0.824907766362 0.448072746579 0.344612812832 0.0 0.0 0.0 0.0 0.0 0.0
8.82453408918 5.5236360141 4.89475035656 0.0868435526462 0.897248555854 -0.43290094292 0.278041709494 0.395445595077 0.875394533405 0.0 0.0 0.0 0.0 0.0 0.0
3.19560451397 8.20288985567 4.66182185161 -0.441834547 -0.115690169776 0.889605540504 0.521188421998 0.774023305121 0.359514327816 0.0 0.0 0.0 0.0 0.0 0.0
0.58765050293 7.34786503857 1.44734632957 -0.520299695449 0.830261227747 0.199886269201 0.8126842132 0.409474622032 0.414577982444 0.0 0.0 0.0 0.0 0.0 0.0
11.1969334827 8.93165267772 2.16268826076 -0.687187229997 0.699033828116 0.197801461265 0.726335965369 0.666522028704 0.167882252378 0.0 0.0 0.0 0.0 0.0 0.0
3.02157788149 3.706166678 3.91486494644 -0.164542228886 -0.307464940248 0.937225247969 0.639154866175 0.690467760437 0.338726038034 0.0 0.0 0.0 0.0 0.0 0.0
0.757039591363 12.8733905327 12.8383499816 -0.855233338452 0.29480333071 0.426224040854 0.47215793582 0.782283013593 0.406325202622 0.0 0.0 0.0 0.0 0.0 0.0
2.72663410494 5.64401524785 6.17645045582 0.964895322059 0.122571457546 -0.232278400339 0.110538907289 0.61273536481 0.782519343331 0.0 0.0 0.0 0.0 0.0 0.0
6.14972960517 1.57392602604 5.48571209137 0.867627163247 -0.35006674824 0.353095422474 0.181661399073 0.884232716489 0.430269263575 0.0 0.0 0.0 0.0 0.0 0.0
10.2008451002 13.0984656865 7.04192005675 0.837620047219 -0.537961921827 0.0948136443789 0.262473469871 0.548586461747 0.793826537476 0.0 0.0 0.0 0.0 0.0 0.0
11.8730577014 0.828895599736 6.92217252464 0.643980188708 -0.341339549445 0.684672789394 0.286019713099 0.937470080989 0.198349618023 0.0 0.0 0.0 0.0 0.0 0.0
2.72466293713 7.37283628927 1.41921608247 -0.0917130985829 0.490991052689 0.866323550256 0.995029978454 0.079069412112 0.0605257800081 0.0 0.0 0.0 0.0 0.0 0.0
0.0574781620738 13.3311977055 1.95936838199 0.797526749311 -0.369781128667 -0.47666864908 0.583680627851 0.27317712114 0.764651021811 0.0 0.0 0.0 0.0 0.0 0.0
3.67540108283 7.09068373383 10.3384663536 0.6793452321 0.442548057629 -0.585355680175 0.395186590361 0.451496036903 0.799986804553 0.0 0.0 0.0 0.0 0.0 0.0
11.8663706117 1.18859309182 9.06520099631 -0.692319825048 -0.18969217219 0.696211275157 0.278122540692 0.820135827933 0.500025075471 0.0 0.0 0.0 0.0 0.0 0.0
5.35808737762 11.6288529054 5.08704787631 -0.267134126137 0.936076547781 -0.22891058374 0.715647284454 0.351786556525 0.603403002065 0.0 0.0 0.0 0.0 0.0 0.0
6.5044988401 12.9923627303 3.43721577089 -0.2920551777 -0.596968719097 0.747216248216 0.648525712787 0.450611146254 0.613485121845 0.0 0.0 0.0 0.0 0.0 0.0
0.969051799887 3.38960446699 10.7564094085 0.108348929609 -0.196720829356 0.974454424152 0.681208087253 0.728605011221 0.0713461946109 0.0 0.0 0.0 0.0 0.0 0.0
9.54690970982 0.0724249518185 1.23795388181 -0.541909227267 0.12818110392 0.830604595461 0.551263621811 0.800207765592 0.236169327294 0.0 0.0 0.0 0.0 0.0 0.0
-0.268164195648 12.5406211188 7.52694538601 0.871118096415 0.0557926382999 -0.487893885604 0.464616266537 0.228070626485 0.855637489948 0.0 0.0 0.0 0.0 0.0 0.0
5.38402654402 12.0524274913 4.58173209849 0.805995276687 -0.578947697257 0.123252496114 0.464915229186 0.748059283375 0.473562179896 0.0 0.0 0.0 0.0 0.0 0.0
2.18382758486 4.33412149173 8.10621572557 0.800292293252 0.435129495438 -0.412546442915 0.446900323636 0.0258595157643 0.894209922881 0.0 0.0 0.0 0.0 0.0 0.0
5.89846396542 10.6340853614 10.1348314526 -0.103080618114 0.90062339998 -0.422198860228 0.579367203263 0.399387464366 0.710509181567 0.0 0.0 0.0 0.0 0.0 0.0
0.880994783903 2.58956456522 11.8638832923 -0.240500001722 -0.292135771063 0.925643797817 0.889654762656 0.315019895157 0.330570520371 0.0 0.0 0.0 0.0 0.0 0.0
9.25432938494 2.20129763622 12.7019664871 0.164467413384 -0.210869144168 0.963579095857 0.531690400234 0.841766247009 0.0934607066878 0.0 0.0 0.0 0.0 0.0 0.0
0.623386188444 1.63345006522 10.4646463543 0.00617664806625 0.973677480467 -0.227846468153 0.901215587385 0.0933156257651 0.423205220953 0.0 0.0 0.0 0.0 0.0 0.0
6.55068860304 5.92784977943 1.97938926925 -0.00149222162107 -0.418155641993 0.908374169791 0.76681637571 0.582576221691 0.269439402953 0.0 0.0 0.0 0.0 0.0 0.0
2.1926967413 4.72174543021 9.7048432487 0.597687572831 -0.675776213153 0.431388542987 0.122248532808 0.608599120699 0.784004085774 0.0 0.0 0.0 0.0 0.0 0.0
11.2399228457 10.1308296679 6.84216159389 -0.0901936304764 -0.0881131787196 0.992018738108 0.307189653343 0.945049970181 0.11187077697 0.0 0.0 0.0 0.0 0.0 0.0
3.48164568411 8.68207135673 11.1907586333 -0.313415115641 0.592222201223 0.742323264936 0.948460421848 0.233777715587 0.213941131815 0.0 0.0 0.0 0.0 0.0 0.0
4.59358350671 2.5778928225 12.4426690805 -0.514651576675 0.662731349046 0.543986133663 0.856294547417 0.42948904494 0.286877688817 0.0 0.0 0.0 0.0 0.0 0.0
0.332946517339 5.04606287796 3.14052248649 0.701994952853 -0.484945182982 0.521566156563 0.41555825178 0.873668748833 0.253010388504 0.0 0.0 0.0 0.0 0.0 0.0
11.2641744337 4.27284142007 9.75140520238 0.0277141700676 -0.0995130626976 0.994650227532 0.255935607321 0.962572193221 0.0891725167423 0.0 0.0 0.0 0.0 0.0 0.0
4.62513877768 7.54979737634 6.89417079157 -0.531228539214 0.829018414002 -0.174713217504 0.537988974706 0.489384534667 0.686345860571 0.0 0.0 0.0 0.0 0.0 0.0
3.00820490514 2.9977681379 3.17575741382 0.941418658515 0.235694712334 -0.241203051344 0.138794335796 0.381059366244 0.914073242005 0.0 0.0 0.0 0.0 0.0 0.0
12.5844675296 2.3808416524 8.38472435203 -0.542470365046 0.0200825658218 0.839834860908 0.823096399639 0.212681394526 0.52657282623 0.0 0.0 0.0 0.0 0.0 0.0
10.1965766231 4.40130800527 11.1554916783 0.0304857385221 -0.385531838076 0.922190772875 0.832508210132 0.520399616651 0.190037677978 0.0 0.0 0.0 0.0 0.0 0.0
2.81986644413 5.9592356497 11.1903868027 0.773095005559 -0.532703291809 0.34431281602 0.000487322508993 0.543330321786 0.839518864556 0.0 0.0 0.0 0.0 0.0 0.0
3.24325892843 6.88078919145 6.76218542174 -0.178913683582 0.0306011821884 0.98338876416 0.187239343808 0.982308094307 0.00349799781989 0.0 0.0 0.0 0.0 0.0 0.0
13.0838107767 3.2222298022 10.6981817914 0.71296902639 0.49635086452 -0.495288791211 0.511378315329 0.11521955013 0.851596544074 0.0 0.0 0.0 0.0 0.0 0.0
8.2216696713 9.4317926335 7.1326358223 -0.45903824703 0.307509933743 0.833499567134 0.757469294704 0.625721805326 0.18631288179 0.0 0.0 0.0 0.0 0.0 0.0
1.18043683186 4.14705538307 13.0884818958 -0.751555308368 0.244911578818 0.612521784939 0.656815806788 0.36410070567 0.660320885694 0.0 0.0 0.0 0.0 0.0 0.0
5.43150016071 2.50546291483 3.46090531029 0.0809227620524 -0.33550740468 0.938555426166 0.729013499776 0.662063620189 0.173813348066 0.0 0.0 0.0 0.0 0.0 0.0
5.83372112468 9.44877786249 9.30369732736 -0.708304434486 0.638935150252 0.300111149177 0.569007479474 0.26516230925 0.778408272089 0.0 0.0 0.0 0.0 0.0 0.0
3.7900879083 1.22506094553 11.45820503 -0.191948214219 0.94052553884 -0.28029911496 0.823389765103 0.309748145653 0.47548436461 0.0 0.0 0.0 0.0 0.0 0.0
7.48499375228 3.27765797852 5.74409155761 0.879707095282 -0.321549652462 -0.35031592529 0.462787972681 0.409636450358 0.786145833087 0.0 0.0 0.0 0.0 0.0 0.0
10.2597309506 9.82184253766 0.347124536312 -0.118421428974 0.908864521417 -0.399927051934 0.704912049987 0.360610756465 0.610785464877 0.0 0.0 0.0 0.0 0.0 0.0
8.93692130775 0.0759449899266 6.03859949284 -0.251751509849 0.371602988246 -0.893606399046 0.171070622645 0.925892823972 0.336834262784 0.0 0.0 0.0 0.0 0.0 0.0
11.3257770968 6.0852272248 7.41865719023 -0.878705682113 0.351354355194 0.323150802737 0.467287857159 0.494749862169 0.732710469719 0.0 0.0 0.0 0.0 0.0 0.0
5.12586973906 11.7051721503 1.25580592836 0.848897852382 0.237933657552 -0.471974587055 0.238099619917 0.625075330398 0.743363573444 0.0 0.0 0.0 0.0 0.0 0.0
-0.186304028167 12.4675111707 1.84758082858 0.961804580395 -0.0277114572286 -0.272330725899 0.243119949551 0.543666622468 0.803317679218 0.0 0.0 0.0 0.0 0.0 0.0
6.39781164661 8.78961038495 4.30552254098 0.209206885718 -0.901710479438 0.378352600415 0.674593222317 0.413187071441 0.611719239846 0.0 0.0 0.0 0.0 0.0 0.0
5.95478768338 1.69242845009 10.0147571139 0.892035123932 -0.395447057486 -0.218849177283 0.44583826512 0.690437718042 0.569670078957 0.0 0.0 0.0 0.0 0.0 0.0
7.79871529501 11.3856163548 1.16253998297 -0.468819592158 0.47702669517 0.743406834852 0.867660714976 0.406351056737 0.286432718761 0.0 0.0 0.0 0.0 0.0 0.0
3.14032266688 13.1840775113 13.2345230603 0.842277035442 -0.529380941335 -0.10161306274 0.469353122547 0.62752745062 0.621222138268 0.0 0.0 0.0 0.0 0.0 0.0
4.9881338495 12.8371979385 1.61219203955 0.642068027605 0.174300609635 -0.746570790621 0.465964198494 0.684574795394 0.560566423569 0.0 0.0 0.0 0.0 0.0 0.0
11.7911240718 11.2602762194 0.986053308196 -0.347972754881 0.69894965573 0.624807442829 0.895694559163 0.444667613366 0.001403677273 0.0 0.0 0.0 0.0 0.0 0.0
1.30348752857 0.975418739855 6.27587997036 -0.162606975682 0.974085417813 0.157215044646 0.887129267988 0.07458179182 0.455454957387 0.0 0.0 0.0 0.0 0.0 0.0
8.50939755519 11.5934565432 9.58664134635 -0.49912270467 0.00807275091571 0.866493713985 0.579852217937 0.746193383743 0.327057853311 0.0 0.0 0.0 0.0 0.0 0.0
13.6554118096 12.7482264586 11.3248716703 -0.00409795509111 -0.640754122226 0.767735215823 0.769988806764 0.487835397384 0.411258875306 0.0 0.0 0.0 0.0 0.0 0.0
4.32192910664 11.0817659754 7.38719593667 -0.492600648621 0.813997571851 -0.307819027999 0.612012811754 0.575495924012 0.542443323947 0.0 0.0 0.0 0.0 0.0 0.0
7.07998651616 1.25783983153 10.802945881 0.870157900285 -0.183576261936 -0.457301852856 0.475823194742 0.554318982382 0.682878285727 0.0 0.0 0.0 0.0 0.0 0.0
2.81094770139 1.70579046622 2.37689947386 -0.669485506342 0.688346603966 0.279227702075 0.665519937467 0.388850474334 0.637085960796 0.0 0.0 0.0 0.0 0.0 0.0
3.00805318838 11.4091641767 1.85782016725 0.550754108943 -0.719511254204 0.423052557676 0.536442619991 0.693441846758 0.481006986043 0.0 0.0 0.0 0.0 0.0 0.0
9.75020472975 7.07816068484 9.98047859132 -0.348523877281 -0.0872977937438 0.933225697338 0.492110791312 0.830341305093 0.261458000701 0.0 0.0 0.0 0.0 0.0 0.0
7.50216076516 2.6503289194 7.08403455393 -0.226518205443 -0.188747589321 0.955543745795 0.71305520513 0.636165601048 0.294695779543 0.0 0.0 0.0 0.0 0.0 0.0
3.79061105305 12.1429523963 8.83321442283 0.37486366288 0.508126767331 -0.775425317212 0.78547781739 0.270208062538 0.556787393291 0.0 0.0 0.0 0.0 0.0 0.0
2.90845238646 3.80050277581 11.3716302053 0.712642574683 -0.403212119033 0.574073643197 0.0995370974083 0.868157499403 0.486204609675 0.0 0.0 0.0 0.0 0.0 0.0
5.24703914271 9.13243529473 1.73389654015 0.0875464837505 -0.327169758434 0.940901462614 0.555615932189 0.799999204149 0.226477833925 0.0 0.0 0.0 0.0 0.0 0.0
12.5028464308 3.03089579943 9.70005449152 -0.407943817601 0.663917919947 0.626733465881 0.912276236335 0.268950171253 0.308897837483 0.0 0.0 0.0 0.0 0.0 0.0
8.26989533591 5.94725338036 11.3546870953 -0.0437441820914 0.981327489506 -0.18730404393 0.671930391547 0.167642867666 0.721391307014 0.0 0.0 0.0 0.0 0.0 0.0
10.5848463486 9.22095786869 7.38678212517 0.638079087496 -0.625612417145 0.448847615137 0.249666071873 0.719553761167 0.64800404115 0.0 0.0 0.0 0.0 0.0 0.0
12.9292353713 7.56988531624 12.8513409264 -0.294302047867 0.437131274292 0.849883847157 0.949371550666 0.235984637715 0.207376251166 0.0 0.0 0.0 0.0 0.0 0.0
6.73548031702 10.7732756626 9.08103577002 0.804578698585 -0.560779390827 -0.195395989228 0.573204732128 0.647372490993 0.502339718688 0.0 0.0 0.0 0.0 0.0 0.0
1.84725555602 10.7815006089 12.2865548062 -0.179208639395 0.0528631450152 0.98238981645 0.731405236058 0.674994536522 0.0971017833598 0.0 0.0 0.0 0.0 0.0 0.0
10.9167336617 0.939770260486 10.663866835 -0.601177469946 0.741293234968 0.298445957286 0.71097841025 0.325668002123 0.623257613312 0.0 0.0 0.0 0.0 0.0 0.0
5.73169257975 8.39721267508 6.54295820258 0.707323091353 -0.636940554904 0.306595456517 0.626089678539 0.765844331961 0.146608913881 0.0 0.0 0.0 0.0 0.0 0.0
1.89401102484 1.41375068271 7.63031666284 0.865005711781 -0.451853420535 0.218159585939 0.187011832272 0.693788376368 0.695474128496 0.0 0.0 0.0 0.0 0.0 0.0
13.0846034602 12.2457900942 8.5496298686 0.952140958341 0.0331768041343 -0.303853410574 0.196585499769 0.694746208809 0.691868373772 0.0 0.0 0.0 0.0 0.0 0.0
8.60541021288 2.97236830228 12.1232843457 0.944930773114 -0.302291671854 0.125401671239 0.142330351489 0.72462667307 0.674283512864 0.0 0.0 0.0 0.0 0.0 0.0
