        0.0000   1.166920   0.367225   1.534145 
      100.0000  -0.073827   0.376341   0.302513 
      200.0000  -0.131325   0.365259   0.233934 
      300.0000  -0.180034   0.366478   0.186444 
      400.0000  -0.218104   0.367765   0.149660 
      500.0000  -0.252918   0.362388   0.109470 
      600.0000  -0.287032   0.363914   0.076881 
      700.0000  -0.302549   0.368437   0.065887 
      800.0000  -0.328801   0.374181   0.045381 
      900.0000  -0.330615   0.364095   0.033479 
     1000.0000  -0.336873   0.363641   0.026768 
     1100.0000  -0.355532   0.376043   0.020511 
     1200.0000  -0.375708   0.359633  -0.016075 
     1300.0000  -0.380751   0.364923  -0.015828 
     1400.0000  -0.384132   0.360260  -0.023872 
     1500.0000  -0.400562   0.361480  -0.039082 
     1600.0000  -0.406707   0.363038  -0.043669 
     1700.0000  -0.407848   0.371602  -0.036246 
     1800.0000  -0.414636   0.367041  -0.047595 
     1900.0000  -0.419514   0.365806  -0.053708 
     2000.0000  -0.449690   0.362467  -0.087223 
     2100.0000  -0.440618   0.373442  -0.067177 
     2200.0000  -0.449603   0.367169  -0.082434 
     2300.0000  -0.458115   0.376939  -0.081175 
     2400.0000  -0.466248   0.372555  -0.093693 
     2500.0000  -0.457887   0.371533  -0.086354 
     2600.0000  -0.465775   0.367689  -0.098087 
     2700.0000  -0.471147   0.366711  -0.104436 
     2800.0000  -0.481604   0.361500  -0.120104 
     2900.0000  -0.479257   0.358217  -0.121040 
     3000.0000  -0.474649   0.371032  -0.103618 
     3100.0000  -0.477203   0.363322  -0.113880 
     3200.0000  -0.488457   0.373380  -0.115076 
     3300.0000  -0.496423   0.370531  -0.125892 
     3400.0000  -0.498352   0.363177  -0.135175 
     3500.0000  -0.509297   0.361199  -0.148098 
     3600.0000  -0.516781   0.353764  -0.163017 
     3700.0000  -0.513843   0.364487  -0.149356 
     3800.0000  -0.496208   0.362300  -0.133908 
     3900.0000  -0.492927   0.365307  -0.127620 
     4000.0000  -0.488418   0.374076  -0.114341 
     4100.0000  -0.485989   0.370069  -0.115920 
     4200.0000  -0.497189   0.360676  -0.136513 
     4300.0000  -0.505771   0.367224  -0.138547 
     4400.0000  -0.512235   0.361738  -0.150497 
     4500.0000  -0.516443   0.370083  -0.146360 
     4600.0000  -0.534841   0.373968  -0.160872 
     4700.0000  -0.531995   0.366149  -0.165846 
     4800.0000  -0.527581   0.356955  -0.170627 
     4900.0000  -0.521908   0.365614  -0.156295 
     5000.0000  -0.525887   0.367737  -0.158150 
     5100.0000  -0.531187   0.366492  -0.164695 
     5200.0000  -0.531758   0.363199  -0.168559 
     5300.0000  -0.540454   0.362774  -0.177680 
     5400.0000  -0.561640   0.356875  -0.204765 
     5500.0000  -0.570883   0.365259  -0.205624 
     5600.0000  -0.564538   0.365454  -0.199085 
     5700.0000  -0.559989   0.370993  -0.188996 
     5800.0000  -0.568407   0.362490  -0.205917 
     5900.0000  -0.553372   0.367377  -0.185995 
     6000.0000  -0.555220   0.367655  -0.187565 
     6100.0000  -0.554122   0.367192  -0.186930 
     6200.0000  -0.555297   0.355264  -0.200033 
     6300.0000  -0.540787   0.373035  -0.167752 
     6400.0000  -0.536803   0.364196  -0.172607 
     6500.0000  -0.527657   0.376328  -0.151330 
     6600.0000  -0.521395   0.356464  -0.164931 
     6700.0000  -0.525848   0.363366  -0.162482 
     6800.0000  -0.524381   0.367277  -0.157105 
     6900.0000  -0.532945   0.383574  -0.149370 
     7000.0000  -0.519776   0.371487  -0.148290 
     7100.0000  -0.517020   0.370607  -0.146414 
     7200.0000  -0.517421   0.368679  -0.148742 
     7300.0000  -0.510995   0.359544  -0.151451 
     7400.0000  -0.519005   0.375724  -0.143281 
     7500.0000  -0.522828   0.365417  -0.157411 
     7600.0000  -0.513792   0.364965  -0.148827 
     7700.0000  -0.520963   0.367101  -0.153862 
     7800.0000  -0.534163   0.364944  -0.169219 
     7900.0000  -0.532078   0.361830  -0.170248 
     8000.0000  -0.541393   0.368883  -0.172510 
     8100.0000  -0.527798   0.365472  -0.162326 
     8200.0000  -0.529356   0.365466  -0.163890 
     8300.0000  -0.542852   0.367150  -0.175702 
     8400.0000  -0.542970   0.356855  -0.186116 
     8500.0000  -0.538523   0.361935  -0.176588 
     8600.0000  -0.528469   0.366307  -0.162161 
     8700.0000  -0.522983   0.369195  -0.153789 
     8800.0000  -0.530130   0.366609  -0.163521 
     8900.0000  -0.542740   0.368566  -0.174175 
     9000.0000  -0.536532   0.364726  -0.171806 
     9100.0000  -0.539768   0.368623  -0.171145 
     9200.0000  -0.557586   0.352246  -0.205340 
     9300.0000  -0.545230   0.360685  -0.184545 
     9400.0000  -0.556715   0.363322  -0.193394 
     9500.0000  -0.560590   0.365927  -0.194663 
     9600.0000  -0.536903   0.372078  -0.164824 
     9700.0000  -0.534258   0.376335  -0.157922 
     9800.0000  -0.516944   0.364664  -0.152280 
     9900.0000  -0.519649   0.362337  -0.157312 
    10000.0000  -0.515327   0.376287  -0.139040 
    10100.0000  -0.535427   0.370947  -0.164480 
    10200.0000  -0.527009   0.364421  -0.162588 
    10300.0000  -0.537248   0.362032  -0.175216 
    10400.0000  -0.529835   0.368998  -0.160837 
    10500.0000  -0.545462   0.368605  -0.176857 
    10600.0000  -0.543732   0.368860  -0.174872 
    10700.0000  -0.528315   0.368932  -0.159383 
    10800.0000  -0.541246   0.374471  -0.166775 
    10900.0000  -0.539956   0.364060  -0.175896 
    11000.0000  -0.543135   0.363701  -0.179434 
    11100.0000  -0.546946   0.364225  -0.182721 
    11200.0000  -0.556730   0.360834  -0.195896 
    11300.0000  -0.547716   0.363332  -0.184385 
    11400.0000  -0.552427   0.363360  -0.189067 
    11500.0000  -0.557591   0.366362  -0.191229 
    11600.0000  -0.563469   0.369625  -0.193844 
    11700.0000  -0.577592   0.363100  -0.214493 
    11800.0000  -0.583641   0.363668  -0.219973 
    11900.0000  -0.572335   0.365323  -0.207011 
    12000.0000  -0.563690   0.369589  -0.194101 
    12100.0000  -0.564516   0.358476  -0.206040 
    12200.0000  -0.564470   0.367098  -0.197373 
    12300.0000  -0.564730   0.371731  -0.192999 
    12400.0000  -0.564628   0.358619  -0.206010 
    12500.0000  -0.565209   0.368324  -0.196885 
    12600.0000  -0.577728   0.370173  -0.207555 
    12700.0000  -0.576357   0.365950  -0.210406 
    12800.0000  -0.577308   0.357577  -0.219731 
    12900.0000  -0.586314   0.368829  -0.217485 
    13000.0000  -0.580425   0.369752  -0.210673 
    13100.0000  -0.566451   0.366368  -0.200083 
    13200.0000  -0.575474   0.362763  -0.212710 
    13300.0000  -0.565129   0.368553  -0.196576 
    13400.0000  -0.551262   0.363268  -0.187994 
    13500.0000  -0.554385   0.369841  -0.184544 
    13600.0000  -0.562479   0.369467  -0.193013 
    13700.0000  -0.563277   0.370796  -0.192481 
    13800.0000  -0.566332   0.374208  -0.192124 
    13900.0000  -0.574822   0.373436  -0.201386 
    14000.0000  -0.577146   0.371844  -0.205302 
    14100.0000  -0.573758   0.373071  -0.200687 
    14200.0000  -0.567222   0.366211  -0.201011 
    14300.0000  -0.553501   0.361918  -0.191583 
    14400.0000  -0.556793   0.380206  -0.176587 
    14500.0000  -0.561368   0.361273  -0.200095 
    14600.0000  -0.563181   0.362183  -0.200998 
    14700.0000  -0.568210   0.365182  -0.203028 
    14800.0000  -0.561354   0.370132  -0.191222 
    14900.0000  -0.571980   0.375194  -0.196786 
    15000.0000  -0.591812   0.359871  -0.231941 
    15100.0000  -0.589552   0.366487  -0.223065 
    15200.0000  -0.602442   0.356433  -0.246009 
    15300.0000  -0.578514   0.362880  -0.215634 
    15400.0000  -0.577560   0.369039  -0.208521 
    15500.0000  -0.577682   0.369257  -0.208425 
    15600.0000  -0.559812   0.364405  -0.195406 
    15700.0000  -0.559839   0.361492  -0.198347 
    15800.0000  -0.552028   0.361048  -0.190980 
    15900.0000  -0.550035   0.366734  -0.183300 
    16000.0000  -0.568764   0.370471  -0.198293 
    16100.0000  -0.564890   0.364749  -0.200141 
    16200.0000  -0.562411   0.370151  -0.192260 
    16300.0000  -0.561016   0.371288  -0.189728 
    16400.0000  -0.574880   0.354932  -0.219947 
    16500.0000  -0.582101   0.362944  -0.219156 
    16600.0000  -0.588557   0.363615  -0.224943 
    16700.0000  -0.590713   0.370336  -0.220377 
    16800.0000  -0.591369   0.367990  -0.223379 
    16900.0000  -0.594743   0.367414  -0.227329 
    17000.0000  -0.592958   0.365779  -0.227179 
    17100.0000  -0.588988   0.368728  -0.220260 
    17200.0000  -0.593564   0.364463  -0.229101 
    17300.0000  -0.590302   0.370556  -0.219746 
    17400.0000  -0.583997   0.372323  -0.211673 
    17500.0000  -0.579818   0.368055  -0.211762 
    17600.0000  -0.581229   0.362984  -0.218245 
    17700.0000  -0.574375   0.363990  -0.210385 
    17800.0000  -0.581852   0.361222  -0.220630 
    17900.0000  -0.580281   0.367932  -0.212349 
    18000.0000  -0.576965   0.359527  -0.217438 
    18100.0000  -0.575763   0.362932  -0.212831 
    18200.0000  -0.577771   0.362798  -0.214973 
    18300.0000  -0.587366   0.365859  -0.221506 
    18400.0000  -0.589537   0.365242  -0.224295 
    18500.0000  -0.577286   0.362309  -0.214977 
    18600.0000  -0.562011   0.365902  -0.196109 
    18700.0000  -0.565049   0.367259  -0.197790 
    18800.0000  -0.560518   0.370598  -0.189921 
    18900.0000  -0.564186   0.358065  -0.206120 
    19000.0000  -0.558802   0.368432  -0.190370 
    19100.0000  -0.570722   0.366550  -0.204172 
    19200.0000  -0.584411   0.373546  -0.210865 
    19300.0000  -0.582938   0.368834  -0.214104 
    19400.0000  -0.567701   0.372144  -0.195557 
    19500.0000  -0.580207   0.361998  -0.218209 
    19600.0000  -0.580426   0.363387  -0.217039 
    19700.0000  -0.566274   0.364280  -0.201995 
    19800.0000  -0.552200   0.368473  -0.183728 
    19900.0000  -0.550702   0.363501  -0.187201 
    20000.0000  -0.558006   0.366247  -0.191759 
    20100.0000  -0.567619   0.372358  -0.195261 
    20200.0000  -0.593203   0.366091  -0.227112 
    20300.0000  -0.600080   0.357736  -0.242344 
    20400.0000  -0.594234   0.362680  -0.231553 
    20500.0000  -0.588614   0.370064  -0.218550 
    20600.0000  -0.586199   0.365293  -0.220905 
    20700.0000  -0.600626   0.366118  -0.234507 
    20800.0000  -0.587227   0.354778  -0.232449 
    20900.0000  -0.592178   0.364322  -0.227856 
    21000.0000  -0.599933   0.364500  -0.235434 
    21100.0000  -0.596596   0.366645  -0.229951 
    21200.0000  -0.595627   0.364970  -0.230656 
    21300.0000  -0.606622   0.366756  -0.239866 
    21400.0000  -0.589683   0.376950  -0.212733 
    21500.0000  -0.590069   0.363146  -0.226923 
    21600.0000  -0.589364   0.360965  -0.228399 
    21700.0000  -0.564599   0.362057  -0.202542 
    21800.0000  -0.556944   0.369576  -0.187368 
    21900.0000  -0.563750   0.360782  -0.202968 
    22000.0000  -0.558616   0.353141  -0.205475 
    22100.0000  -0.554363   0.366152  -0.188211 
    22200.0000  -0.552713   0.363206  -0.189507 
    22300.0000  -0.562254   0.368498  -0.193756 
    22400.0000  -0.565002   0.364336  -0.200666 
    22500.0000  -0.546843   0.368879  -0.177963 
    22600.0000  -0.546950   0.372726  -0.174225 
    22700.0000  -0.552069   0.363603  -0.188466 
    22800.0000  -0.540366   0.367984  -0.172381 
    22900.0000  -0.555088   0.361614  -0.193474 
    23000.0000  -0.563848   0.367794  -0.196053 
    23100.0000  -0.570660   0.361756  -0.208905 
    23200.0000  -0.561322   0.363414  -0.197908 
    23300.0000  -0.551913   0.365717  -0.186196 
    23400.0000  -0.569830   0.362179  -0.207651 
    23500.0000  -0.573849   0.375465  -0.198384 
    23600.0000  -0.572371   0.367479  -0.204892 
    23700.0000  -0.580288   0.360456  -0.219832 
    23800.0000  -0.580477   0.376911  -0.203566 
    23900.0000  -0.581996   0.372324  -0.209672 
    24000.0000  -0.579433   0.371049  -0.208384 
    24100.0000  -0.560199   0.369190  -0.191009 
    24200.0000  -0.567411   0.366298  -0.201113 
    24300.0000  -0.567366   0.369599  -0.197767 
    24400.0000  -0.572389   0.357324  -0.215066 
    24500.0000  -0.568094   0.362893  -0.205202 
    24600.0000  -0.575338   0.363979  -0.211359 
    24700.0000  -0.566450   0.363946  -0.202504 
    24800.0000  -0.573053   0.362712  -0.210341 
    24900.0000  -0.566459   0.366605  -0.199854 
    25000.0000  -0.556393   0.367634  -0.188759 
    25100.0000  -0.563294   0.366937  -0.196357 
    25200.0000  -0.557869   0.368072  -0.189796 
    25300.0000  -0.548256   0.360656  -0.187600 
    25400.0000  -0.536468   0.367312  -0.169156 
    25500.0000  -0.567630   0.375300  -0.192330 
    25600.0000  -0.567416   0.358698  -0.208718 
    25700.0000  -0.574768   0.360789  -0.213979 
    25800.0000  -0.570660   0.366456  -0.204204 
    25900.0000  -0.570677   0.362083  -0.208594 
    26000.0000  -0.562185   0.369394  -0.192791 
    26100.0000  -0.554882   0.360952  -0.193930 
    26200.0000  -0.539189   0.366914  -0.172276 
    26300.0000  -0.538381   0.368849  -0.169532 
    26400.0000  -0.552587   0.372326  -0.180261 
    26500.0000  -0.554012   0.368998  -0.185014 
    26600.0000  -0.558565   0.364516  -0.194049 
    26700.0000  -0.567901   0.366592  -0.201309 
    26800.0000  -0.583097   0.373207  -0.209890 
    26900.0000  -0.567498   0.367546  -0.199953 
    27000.0000  -0.564847   0.365284  -0.199563 
    27100.0000  -0.579871   0.368199  -0.211673 
    27200.0000  -0.562681   0.360837  -0.201844 
    27300.0000  -0.550459   0.366765  -0.183694 
    27400.0000  -0.552407   0.373218  -0.179188 
    27500.0000  -0.538542   0.362655  -0.175886 
    27600.0000  -0.543460   0.354926  -0.188533 
    27700.0000  -0.539958   0.359828  -0.180130 
    27800.0000  -0.547984   0.371194  -0.176790 
    27900.0000  -0.551100   0.366359  -0.184742 
    28000.0000  -0.561265   0.361642  -0.199622 
    28100.0000  -0.558571   0.373196  -0.185375 
    28200.0000  -0.561495   0.369774  -0.191721 
    28300.0000  -0.557498   0.372186  -0.185311 
    28400.0000  -0.557615   0.362712  -0.194903 
    28500.0000  -0.545427   0.375660  -0.169767 
    28600.0000  -0.536939   0.364386  -0.172553 
    28700.0000  -0.532889   0.371313  -0.161576 
    28800.0000  -0.522667   0.369925  -0.152742 
    28900.0000  -0.534924   0.364812  -0.170112 
    29000.0000  -0.545326   0.362662  -0.182664 
    29100.0000  -0.526002   0.363953  -0.162049 
    29200.0000  -0.531845   0.366939  -0.164907 
    29300.0000  -0.552468   0.364736  -0.187732 
    29400.0000  -0.553302   0.362511  -0.190791 
    29500.0000  -0.554798   0.361029  -0.193769 
    29600.0000  -0.572591   0.369624  -0.202967 
    29700.0000  -0.562479   0.359750  -0.202729 
    29800.0000  -0.554798   0.364688  -0.190109 
    29900.0000  -0.561686   0.361304  -0.200381 
    30000.0000  -0.577348   0.365632  -0.211716 
    30100.0000  -0.586792   0.363950  -0.222842 
    30200.0000  -0.590350   0.373286  -0.217064 
    30300.0000  -0.578087   0.373834  -0.204254 
    30400.0000  -0.592251   0.360738  -0.231513 
    30500.0000  -0.592917   0.371833  -0.221084 
    30600.0000  -0.590330   0.368968  -0.221362 
    30700.0000  -0.585646   0.369558  -0.216087 
    30800.0000  -0.591195   0.359688  -0.231507 
    30900.0000  -0.596334   0.369641  -0.226693 
    31000.0000  -0.571271   0.366279  -0.204992 
    31100.0000  -0.565091   0.369657  -0.195434 
    31200.0000  -0.581993   0.366267  -0.215726 
    31300.0000  -0.575583   0.361791  -0.213793 
    31400.0000  -0.572273   0.368125  -0.204147 
    31500.0000  -0.569703   0.360947  -0.208756 
    31600.0000  -0.569888   0.366909  -0.202979 
    31700.0000  -0.575323   0.358515  -0.216808 
    31800.0000  -0.568482   0.365786  -0.202696 
    31900.0000  -0.563455   0.366048  -0.197407 
    32000.0000  -0.562782   0.361980  -0.200802 
    32100.0000  -0.584233   0.374350  -0.209883 
    32200.0000  -0.577858   0.356542  -0.221316 
    32300.0000  -0.570391   0.369615  -0.200775 
    32400.0000  -0.566841   0.377565  -0.189276 
    32500.0000  -0.561164   0.361701  -0.199464 
    32600.0000  -0.559685   0.371221  -0.188464 
    32700.0000  -0.567011   0.368586  -0.198425 
    32800.0000  -0.575303   0.372234  -0.203069 
    32900.0000  -0.588073   0.364371  -0.223702 
    33000.0000  -0.586393   0.364259  -0.222134 
    33100.0000  -0.593475   0.366802  -0.226672 
    33200.0000  -0.605092   0.362833  -0.242259 
    33300.0000  -0.602322   0.365668  -0.236654 
    33400.0000  -0.611279   0.368913  -0.242366 
    33500.0000  -0.604316   0.371037  -0.233280 
    33600.0000  -0.601474   0.368865  -0.232610 
    33700.0000  -0.612028   0.365368  -0.246660 
    33800.0000  -0.611155   0.359242  -0.251913 
    33900.0000  -0.617068   0.365041  -0.252027 
    34000.0000  -0.617380   0.366056  -0.251324 
    34100.0000  -0.619149   0.365057  -0.254091 
    34200.0000  -0.623048   0.362319  -0.260729 
    34300.0000  -0.606547   0.373470  -0.233077 
    34400.0000  -0.599646   0.361198  -0.238448 
    34500.0000  -0.588993   0.366944  -0.222049 
    34600.0000  -0.586488   0.378032  -0.208456 
    34700.0000  -0.592140   0.365294  -0.226846 
    34800.0000  -0.577093   0.370049  -0.207044 
    34900.0000  -0.579929   0.367019  -0.212910 
    35000.0000  -0.591895   0.371677  -0.220217 
    35100.0000  -0.587433   0.361860  -0.225573 
    35200.0000  -0.594121   0.370182  -0.223939 
    35300.0000  -0.572752   0.361750  -0.211002 
    35400.0000  -0.592436   0.367379  -0.225058 
    35500.0000  -0.594218   0.361055  -0.233163 
    35600.0000  -0.600709   0.362653  -0.238056 
    35700.0000  -0.599438   0.374685  -0.224753 
    35800.0000  -0.608668   0.365018  -0.243650 
    35900.0000  -0.589302   0.367668  -0.221633 
    36000.0000  -0.599550   0.370037  -0.229512 
    36100.0000  -0.597094   0.369698  -0.227395 
    36200.0000  -0.585516   0.368036  -0.217480 
    36300.0000  -0.596824   0.374166  -0.222658 
    36400.0000  -0.605991   0.357115  -0.248876 
    36500.0000  -0.612065   0.369569  -0.242496 
    36600.0000  -0.612516   0.372504  -0.240012 
    36700.0000  -0.620586   0.362593  -0.257992 
    36800.0000  -0.623598   0.369342  -0.254256 
    36900.0000  -0.612794   0.364193  -0.248601 
    37000.0000  -0.612999   0.363574  -0.249425 
    37100.0000  -0.606139   0.361624  -0.244515 
    37200.0000  -0.613245   0.361880  -0.251365 
    37300.0000  -0.610454   0.367835  -0.242619 
    37400.0000  -0.614022   0.369008  -0.245014 
    37500.0000  -0.621294   0.369045  -0.252248 
    37600.0000  -0.611377   0.371387  -0.239990 
    37700.0000  -0.621641   0.366467  -0.255174 
    37800.0000  -0.624162   0.367602  -0.256560 
    37900.0000  -0.629351   0.369667  -0.259684 
    38000.0000  -0.615798   0.359745  -0.256053 
    38100.0000  -0.613728   0.366142  -0.247587 
    38200.0000  -0.607604   0.364335  -0.243268 
    38300.0000  -0.604963   0.362313  -0.242650 
    38400.0000  -0.605783   0.363958  -0.241825 
    38500.0000  -0.613007   0.369844  -0.243163 
    38600.0000  -0.595247   0.359491  -0.235756 
    38700.0000  -0.608050   0.370270  -0.237780 
    38800.0000  -0.606934   0.364397  -0.242537 
    38900.0000  -0.608817   0.364758  -0.244059 
    39000.0000  -0.616315   0.362833  -0.253483 
    39100.0000  -0.634443   0.369833  -0.264610 
    39200.0000  -0.630423   0.376455  -0.253968 
    39300.0000  -0.617676   0.368354  -0.249322 
    39400.0000  -0.632198   0.365730  -0.266468 
    39500.0000  -0.622386   0.365113  -0.257273 
    39600.0000  -0.617342   0.366150  -0.251192 
    39700.0000  -0.613249   0.356233  -0.257016 
    39800.0000  -0.624700   0.358029  -0.266670 
    39900.0000  -0.618997   0.362633  -0.256364 
    40000.0000  -0.622288   0.366682  -0.255606 
    40100.0000  -0.626926   0.364055  -0.262871 
    40200.0000  -0.636757   0.362601  -0.274156 
    40300.0000  -0.625728   0.368612  -0.257116 
    40400.0000  -0.622241   0.359791  -0.262450 
    40500.0000  -0.618814   0.356088  -0.262726 
    40600.0000  -0.623108   0.363340  -0.259768 
    40700.0000  -0.622869   0.362318  -0.260551 
    40800.0000  -0.630398   0.367539  -0.262859 
    40900.0000  -0.641455   0.372202  -0.269254 
    41000.0000  -0.639377   0.370250  -0.269127 
    41100.0000  -0.636715   0.365638  -0.271077 
    41200.0000  -0.649005   0.366212  -0.282793 
    41300.0000  -0.644450   0.369138  -0.275312 
    41400.0000  -0.638174   0.362724  -0.275450 
    41500.0000  -0.646072   0.369311  -0.276761 
    41600.0000  -0.651051   0.375624  -0.275427 
    41700.0000  -0.645542   0.372013  -0.273529 
    41800.0000  -0.664771   0.368252  -0.296520 
    41900.0000  -0.659341   0.367534  -0.291808 
    42000.0000  -0.663412   0.368131  -0.295281 
    42100.0000  -0.665125   0.367919  -0.297205 
    42200.0000  -0.668600   0.370569  -0.298031 
    42300.0000  -0.659023   0.364721  -0.294302 
    42400.0000  -0.676719   0.364850  -0.311869 
    42500.0000  -0.679000   0.365380  -0.313620 
    42600.0000  -0.686482   0.365859  -0.320623 
    42700.0000  -0.665418   0.367350  -0.298068 
    42800.0000  -0.665260   0.373449  -0.291811 
    42900.0000  -0.659600   0.371173  -0.288427 
    43000.0000  -0.666103   0.371479  -0.294625 
    43100.0000  -0.655928   0.368506  -0.287422 
    43200.0000  -0.657594   0.365062  -0.292532 
    43300.0000  -0.665867   0.371294  -0.294573 
    43400.0000  -0.666098   0.361677  -0.304421 
    43500.0000  -0.678659   0.367171  -0.311489 
    43600.0000  -0.676434   0.370405  -0.306029 
    43700.0000  -0.688102   0.362884  -0.325218 
    43800.0000  -0.700512   0.365302  -0.335210 
    43900.0000  -0.707408   0.362962  -0.344446 
    44000.0000  -0.689374   0.380259  -0.309115 
    44100.0000  -0.684897   0.362622  -0.322276 
    44200.0000  -0.681621   0.371225  -0.310396 
    44300.0000  -0.670244   0.367058  -0.303186 
    44400.0000  -0.668905   0.363864  -0.305040 
    44500.0000  -0.679215   0.365910  -0.313305 
    44600.0000  -0.673190   0.369025  -0.304165 
    44700.0000  -0.669221   0.368207  -0.301014 
    44800.0000  -0.678365   0.368515  -0.309849 
    44900.0000  -0.694001   0.364081  -0.329920 
    45000.0000  -0.696575   0.368606  -0.327970 
    45100.0000  -0.698721   0.363663  -0.335059 
    45200.0000  -0.708844   0.359034  -0.349810 
    45300.0000  -0.712513   0.363470  -0.349042 
    45400.0000  -0.696177   0.364568  -0.331608 
    45500.0000  -0.694187   0.362412  -0.331776 
    45600.0000  -0.677709   0.369023  -0.308686 
    45700.0000  -0.677466   0.368011  -0.309455 
    45800.0000  -0.691961   0.359480  -0.332481 
    45900.0000  -0.693258   0.372850  -0.320408 
    46000.0000  -0.706856   0.354506  -0.352350 
    46100.0000  -0.698076   0.366330  -0.331746 
    46200.0000  -0.695056   0.368855  -0.326201 
    46300.0000  -0.690858   0.357779  -0.333079 
    46400.0000  -0.690246   0.365269  -0.324977 
    46500.0000  -0.697028   0.356736  -0.340292 
    46600.0000  -0.712763   0.364581  -0.348182 
    46700.0000  -0.698576   0.363762  -0.334814 
    46800.0000  -0.710620   0.365623  -0.344997 
    46900.0000  -0.719078   0.368613  -0.350465 
    47000.0000  -0.737562   0.361736  -0.375826 
    47100.0000  -0.736603   0.362550  -0.374053 
    47200.0000  -0.744063   0.364085  -0.379978 
    47300.0000  -0.752646   0.359320  -0.393326 
    47400.0000  -0.737498   0.370666  -0.366832 
    47500.0000  -0.733173   0.373350  -0.359822 
    47600.0000  -0.737352   0.365498  -0.371855 
    47700.0000  -0.743184   0.370678  -0.372505 
    47800.0000  -0.744339   0.366286  -0.378054 
    47900.0000  -0.758742   0.367783  -0.390959 
    48000.0000  -0.753859   0.365074  -0.388786 
    48100.0000  -0.769773   0.369565  -0.400207 
    48200.0000  -0.768596   0.369543  -0.399053 
    48300.0000  -0.769881   0.371101  -0.398779 
    48400.0000  -0.761367   0.358393  -0.402975 
    48500.0000  -0.748022   0.373827  -0.374195 
    48600.0000  -0.755002   0.368972  -0.386030 
    48700.0000  -0.740328   0.361607  -0.378721 
    48800.0000  -0.752090   0.365842  -0.386248 
    48900.0000  -0.757448   0.358105  -0.399343 
    49000.0000  -0.765209   0.361730  -0.403479 
    49100.0000  -0.750613   0.367329  -0.383284 
    49200.0000  -0.738869   0.371263  -0.367606 
    49300.0000  -0.724120   0.366947  -0.357174 
    49400.0000  -0.739912   0.361105  -0.378806 
    49500.0000  -0.740180   0.366600  -0.373580 
    49600.0000  -0.742065   0.363863  -0.378202 
    49700.0000  -0.741697   0.358091  -0.383606 
    49800.0000  -0.735990   0.370161  -0.365829 
    49900.0000  -0.740063   0.359594  -0.380470 
    50000.0000  -0.749280   0.372419  -0.376861 
    50100.0000  -0.754400   0.370541  -0.383859 
    50200.0000  -0.750527   0.368085  -0.382442 
    50300.0000  -0.752213   0.366567  -0.385646 
    50400.0000  -0.743469   0.367758  -0.375711 
    50500.0000  -0.750761   0.359534  -0.391227 
    50600.0000  -0.754334   0.359687  -0.394647 
    50700.0000  -0.754121   0.374173  -0.379949 
    50800.0000  -0.741942   0.372876  -0.369066 
    50900.0000  -0.746437   0.373964  -0.372472 
    51000.0000  -0.759534   0.368273  -0.391261 
    51100.0000  -0.748736   0.358090  -0.390646 
    51200.0000  -0.758459   0.368743  -0.389716 
    51300.0000  -0.769045   0.363652  -0.405393 
    51400.0000  -0.778661   0.363476  -0.415186 
    51500.0000  -0.793428   0.366084  -0.427343 
    51600.0000  -0.801778   0.376874  -0.424904 
    51700.0000  -0.808555   0.368376  -0.440179 
    51800.0000  -0.813673   0.365605  -0.448068 
    51900.0000  -0.812466   0.366765  -0.445701 
    52000.0000  -0.809038   0.362921  -0.446117 
    52100.0000  -0.806470   0.364427  -0.442043 
    52200.0000  -0.817690   0.369503  -0.448187 
    52300.0000  -0.817044   0.352265  -0.464779 
    52400.0000  -0.802637   0.370795  -0.431841 
    52500.0000  -0.812489   0.360355  -0.452134 
    52600.0000  -0.824511   0.362666  -0.461845 
    52700.0000  -0.805696   0.356196  -0.449499 
    52800.0000  -0.809506   0.368076  -0.441430 
    52900.0000  -0.816489   0.365809  -0.450680 
    53000.0000  -0.828926   0.372431  -0.456495 
    53100.0000  -0.824015   0.364647  -0.459368 
    53200.0000  -0.815762   0.369270  -0.446491 
    53300.0000  -0.797064   0.373937  -0.423126 
    53400.0000  -0.806678   0.361299  -0.445379 
    53500.0000  -0.807692   0.356012  -0.451680 
    53600.0000  -0.802063   0.365017  -0.437047 
    53700.0000  -0.798437   0.368560  -0.429877 
    53800.0000  -0.800568   0.356694  -0.443875 
    53900.0000  -0.808340   0.370910  -0.437430 
    54000.0000  -0.813625   0.372394  -0.441232 
    54100.0000  -0.818506   0.367614  -0.450892 
    54200.0000  -0.816501   0.367364  -0.449137 
    54300.0000  -0.822393   0.366056  -0.456337 
    54400.0000  -0.822922   0.369600  -0.453322 
    54500.0000  -0.833033   0.359171  -0.473863 
    54600.0000  -0.846209   0.367140  -0.479068 
    54700.0000  -0.849189   0.361078  -0.488111 
    54800.0000  -0.839301   0.367721  -0.471580 
    54900.0000  -0.848434   0.370820  -0.477613 
    55000.0000  -0.857109   0.363652  -0.493457 
    55100.0000  -0.852317   0.369894  -0.482423 
    55200.0000  -0.854177   0.365120  -0.489057 
    55300.0000  -0.853619   0.363476  -0.490142 
    55400.0000  -0.853810   0.364762  -0.489047 
    55500.0000  -0.859826   0.363486  -0.496340 
    55600.0000  -0.868900   0.373941  -0.494959 
    55700.0000  -0.872819   0.369530  -0.503289 
    55800.0000  -0.872529   0.369056  -0.503473 
    55900.0000  -0.868541   0.375409  -0.493132 
    56000.0000  -0.861967   0.362402  -0.499564 
    56100.0000  -0.863509   0.357058  -0.506451 
    56200.0000  -0.874325   0.364578  -0.509747 
    56300.0000  -0.885655   0.377664  -0.507991 
    56400.0000  -0.895069   0.369072  -0.525997 
    56500.0000  -0.885964   0.370309  -0.515656 
    56600.0000  -0.894297   0.367375  -0.526922 
    56700.0000  -0.904597   0.364587  -0.540010 
    56800.0000  -0.906994   0.364454  -0.542540 
    56900.0000  -0.908362   0.367553  -0.540809 
    57000.0000  -0.895396   0.351013  -0.544382 
    57100.0000  -0.896444   0.361886  -0.534558 
    57200.0000  -0.918207   0.366602  -0.551605 
    57300.0000  -0.900750   0.368179  -0.532572 
    57400.0000  -0.895229   0.368449  -0.526780 
    57500.0000  -0.897532   0.367635  -0.529897 
    57600.0000  -0.897663   0.363424  -0.534238 
    57700.0000  -0.908268   0.368344  -0.539925 
    57800.0000  -0.922788   0.353632  -0.569156 
    57900.0000  -0.940208   0.368142  -0.572066 
    58000.0000  -0.936337   0.367405  -0.568932 
    58100.0000  -0.937626   0.361106  -0.576520 
    58200.0000  -0.937001   0.363806  -0.573195 
    58300.0000  -0.940229   0.363847  -0.576382 
    58400.0000  -0.935218   0.374477  -0.560742 
    58500.0000  -0.931295   0.358360  -0.572935 
    58600.0000  -0.936769   0.366409  -0.570361 
    58700.0000  -0.942444   0.366059  -0.576384 
    58800.0000  -0.955850   0.366163  -0.589687 
    58900.0000  -0.964225   0.366538  -0.597688 
    59000.0000  -0.974612   0.365093  -0.609518 
    59100.0000  -0.980238   0.368523  -0.611715 
    59200.0000  -0.986590   0.361136  -0.625455 
    59300.0000  -0.986767   0.369326  -0.617441 
    59400.0000  -0.990532   0.368046  -0.622486 
    59500.0000  -1.001195   0.374818  -0.626376 
    59600.0000  -1.012405   0.378388  -0.634017 
    59700.0000  -1.024789   0.368082  -0.656706 
    59800.0000  -1.039280   0.371011  -0.668269 
    59900.0000  -1.041252   0.371603  -0.669649 
    60000.0000  -1.036929   0.368512  -0.668418 
    60100.0000  -1.030835   0.371022  -0.659812 
    60200.0000  -1.021134   0.368971  -0.652164 
    60300.0000  -1.023010   0.354078  -0.668932 
    60400.0000  -1.010427   0.357678  -0.652749 
    60500.0000  -1.014346   0.376724  -0.637622 
    60600.0000  -1.023402   0.363646  -0.659755 
    60700.0000  -1.026668   0.366487  -0.660181 
    60800.0000  -1.019622   0.362703  -0.656918 
    60900.0000  -1.030357   0.366750  -0.663607 
    61000.0000  -1.051182   0.357629  -0.693554 
    61100.0000  -1.057567   0.363116  -0.694451 
    61200.0000  -1.058486   0.360069  -0.698418 
    61300.0000  -1.056462   0.365791  -0.690671 
    61400.0000  -1.056865   0.359701  -0.697165 
    61500.0000  -1.060829   0.369878  -0.690950 
    61600.0000  -1.072379   0.371449  -0.700930 
    61700.0000  -1.080863   0.361779  -0.719084 
    61800.0000  -1.091722   0.376603  -0.715119 
    61900.0000  -1.085347   0.373375  -0.711972 
    62000.0000  -1.088967   0.368022  -0.720945 
    62100.0000  -1.088018   0.381285  -0.706733 
    62200.0000  -1.084975   0.367606  -0.717369 
    62300.0000  -1.096204   0.370800  -0.725404 
    62400.0000  -1.097562   0.370979  -0.726584 
    62500.0000  -1.087344   0.372266  -0.715078 
    62600.0000  -1.105166   0.366695  -0.738471 
    62700.0000  -1.103878   0.361336  -0.742542 
    62800.0000  -1.107556   0.364094  -0.743462 
    62900.0000  -1.119394   0.365816  -0.753577 
    63000.0000  -1.119455   0.367489  -0.751965 
    63100.0000  -1.127660   0.364316  -0.763343 
    63200.0000  -1.129907   0.367807  -0.762099 
    63300.0000  -1.137811   0.358798  -0.779013 
    63400.0000  -1.142343   0.368838  -0.773505 
    63500.0000  -1.134474   0.355993  -0.778481 
    63600.0000  -1.137539   0.368008  -0.769531 
    63700.0000  -1.145890   0.362716  -0.783174 
    63800.0000  -1.155459   0.365328  -0.790130 
    63900.0000  -1.155801   0.372532  -0.783269 
    64000.0000  -1.167330   0.367727  -0.799603 
    64100.0000  -1.171656   0.362463  -0.809194 
    64200.0000  -1.173492   0.360775  -0.812717 
    64300.0000  -1.173117   0.363165  -0.809953 
    64400.0000  -1.175625   0.367974  -0.807651 
    64500.0000  -1.174385   0.364625  -0.809761 
    64600.0000  -1.171832   0.363544  -0.808288 
    64700.0000  -1.175487   0.369696  -0.805790 
    64800.0000  -1.173184   0.364005  -0.809179 
    64900.0000  -1.177753   0.361040  -0.816713 
    65000.0000  -1.173713   0.364153  -0.809559 
    65100.0000  -1.165847   0.362527  -0.803320 
    65200.0000  -1.173018   0.363693  -0.809325 
    65300.0000  -1.180555   0.361122  -0.819433 
    65400.0000  -1.183614   0.362959  -0.820655 
    65500.0000  -1.199790   0.365058  -0.834732 
    65600.0000  -1.210473   0.359898  -0.850576 
    65700.0000  -1.221400   0.363402  -0.857998 
    65800.0000  -1.226152   0.365218  -0.860934 
    65900.0000  -1.233953   0.365997  -0.867956 
    66000.0000  -1.223664   0.362238  -0.861425 
    66100.0000  -1.238220   0.363281  -0.874939 
    66200.0000  -1.247864   0.370385  -0.877479 
    66300.0000  -1.251072   0.364835  -0.886237 
    66400.0000  -1.263844   0.373071  -0.890773 
    66500.0000  -1.264345   0.363907  -0.900438 
    66600.0000  -1.264074   0.365040  -0.899034 
    66700.0000  -1.256018   0.366578  -0.889440 
    66800.0000  -1.269827   0.365124  -0.904703 
    66900.0000  -1.278111   0.369766  -0.908344 
    67000.0000  -1.295313   0.371156  -0.924157 
    67100.0000  -1.294653   0.358327  -0.936326 
    67200.0000  -1.293774   0.359696  -0.934078 
    67300.0000  -1.293769   0.366703  -0.927066 
    67400.0000  -1.302749   0.363570  -0.939179 
    67500.0000  -1.301149   0.365585  -0.935564 
    67600.0000  -1.298724   0.365226  -0.933499 
    67700.0000  -1.311389   0.362776  -0.948613 
    67800.0000  -1.305507   0.372922  -0.932585 
    67900.0000  -1.313787   0.369145  -0.944642 
    68000.0000  -1.311473   0.362559  -0.948914 
    68100.0000  -1.319017   0.366892  -0.952125 
    68200.0000  -1.323223   0.366171  -0.957052 
    68300.0000  -1.324371   0.364533  -0.959838 
    68400.0000  -1.323240   0.372778  -0.950461 
    68500.0000  -1.332025   0.370251  -0.961774 
    68600.0000  -1.341150   0.364513  -0.976637 
    68700.0000  -1.348246   0.369285  -0.978961 
    68800.0000  -1.365571   0.364635  -1.000936 
    68900.0000  -1.368151   0.366582  -1.001570 
    69000.0000  -1.370109   0.374931  -0.995178 
    69100.0000  -1.371063   0.361883  -1.009180 
    69200.0000  -1.367916   0.362498  -1.005418 
    69300.0000  -1.374109   0.362877  -1.011231 
    69400.0000  -1.384766   0.366440  -1.018327 
    69500.0000  -1.381348   0.368023  -1.013326 
    69600.0000  -1.380728   0.363787  -1.016941 
    69700.0000  -1.377201   0.366685  -1.010517 
    69800.0000  -1.383176   0.366287  -1.016890 
    69900.0000  -1.383865   0.365565  -1.018300 
    70000.0000  -1.377536   0.366999  -1.010537 
    70100.0000  -1.365014   0.359834  -1.005181 
    70200.0000  -1.371153   0.363499  -1.007653 
    70300.0000  -1.370064   0.363858  -1.006206 
    70400.0000  -1.369107   0.369034  -1.000073 
    70500.0000  -1.385716   0.366540  -1.019176 
    70600.0000  -1.395615   0.364190  -1.031425 
    70700.0000  -1.396795   0.375191  -1.021604 
    70800.0000  -1.412431   0.362905  -1.049526 
    70900.0000  -1.413494   0.360480  -1.053014 
    71000.0000  -1.413384   0.364921  -1.048463 
    71100.0000  -1.421147   0.364657  -1.056490 
    71200.0000  -1.416582   0.373704  -1.042879 
    71300.0000  -1.419371   0.370703  -1.048669 
    71400.0000  -1.422371   0.368167  -1.054204 
    71500.0000  -1.418772   0.367519  -1.051253 
    71600.0000  -1.428436   0.370743  -1.057693 
    71700.0000  -1.433162   0.367915  -1.065247 
    71800.0000  -1.446832   0.354675  -1.092158 
    71900.0000  -1.451471   0.369218  -1.082253 
    72000.0000  -1.468446   0.366471  -1.101975 
    72100.0000  -1.469641   0.365164  -1.104477 
    72200.0000  -1.467633   0.361218  -1.106416 
    72300.0000  -1.475500   0.367254  -1.108246 
    72400.0000  -1.483101   0.372528  -1.110573 
    72500.0000  -1.483197   0.364832  -1.118365 
    72600.0000  -1.474428   0.370445  -1.103983 
    72700.0000  -1.484715   0.374447  -1.110268 
    72800.0000  -1.491682   0.365861  -1.125821 
    72900.0000  -1.498906   0.362351  -1.136555 
    73000.0000  -1.518415   0.368300  -1.150115 
    73100.0000  -1.521099   0.366898  -1.154201 
    73200.0000  -1.513258   0.363536  -1.149722 
    73300.0000  -1.535622   0.366527  -1.169095 
    73400.0000  -1.538931   0.371829  -1.167102 
    73500.0000  -1.549921   0.357174  -1.192747 
    73600.0000  -1.540301   0.364344  -1.175957 
    73700.0000  -1.553495   0.365178  -1.188317 
    73800.0000  -1.551839   0.365819  -1.186020 
    73900.0000  -1.551520   0.373238  -1.178282 
    74000.0000  -1.551412   0.368040  -1.183372 
    74100.0000  -1.551803   0.367174  -1.184629 
    74200.0000  -1.559200   0.369336  -1.189863 
    74300.0000  -1.565851   0.366748  -1.199103 
    74400.0000  -1.565852   0.363745  -1.202107 
    74500.0000  -1.574590   0.362303  -1.212287 
    74600.0000  -1.586335   0.375296  -1.211039 
    74700.0000  -1.584005   0.368141  -1.215864 
    74800.0000  -1.579101   0.370763  -1.208338 
    74900.0000  -1.585978   0.369186  -1.216792 
    75000.0000  -1.593823   0.374838  -1.218984 
    75100.0000  -1.596524   0.359973  -1.236551 
    75200.0000  -1.597915   0.369096  -1.228819 
    75300.0000  -1.607071   0.369203  -1.237868 
    75400.0000  -1.606500   0.370143  -1.236357 
    75500.0000  -1.618431   0.362627  -1.255804 
    75600.0000  -1.618840   0.365233  -1.253607 
    75700.0000  -1.621277   0.366493  -1.254784 
    75800.0000  -1.620836   0.363661  -1.257175 
    75900.0000  -1.623826   0.368755  -1.255071 
    76000.0000  -1.617664   0.365558  -1.252106 
    76100.0000  -1.622025   0.370252  -1.251773 
    76200.0000  -1.631947   0.365444  -1.266503 
    76300.0000  -1.636539   0.362097  -1.274443 
    76400.0000  -1.641374   0.362496  -1.278878 
    76500.0000  -1.638681   0.361272  -1.277408 
    76600.0000  -1.644464   0.360658  -1.283806 
    76700.0000  -1.643116   0.361658  -1.281457 
    76800.0000  -1.657326   0.368391  -1.288935 
    76900.0000  -1.658117   0.365240  -1.292877 
    77000.0000  -1.662670   0.360186  -1.302485 
    77100.0000  -1.668406   0.371982  -1.296424 
    77200.0000  -1.666835   0.373854  -1.292981 
    77300.0000  -1.673308   0.367044  -1.306264 
    77400.0000  -1.672496   0.367067  -1.305429 
    77500.0000  -1.672430   0.360095  -1.312335 
    77600.0000  -1.678524   0.368391  -1.310133 
    77700.0000  -1.676505   0.363027  -1.313478 
    77800.0000  -1.673214   0.362861  -1.310353 
    77900.0000  -1.679036   0.361979  -1.317057 
    78000.0000  -1.694910   0.370677  -1.324233 
    78100.0000  -1.690998   0.363677  -1.327321 
    78200.0000  -1.679939   0.360943  -1.318995 
    78300.0000  -1.690184   0.370467  -1.319717 
    78400.0000  -1.708413   0.373937  -1.334476 
    78500.0000  -1.708586   0.354211  -1.354375 
    78600.0000  -1.712645   0.362980  -1.349665 
    78700.0000  -1.712451   0.362437  -1.350014 
    78800.0000  -1.712452   0.363576  -1.348876 
    78900.0000  -1.719543   0.365222  -1.354321 
    79000.0000  -1.723987   0.364402  -1.359585 
    79100.0000  -1.726291   0.365568  -1.360723 
    79200.0000  -1.733112   0.371961  -1.361151 
    79300.0000  -1.747514   0.369763  -1.377751 
    79400.0000  -1.745499   0.376338  -1.369162 
    79500.0000  -1.753378   0.376813  -1.376565 
    79600.0000  -1.764539   0.370944  -1.393595 
    79700.0000  -1.773180   0.358863  -1.414316 
    79800.0000  -1.784348   0.368867  -1.415481 
    79900.0000  -1.780649   0.361293  -1.419355 
    80000.0000  -1.784624   0.373701  -1.410923 
    80100.0000  -1.781102   0.366010  -1.415092 
    80200.0000  -1.783578   0.365364  -1.418214 
    80300.0000  -1.784796   0.364201  -1.420596 
    80400.0000  -1.788283   0.364816  -1.423467 
    80500.0000  -1.785883   0.365568  -1.420315 
    80600.0000  -1.794752   0.359763  -1.434989 
    80700.0000  -1.788385   0.371123  -1.417262 
    80800.0000  -1.789356   0.370789  -1.418567 
    80900.0000  -1.796342   0.363634  -1.432707 
    81000.0000  -1.796596   0.356259  -1.440337 
    81100.0000  -1.803357   0.359369  -1.443988 
    81200.0000  -1.806803   0.368569  -1.438234 
    81300.0000  -1.820055   0.366816  -1.453239 
    81400.0000  -1.816554   0.360547  -1.456008 
    81500.0000  -1.827519   0.366058  -1.461461 
    81600.0000  -1.835522   0.370623  -1.464899 
    81700.0000  -1.835715   0.367700  -1.468015 
    81800.0000  -1.846458   0.375255  -1.471204 
    81900.0000  -1.844507   0.372675  -1.471832 
    82000.0000  -1.843731   0.355223  -1.488508 
    82100.0000  -1.851873   0.369081  -1.482792 
    82200.0000  -1.849408   0.368131  -1.481277 
    82300.0000  -1.854318   0.371800  -1.482518 
    82400.0000  -1.852003   0.360594  -1.491409 
    82500.0000  -1.855482   0.367201  -1.488282 
    82600.0000  -1.858146   0.371552  -1.486594 
    82700.0000  -1.861539   0.376106  -1.485433 
    82800.0000  -1.866779   0.368224  -1.498555 
    82900.0000  -1.871870   0.367596  -1.504274 
    83000.0000  -1.876940   0.359136  -1.517804 
    83100.0000  -1.879631   0.370051  -1.509581 
    83200.0000  -1.872280   0.368247  -1.504033 
    83300.0000  -1.878053   0.366787  -1.511266 
    83400.0000  -1.880210   0.372810  -1.507399 
    83500.0000  -1.873562   0.371628  -1.501934 
    83600.0000  -1.879137   0.367422  -1.511715 
    83700.0000  -1.888663   0.368032  -1.520631 
    83800.0000  -1.889770   0.365181  -1.524589 
    83900.0000  -1.889815   0.361188  -1.528627 
    84000.0000  -1.890646   0.367111  -1.523535 
    84100.0000  -1.896465   0.360557  -1.535908 
    84200.0000  -1.895196   0.363201  -1.531994 
    84300.0000  -1.894910   0.371774  -1.523136 
    84400.0000  -1.903883   0.377243  -1.526640 
    84500.0000  -1.908646   0.362708  -1.545938 
    84600.0000  -1.910707   0.368542  -1.542164 
    84700.0000  -1.908725   0.372722  -1.536004 
    84800.0000  -1.910622   0.358630  -1.551991 
    84900.0000  -1.911899   0.360830  -1.551070 
    85000.0000  -1.921226   0.368265  -1.552961 
    85100.0000  -1.923729   0.360015  -1.563714 
    85200.0000  -1.924090   0.366764  -1.557325 
    85300.0000  -1.925911   0.365645  -1.560266 
    85400.0000  -1.940205   0.368487  -1.571718 
    85500.0000  -1.946511   0.368078  -1.578432 
    85600.0000  -1.945121   0.370037  -1.575083 
    85700.0000  -1.951028   0.380999  -1.570029 
    85800.0000  -1.958540   0.371635  -1.586905 
    85900.0000  -1.963544   0.370629  -1.592915 
    86000.0000  -1.957901   0.366877  -1.591024 
    86100.0000  -1.958041   0.356321  -1.601720 
    86200.0000  -1.958413   0.369126  -1.589287 
    86300.0000  -1.963326   0.357954  -1.605372 
    86400.0000  -1.967144   0.371855  -1.595288 
    86500.0000  -1.970445   0.369075  -1.601371 
    86600.0000  -1.966772   0.375902  -1.590870 
    86700.0000  -1.964919   0.370804  -1.594115 
    86800.0000  -1.966408   0.366029  -1.600379 
    86900.0000  -1.969977   0.360144  -1.609833 
    87000.0000  -1.970215   0.362626  -1.607589 
    87100.0000  -1.974441   0.357640  -1.616802 
    87200.0000  -1.976434   0.371606  -1.604828 
    87300.0000  -1.989165   0.367279  -1.621886 
    87400.0000  -1.989266   0.368504  -1.620761 
    87500.0000  -1.986133   0.367564  -1.618569 
    87600.0000  -1.991152   0.365900  -1.625252 
    87700.0000  -1.991154   0.363088  -1.628067 
    87800.0000  -1.994556   0.365734  -1.628822 
    87900.0000  -1.996079   0.360644  -1.635435 
    88000.0000  -1.996338   0.365993  -1.630346 
    88100.0000  -1.992319   0.366639  -1.625679 
    88200.0000  -2.001171   0.366098  -1.635073 
    88300.0000  -1.999233   0.367270  -1.631963 
    88400.0000  -1.996333   0.365282  -1.631051 
    88500.0000  -2.001440   0.363130  -1.638310 
    88600.0000  -2.001946   0.366093  -1.635854 
    88700.0000  -2.005434   0.371370  -1.634064 
    88800.0000  -2.010097   0.361382  -1.648715 
    88900.0000  -2.016890   0.358632  -1.658258 
    89000.0000  -2.016809   0.364617  -1.652192 
    89100.0000  -2.028329   0.359569  -1.668760 
    89200.0000  -2.028046   0.362730  -1.665316 
    89300.0000  -2.029516   0.364788  -1.664728 
    89400.0000  -2.026047   0.364160  -1.661887 
    89500.0000  -2.034922   0.365241  -1.669681 
    89600.0000  -2.033461   0.362196  -1.671264 
    89700.0000  -2.034894   0.370514  -1.664380 
    89800.0000  -2.033988   0.363108  -1.670880 
    89900.0000  -2.037388   0.365858  -1.671530 
    90000.0000  -2.047849   0.365488  -1.682362 
    90100.0000  -2.054631   0.367847  -1.686784 
    90200.0000  -2.049390   0.362715  -1.686675 
    90300.0000  -2.046339   0.367285  -1.679055 
    90400.0000  -2.047071   0.370772  -1.676299 
    90500.0000  -2.047061   0.362515  -1.684546 
    90600.0000  -2.051612   0.371083  -1.680528 
    90700.0000  -2.052885   0.361450  -1.691435 
    90800.0000  -2.058073   0.367202  -1.690871 
    90900.0000  -2.054305   0.366944  -1.687361 
    91000.0000  -2.056219   0.367838  -1.688381 
    91100.0000  -2.060706   0.365013  -1.695692 
    91200.0000  -2.054442   0.369271  -1.685171 
    91300.0000  -2.051239   0.362419  -1.688820 
    91400.0000  -2.055863   0.365095  -1.690768 
    91500.0000  -2.058225   0.364392  -1.693834 
    91600.0000  -2.060032   0.365689  -1.694343 
    91700.0000  -2.062416   0.363150  -1.699266 
    91800.0000  -2.059171   0.359284  -1.699887 
    91900.0000  -2.059730   0.365119  -1.694611 
    92000.0000  -2.065881   0.366049  -1.699832 
    92100.0000  -2.060865   0.366110  -1.694755 
    92200.0000  -2.075309   0.370555  -1.704755 
    92300.0000  -2.075024   0.375691  -1.699334 
    92400.0000  -2.077511   0.370489  -1.707022 
    92500.0000  -2.084698   0.365055  -1.719643 
    92600.0000  -2.085054   0.381048  -1.704006 
    92700.0000  -2.086298   0.367407  -1.718891 
    92800.0000  -2.086398   0.367666  -1.718733 
    92900.0000  -2.086904   0.370808  -1.716096 
    93000.0000  -2.085335   0.360753  -1.724583 
    93100.0000  -2.084998   0.360933  -1.724064 
    93200.0000  -2.093558   0.370238  -1.723320 
    93300.0000  -2.086932   0.369456  -1.717475 
    93400.0000  -2.086317   0.374490  -1.711827 
    93500.0000  -2.092384   0.360300  -1.732084 
    93600.0000  -2.095917   0.369782  -1.726134 
    93700.0000  -2.097023   0.369727  -1.727297 
    93800.0000  -2.094717   0.375872  -1.718846 
    93900.0000  -2.098394   0.369742  -1.728652 
    94000.0000  -2.098887   0.365044  -1.733844 
    94100.0000  -2.095909   0.361677  -1.734233 
    94200.0000  -2.103910   0.363486  -1.740424 
    94300.0000  -2.100747   0.367080  -1.733667 
    94400.0000  -2.101140   0.374213  -1.726927 
    94500.0000  -2.096461   0.365404  -1.731057 
    94600.0000  -2.098514   0.370137  -1.728377 
    94700.0000  -2.092546   0.371747  -1.720799 
    94800.0000  -2.096311   0.359503  -1.736809 
    94900.0000  -2.103283   0.369059  -1.734225 
    95000.0000  -2.103889   0.373949  -1.729941 
    95100.0000  -2.110346   0.370284  -1.740063 
    95200.0000  -2.109589   0.362790  -1.746799 
    95300.0000  -2.109539   0.362408  -1.747131 
    95400.0000  -2.111160   0.368990  -1.742171 
    95500.0000  -2.111581   0.370968  -1.740613 
    95600.0000  -2.117622   0.365176  -1.752446 
    95700.0000  -2.121385   0.369251  -1.752134 
    95800.0000  -2.116231   0.362718  -1.753512 
    95900.0000  -2.117306   0.370844  -1.746462 
    96000.0000  -2.120949   0.373452  -1.747497 
    96100.0000  -2.129130   0.367611  -1.761519 
    96200.0000  -2.132511   0.357320  -1.775191 
    96300.0000  -2.134188   0.364994  -1.769194 
    96400.0000  -2.138227   0.365461  -1.772766 
    96500.0000  -2.140941   0.366492  -1.774449 
    96600.0000  -2.148573   0.362816  -1.785756 
    96700.0000  -2.148884   0.363720  -1.785164 
    96800.0000  -2.146610   0.365456  -1.781154 
    96900.0000  -2.153063   0.363496  -1.789567 
    97000.0000  -2.154903   0.367566  -1.787337 
    97100.0000  -2.156992   0.364218  -1.792774 
    97200.0000  -2.153406   0.359591  -1.793815 
    97300.0000  -2.164846   0.369291  -1.795555 
    97400.0000  -2.160947   0.365680  -1.795266 
    97500.0000  -2.165747   0.364670  -1.801077 
    97600.0000  -2.173064   0.366449  -1.806615 
    97700.0000  -2.168925   0.364107  -1.804818 
    97800.0000  -2.171130   0.361925  -1.809206 
    97900.0000  -2.173999   0.360410  -1.813588 
    98000.0000  -2.175774   0.359807  -1.815967 
    98100.0000  -2.177357   0.359652  -1.817705 
    98200.0000  -2.182480   0.371443  -1.811037 
    98300.0000  -2.184925   0.374454  -1.810472 
    98400.0000  -2.183346   0.361302  -1.822044 
    98500.0000  -2.177700   0.371435  -1.806265 
    98600.0000  -2.180683   0.363357  -1.817326 
    98700.0000  -2.181455   0.365250  -1.816206 
    98800.0000  -2.181451   0.366886  -1.814565 
    98900.0000  -2.186309   0.370335  -1.815974 
    99000.0000  -2.187112   0.363579  -1.823532 
    99100.0000  -2.192120   0.356834  -1.835286 
    99200.0000  -2.189700   0.370918  -1.818782 
    99300.0000  -2.189029   0.359689  -1.829341 
    99400.0000  -2.184198   0.366667  -1.817531 
    99500.0000  -2.193708   0.364893  -1.828815 
    99600.0000  -2.195313   0.373933  -1.821380 
    99700.0000  -2.192753   0.364624  -1.828129 
    99800.0000  -2.198577   0.364666  -1.833911 
    99900.0000  -2.199094   0.367572  -1.831522 
   100000.0000  -2.199406   0.373825  -1.825582 
   100100.0000  -2.208607   0.370972  -1.837635 
   100200.0000  -2.212210   0.373172  -1.839039 
   100300.0000  -2.205921   0.367845  -1.838076 
   100400.0000  -2.214909   0.365104  -1.849805 
   100500.0000  -2.212513   0.356903  -1.855609 
   100600.0000  -2.218672   0.360087  -1.858585 
   100700.0000  -2.224735   0.366743  -1.857992 
   100800.0000  -2.217964   0.361464  -1.856500 
   100900.0000  -2.229536   0.366413  -1.863124 
   101000.0000  -2.229406   0.363452  -1.865954 
   101100.0000  -2.236767   0.365711  -1.871057 
   101200.0000  -2.235002   0.362989  -1.872013 
   101300.0000  -2.240973   0.360649  -1.880324 
   101400.0000  -2.243816   0.364090  -1.879725 
   101500.0000  -2.243352   0.364492  -1.878860 
   101600.0000  -2.234938   0.371419  -1.863519 
   101700.0000  -2.237171   0.360638  -1.876533 
   101800.0000  -2.234228   0.365049  -1.869178 
   101900.0000  -2.232412   0.370281  -1.862131 
   102000.0000  -2.234085   0.366625  -1.867460 
   102100.0000  -2.235286   0.367215  -1.868071 
   102200.0000  -2.239655   0.376273  -1.863381 
   102300.0000  -2.234134   0.364167  -1.869967 
   102400.0000  -2.232962   0.368880  -1.864082 
   102500.0000  -2.232672   0.368850  -1.863822 
   102600.0000  -2.238578   0.368297  -1.870281 
   102700.0000  -2.247697   0.366233  -1.881464 
   102800.0000  -2.254839   0.362056  -1.892783 
   102900.0000  -2.250957   0.369866  -1.881092 
   103000.0000  -2.257239   0.362808  -1.894431 
   103100.0000  -2.254308   0.357809  -1.896499 
   103200.0000  -2.259494   0.366895  -1.892600 
   103300.0000  -2.260655   0.376037  -1.884618 
   103400.0000  -2.261970   0.361981  -1.899988 
   103500.0000  -2.256014   0.366070  -1.889944 
   103600.0000  -2.250731   0.365936  -1.884794 
   103700.0000  -2.254510   0.368364  -1.886146 
   103800.0000  -2.259288   0.364330  -1.894958 
   103900.0000  -2.257976   0.371246  -1.886730 
   104000.0000  -2.260673   0.363029  -1.897643 
   104100.0000  -2.262662   0.366933  -1.895729 
   104200.0000  -2.266001   0.361378  -1.904623 
   104300.0000  -2.273799   0.373982  -1.899817 
   104400.0000  -2.274252   0.354091  -1.920161 
   104500.0000  -2.270298   0.367977  -1.902321 
   104600.0000  -2.271642   0.359196  -1.912446 
   104700.0000  -2.269357   0.366440  -1.902917 
   104800.0000  -2.264142   0.366505  -1.897637 
   104900.0000  -2.270500   0.371779  -1.898721 
   105000.0000  -2.271647   0.360128  -1.911519 
   105100.0000  -2.277014   0.364107  -1.912907 
   105200.0000  -2.281517   0.364136  -1.917381 
   105300.0000  -2.280664   0.372377  -1.908287 
   105400.0000  -2.288661   0.364825  -1.923836 
   105500.0000  -2.286889   0.360500  -1.926389 
   105600.0000  -2.283001   0.365764  -1.917237 
   105700.0000  -2.289342   0.363760  -1.925582 
   105800.0000  -2.282216   0.365158  -1.917058 
   105900.0000  -2.287735   0.364811  -1.922924 
   106000.0000  -2.285412   0.361582  -1.923830 
   106100.0000  -2.288981   0.367335  -1.921646 
   106200.0000  -2.287083   0.369855  -1.917228 
   106300.0000  -2.279183   0.361479  -1.917705 
   106400.0000  -2.286111   0.362835  -1.923277 
   106500.0000  -2.287537   0.373465  -1.914072 
   106600.0000  -2.289092   0.372606  -1.916487 
   106700.0000  -2.284701   0.364767  -1.919934 
   106800.0000  -2.287055   0.365445  -1.921611 
   106900.0000  -2.283207   0.362206  -1.921001 
   107000.0000  -2.287050   0.372248  -1.914802 
   107100.0000  -2.293802   0.361244  -1.932557 
   107200.0000  -2.288311   0.360471  -1.927840 
   107300.0000  -2.295085   0.353123  -1.941961 
   107400.0000  -2.293845   0.365117  -1.928728 
   107500.0000  -2.290343   0.364938  -1.925404 
   107600.0000  -2.299367   0.366098  -1.933269 
   107700.0000  -2.297393   0.364569  -1.932824 
   107800.0000  -2.302025   0.365228  -1.936797 
   107900.0000  -2.306770   0.368432  -1.938339 
   108000.0000  -2.303585   0.364080  -1.939505 
   108100.0000  -2.309651   0.361294  -1.948357 
   108200.0000  -2.312014   0.371567  -1.940447 
   108300.0000  -2.304240   0.366170  -1.938070 
   108400.0000  -2.303979   0.371011  -1.932968 
   108500.0000  -2.307248   0.366553  -1.940695 
   108600.0000  -2.305389   0.366018  -1.939371 
   108700.0000  -2.309373   0.357946  -1.951427 
   108800.0000  -2.306964   0.359813  -1.947151 
   108900.0000  -2.314020   0.360052  -1.953967 
   109000.0000  -2.311915   0.372235  -1.939680 
   109100.0000  -2.306799   0.368254  -1.938545 
   109200.0000  -2.313232   0.358097  -1.955135 
   109300.0000  -2.315205   0.357264  -1.957941 
   109400.0000  -2.317374   0.365598  -1.951776 
   109500.0000  -2.321049   0.365549  -1.955501 
   109600.0000  -2.316798   0.372194  -1.944605 
   109700.0000  -2.317809   0.361207  -1.956602 
   109800.0000  -2.319941   0.368840  -1.951101 
   109900.0000  -2.323478   0.366475  -1.957002 
   110000.0000  -2.324884   0.362915  -1.961969 
   110100.0000  -2.324035   0.371932  -1.952103 
   110200.0000  -2.327517   0.369643  -1.957874 
   110300.0000  -2.327036   0.373864  -1.953173 
   110400.0000  -2.330143   0.368915  -1.961228 
   110500.0000  -2.333702   0.364443  -1.969259 
   110600.0000  -2.330159   0.376076  -1.954083 
   110700.0000  -2.336375   0.365762  -1.970613 
   110800.0000  -2.340656   0.359940  -1.980716 
   110900.0000  -2.343701   0.374838  -1.968863 
   111000.0000  -2.342587   0.364611  -1.977976 
   111100.0000  -2.346541   0.365755  -1.980786 
   111200.0000  -2.344310   0.365045  -1.979265 
   111300.0000  -2.348024   0.368402  -1.979621 
   111400.0000  -2.352451   0.372112  -1.980339 
   111500.0000  -2.356441   0.366122  -1.990319 
   111600.0000  -2.352905   0.363587  -1.989318 
   111700.0000  -2.342623   0.371841  -1.970783 
   111800.0000  -2.350622   0.357276  -1.993346 
   111900.0000  -2.358817   0.366429  -1.992388 
   112000.0000  -2.361408   0.360967  -2.000441 
   112100.0000  -2.357715   0.370161  -1.987554 
   112200.0000  -2.360768   0.364182  -1.996586 
   112300.0000  -2.352565   0.363732  -1.988832 
   112400.0000  -2.361169   0.368312  -1.992858 
   112500.0000  -2.353168   0.363559  -1.989609 
   112600.0000  -2.363057   0.365165  -1.997892 
   112700.0000  -2.359323   0.371853  -1.987470 
   112800.0000  -2.356461   0.359641  -1.996821 
   112900.0000  -2.366567   0.361795  -2.004772 
   113000.0000  -2.364553   0.370100  -1.994453 
   113100.0000  -2.365842   0.368711  -1.997131 
   113200.0000  -2.363337   0.364315  -1.999022 
   113300.0000  -2.363163   0.363924  -1.999239 
   113400.0000  -2.362768   0.366346  -1.996421 
   113500.0000  -2.362041   0.366336  -1.995705 
   113600.0000  -2.360871   0.369943  -1.990928 
   113700.0000  -2.363324   0.363075  -2.000249 
   113800.0000  -2.363599   0.367753  -1.995847 
   113900.0000  -2.360445   0.365225  -1.995220 
   114000.0000  -2.359243   0.362932  -1.996312 
   114100.0000  -2.358768   0.360971  -1.997797 
   114200.0000  -2.360944   0.367200  -1.993744 
   114300.0000  -2.357654   0.370016  -1.987638 
   114400.0000  -2.357105   0.361173  -1.995932 
   114500.0000  -2.359824   0.374859  -1.984965 
   114600.0000  -2.358078   0.360628  -1.997450 
   114700.0000  -2.358681   0.367055  -1.991626 
   114800.0000  -2.356532   0.370238  -1.986294 
   114900.0000  -2.361301   0.364570  -1.996732 
   115000.0000  -2.368945   0.363919  -2.005026 
   115100.0000  -2.366422   0.380770  -1.985653 
   115200.0000  -2.371763   0.366522  -2.005241 
   115300.0000  -2.368452   0.358856  -2.009596 
   115400.0000  -2.368669   0.370211  -1.998457 
   115500.0000  -2.376705   0.365089  -2.011615 
   115600.0000  -2.377595   0.364600  -2.012994 
   115700.0000  -2.379298   0.366751  -2.012547 
   115800.0000  -2.379142   0.363232  -2.015910 
   115900.0000  -2.383936   0.364051  -2.019884 
   116000.0000  -2.385849   0.367152  -2.018696 
   116100.0000  -2.383151   0.359485  -2.023666 
   116200.0000  -2.381106   0.366763  -2.014343 
   116300.0000  -2.390627   0.366223  -2.024403 
   116400.0000  -2.385711   0.369928  -2.015783 
   116500.0000  -2.380791   0.364847  -2.015944 
   116600.0000  -2.386918   0.362248  -2.024669 
   116700.0000  -2.386517   0.362483  -2.024034 
   116800.0000  -2.387970   0.364826  -2.023143 
   116900.0000  -2.391150   0.365144  -2.026006 
   117000.0000  -2.395268   0.362337  -2.032931 
   117100.0000  -2.391673   0.364115  -2.027558 
   117200.0000  -2.391484   0.369347  -2.022136 
   117300.0000  -2.388031   0.365899  -2.022132 
   117400.0000  -2.394562   0.364906  -2.029657 
   117500.0000  -2.397110   0.366365  -2.030745 
   117600.0000  -2.394422   0.358836  -2.035587 
   117700.0000  -2.392675   0.364094  -2.028581 
   117800.0000  -2.394664   0.359000  -2.035664 
   117900.0000  -2.394340   0.365843  -2.028496 
   118000.0000  -2.397913   0.356570  -2.041342 
   118100.0000  -2.399561   0.364821  -2.034740 
   118200.0000  -2.397641   0.366710  -2.030931 
   118300.0000  -2.398074   0.365829  -2.032245 
   118400.0000  -2.403759   0.374239  -2.029520 
   118500.0000  -2.404839   0.365399  -2.039440 
   118600.0000  -2.402139   0.368591  -2.033548 
   118700.0000  -2.406365   0.363533  -2.042832 
   118800.0000  -2.404153   0.367013  -2.037140 
   118900.0000  -2.409478   0.371909  -2.037569 
   119000.0000  -2.408315   0.358433  -2.049882 
   119100.0000  -2.412335   0.371707  -2.040627 
   119200.0000  -2.419724   0.368059  -2.051665 
   119300.0000  -2.416648   0.364340  -2.052308 
   119400.0000  -2.417081   0.363982  -2.053100 
   119500.0000  -2.418028   0.366139  -2.051889 
   119600.0000  -2.409311   0.364275  -2.045036 
   119700.0000  -2.415006   0.371677  -2.043330 
   119800.0000  -2.425490   0.369027  -2.056463 
   119900.0000  -2.424354   0.369398  -2.054955 
   120000.0000  -2.419563   0.367766  -2.051797 
   120100.0000  -2.423134   0.374360  -2.048774 
   120200.0000  -2.427510   0.373714  -2.053796 
   120300.0000  -2.428995   0.368308  -2.060687 
   120400.0000  -2.427626   0.372958  -2.054669 
   120500.0000  -2.430503   0.357796  -2.072706 
   120600.0000  -2.432071   0.369569  -2.062502 
   120700.0000  -2.431159   0.369074  -2.062085 
   120800.0000  -2.429994   0.371940  -2.058054 
   120900.0000  -2.431860   0.356902  -2.074958 
   121000.0000  -2.428991   0.365383  -2.063608 
   121100.0000  -2.426681   0.363467  -2.063215 
   121200.0000  -2.426597   0.366495  -2.060102 
   121300.0000  -2.432700   0.366787  -2.065913 
   121400.0000  -2.429889   0.372600  -2.057290 
   121500.0000  -2.423660   0.375762  -2.047897 
   121600.0000  -2.427562   0.367806  -2.059756 
   121700.0000  -2.429810   0.367705  -2.062105 
   121800.0000  -2.428752   0.366654  -2.062097 
   121900.0000  -2.430686   0.361491  -2.069195 
   122000.0000  -2.427936   0.368481  -2.059455 
   122100.0000  -2.435809   0.366990  -2.068819 
   122200.0000  -2.432686   0.365288  -2.067399 
   122300.0000  -2.438797   0.363357  -2.075440 
   122400.0000  -2.436885   0.369997  -2.066888 
   122500.0000  -2.438780   0.361561  -2.077219 
   122600.0000  -2.437645   0.365515  -2.072130 
   122700.0000  -2.433883   0.375322  -2.058561 
   122800.0000  -2.435776   0.363114  -2.072662 
   122900.0000  -2.436465   0.378141  -2.058324 
   123000.0000  -2.440304   0.368862  -2.071442 
   123100.0000  -2.443752   0.373163  -2.070589 
   123200.0000  -2.443963   0.364324  -2.079639 
   123300.0000  -2.438661   0.367420  -2.071241 
   123400.0000  -2.441798   0.357240  -2.084557 
   123500.0000  -2.443343   0.370799  -2.072544 
   123600.0000  -2.440157   0.357481  -2.082677 
   123700.0000  -2.442134   0.368004  -2.074130 
   123800.0000  -2.450657   0.370353  -2.080304 
   123900.0000  -2.444670   0.362351  -2.082319 
   124000.0000  -2.445443   0.371862  -2.073581 
   124100.0000  -2.443725   0.370655  -2.073070 
   124200.0000  -2.443139   0.367506  -2.075633 
   124300.0000  -2.444188   0.363899  -2.080289 
   124400.0000  -2.439999   0.367715  -2.072284 
   124500.0000  -2.442720   0.371031  -2.071689 
   124600.0000  -2.443578   0.367065  -2.076514 
   124700.0000  -2.454008   0.376263  -2.077745 
   124800.0000  -2.443459   0.363592  -2.079867 
   124900.0000  -2.444971   0.371144  -2.073827 
   125000.0000  -2.441841   0.360509  -2.081333 
   125100.0000  -2.443812   0.362440  -2.081372 
   125200.0000  -2.449631   0.365438  -2.084193 
   125300.0000  -2.452424   0.369215  -2.083209 
   125400.0000  -2.445890   0.371382  -2.074508 
   125500.0000  -2.441968   0.367827  -2.074141 
   125600.0000  -2.443754   0.362408  -2.081345 
   125700.0000  -2.445856   0.364839  -2.081018 
   125800.0000  -2.448227   0.366118  -2.082109 
   125900.0000  -2.450886   0.368066  -2.082820 
   126000.0000  -2.449830   0.365871  -2.083959 
   126100.0000  -2.455818   0.371847  -2.083971 
   126200.0000  -2.457976   0.364330  -2.093646 
   126300.0000  -2.454822   0.367246  -2.087575 
   126400.0000  -2.453658   0.360773  -2.092885 
   126500.0000  -2.461049   0.358793  -2.102256 
   126600.0000  -2.463409   0.370629  -2.092779 
   126700.0000  -2.459383   0.365329  -2.094055 
   126800.0000  -2.464386   0.374221  -2.090165 
   126900.0000  -2.458463   0.361289  -2.097174 
   127000.0000  -2.457688   0.362706  -2.094983 
   127100.0000  -2.451808   0.363231  -2.088576 
   127200.0000  -2.463614   0.365365  -2.098250 
   127300.0000  -2.460101   0.362788  -2.097313 
   127400.0000  -2.459724   0.365668  -2.094056 
   127500.0000  -2.462111   0.371232  -2.090879 
   127600.0000  -2.471705   0.370307  -2.101397 
   127700.0000  -2.461874   0.363511  -2.098363 
   127800.0000  -2.467889   0.367263  -2.100626 
   127900.0000  -2.465095   0.369311  -2.095784 
   128000.0000  -2.466285   0.361507  -2.104778 
   128100.0000  -2.467303   0.363252  -2.104051 
   128200.0000  -2.468879   0.368617  -2.100262 
   128300.0000  -2.466686   0.370515  -2.096172 
   128400.0000  -2.470620   0.359302  -2.111319 
   128500.0000  -2.473117   0.361895  -2.111222 
   128600.0000  -2.468165   0.380178  -2.087987 
   128700.0000  -2.473054   0.357347  -2.115707 
   128800.0000  -2.466918   0.365730  -2.101188 
   128900.0000  -2.461446   0.349404  -2.112042 
   129000.0000  -2.466870   0.360316  -2.106554 
   129100.0000  -2.468374   0.361887  -2.106488 
   129200.0000  -2.473652   0.364173  -2.109478 
   129300.0000  -2.474170   0.371269  -2.102901 
   129400.0000  -2.470201   0.361420  -2.108780 
   129500.0000  -2.471350   0.362558  -2.108793 
   129600.0000  -2.469943   0.367676  -2.102267 
   129700.0000  -2.473207   0.362178  -2.111029 
   129800.0000  -2.477257   0.375766  -2.101491 
   129900.0000  -2.477049   0.365388  -2.111661 
   130000.0000  -2.474646   0.371251  -2.103394 
   130100.0000  -2.473189   0.365631  -2.107559 
   130200.0000  -2.477014   0.371140  -2.105875 
   130300.0000  -2.473562   0.370631  -2.102931 
   130400.0000  -2.472515   0.357727  -2.114788 
   130500.0000  -2.480262   0.365730  -2.114531 
   130600.0000  -2.484882   0.378246  -2.106636 
   130700.0000  -2.483685   0.370552  -2.113133 
   130800.0000  -2.489205   0.366850  -2.122354 
   130900.0000  -2.485049   0.357904  -2.127144 
   131000.0000  -2.484616   0.368768  -2.115848 
   131100.0000  -2.487825   0.367369  -2.120456 
   131200.0000  -2.480814   0.359601  -2.121214 
   131300.0000  -2.479080   0.363229  -2.115850 
   131400.0000  -2.481117   0.364968  -2.116149 
   131500.0000  -2.485040   0.357630  -2.127410 
   131600.0000  -2.486480   0.364782  -2.121697 
   131700.0000  -2.485541   0.363461  -2.122080 
   131800.0000  -2.482649   0.375808  -2.106840 
   131900.0000  -2.491427   0.367786  -2.123641 
   132000.0000  -2.490342   0.368284  -2.122058 
   132100.0000  -2.485634   0.369278  -2.116356 
   132200.0000  -2.491796   0.362475  -2.129320 
   132300.0000  -2.489170   0.359708  -2.129462 
   132400.0000  -2.492844   0.362930  -2.129914 
   132500.0000  -2.494298   0.371069  -2.123230 
   132600.0000  -2.496525   0.365286  -2.131239 
   132700.0000  -2.499603   0.363690  -2.135913 
   132800.0000  -2.496227   0.384539  -2.111689 
   132900.0000  -2.495928   0.364720  -2.131208 
   133000.0000  -2.501721   0.364357  -2.137364 
   133100.0000  -2.505194   0.369533  -2.135661 
   133200.0000  -2.505306   0.369292  -2.136014 
   133300.0000  -2.506956   0.357713  -2.149243 
   133400.0000  -2.506314   0.361653  -2.144661 
   133500.0000  -2.505275   0.357990  -2.147286 
   133600.0000  -2.507475   0.365910  -2.141566 
   133700.0000  -2.504901   0.370234  -2.134667 
   133800.0000  -2.508079   0.362148  -2.145931 
   133900.0000  -2.508880   0.369041  -2.139839 
   134000.0000  -2.507241   0.365233  -2.142007 
   134100.0000  -2.508430   0.362797  -2.145633 
   134200.0000  -2.506694   0.360710  -2.145984 
   134300.0000  -2.508397   0.360548  -2.147849 
   134400.0000  -2.507976   0.365717  -2.142258 
   134500.0000  -2.505617   0.368464  -2.137154 
   134600.0000  -2.508870   0.374297  -2.134573 
   134700.0000  -2.511497   0.364369  -2.147128 
   134800.0000  -2.505014   0.368338  -2.136676 
   134900.0000  -2.505270   0.366341  -2.138929 
   135000.0000  -2.509870   0.370194  -2.139675 
   135100.0000  -2.509983   0.363027  -2.146956 
   135200.0000  -2.502733   0.366039  -2.136694 
   135300.0000  -2.501000   0.375090  -2.125910 
   135400.0000  -2.510320   0.370391  -2.139929 
   135500.0000  -2.514858   0.362012  -2.152847 
   135600.0000  -2.512846   0.365489  -2.147357 
   135700.0000  -2.512828   0.370679  -2.142149 
   135800.0000  -2.516798   0.370772  -2.146026 
   135900.0000  -2.519350   0.366958  -2.152392 
   136000.0000  -2.514240   0.369227  -2.145013 
   136100.0000  -2.510712   0.370692  -2.140019 
   136200.0000  -2.511811   0.371902  -2.139909 
   136300.0000  -2.513438   0.370997  -2.142441 
   136400.0000  -2.514301   0.363808  -2.150493 
   136500.0000  -2.513023   0.372868  -2.140155 
   136600.0000  -2.516816   0.372372  -2.144444 
   136700.0000  -2.510861   0.366738  -2.144124 
   136800.0000  -2.514193   0.370486  -2.143706 
   136900.0000  -2.513548   0.360253  -2.153296 
   137000.0000  -2.509096   0.374137  -2.134960 
   137100.0000  -2.509284   0.360451  -2.148833 
   137200.0000  -2.510572   0.367978  -2.142594 
   137300.0000  -2.509609   0.370431  -2.139178 
   137400.0000  -2.513627   0.370259  -2.143368 
   137500.0000  -2.515005   0.368642  -2.146363 
   137600.0000  -2.515952   0.362745  -2.153207 
   137700.0000  -2.508780   0.363504  -2.145275 
   137800.0000  -2.515770   0.366051  -2.149719 
   137900.0000  -2.514718   0.369183  -2.145536 
   138000.0000  -2.516097   0.363376  -2.152721 
   138100.0000  -2.510545   0.365741  -2.144804 
   138200.0000  -2.521528   0.370541  -2.150986 
   138300.0000  -2.511589   0.361369  -2.150220 
   138400.0000  -2.512807   0.356568  -2.156239 
   138500.0000  -2.516449   0.364936  -2.151513 
   138600.0000  -2.510126   0.368093  -2.142032 
   138700.0000  -2.512767   0.365003  -2.147763 
   138800.0000  -2.511859   0.365769  -2.146090 
   138900.0000  -2.514180   0.367786  -2.146394 
   139000.0000  -2.511402   0.369702  -2.141700 
   139100.0000  -2.511323   0.365041  -2.146281 
   139200.0000  -2.510073   0.358882  -2.151192 
   139300.0000  -2.512629   0.367589  -2.145040 
   139400.0000  -2.507545   0.371987  -2.135558 
   139500.0000  -2.515303   0.372629  -2.142674 
   139600.0000  -2.514669   0.366035  -2.148634 
   139700.0000  -2.510937   0.365317  -2.145620 
   139800.0000  -2.511453   0.369525  -2.141929 
   139900.0000  -2.509283   0.369107  -2.140176 
   140000.0000  -2.507947   0.362255  -2.145692 
   140100.0000  -2.511213   0.369275  -2.141938 
   140200.0000  -2.516691   0.358457  -2.158234 
   140300.0000  -2.511125   0.359825  -2.151300 
   140400.0000  -2.513542   0.370161  -2.143381 
   140500.0000  -2.513605   0.362275  -2.151330 
   140600.0000  -2.513960   0.360944  -2.153016 
   140700.0000  -2.516104   0.366531  -2.149573 
   140800.0000  -2.511567   0.374171  -2.137396 
   140900.0000  -2.521878   0.372884  -2.148994 
   141000.0000  -2.511473   0.369253  -2.142221 
   141100.0000  -2.524806   0.365016  -2.159790 
   141200.0000  -2.523707   0.377686  -2.146021 
   141300.0000  -2.522955   0.359096  -2.163859 
   141400.0000  -2.524001   0.374816  -2.149185 
   141500.0000  -2.515588   0.362759  -2.152829 
   141600.0000  -2.523981   0.369830  -2.154151 
   141700.0000  -2.515731   0.369468  -2.146263 
   141800.0000  -2.522824   0.362799  -2.160026 
   141900.0000  -2.515738   0.368960  -2.146778 
   142000.0000  -2.524218   0.366313  -2.157905 
   142100.0000  -2.516756   0.367318  -2.149438 
   142200.0000  -2.520331   0.371137  -2.149193 
   142300.0000  -2.517711   0.366788  -2.150923 
   142400.0000  -2.518643   0.365523  -2.153120 
   142500.0000  -2.512037   0.370288  -2.141749 
   142600.0000  -2.517932   0.360644  -2.157288 
   142700.0000  -2.517148   0.359697  -2.157452 
   142800.0000  -2.517294   0.361708  -2.155586 
   142900.0000  -2.511377   0.371026  -2.140350 
   143000.0000  -2.516684   0.357834  -2.158850 
   143100.0000  -2.513930   0.357284  -2.156646 
   143200.0000  -2.514980   0.357805  -2.157175 
   143300.0000  -2.510428   0.363480  -2.146948 
   143400.0000  -2.516079   0.369358  -2.146720 
   143500.0000  -2.516561   0.370506  -2.146055 
   143600.0000  -2.507933   0.367605  -2.140327 
   143700.0000  -2.509138   0.370898  -2.138241 
   143800.0000  -2.514359   0.373076  -2.141282 
   143900.0000  -2.512344   0.364293  -2.148051 
   144000.0000  -2.513770   0.367552  -2.146218 
   144100.0000  -2.509142   0.364206  -2.144936 
   144200.0000  -2.509697   0.365096  -2.144602 
   144300.0000  -2.512284   0.355522  -2.156763 
   144400.0000  -2.513933   0.360782  -2.153151 
   144500.0000  -2.512196   0.364166  -2.148030 
   144600.0000  -2.507050   0.364245  -2.142805 
   144700.0000  -2.507860   0.364597  -2.143263 
