        0.0000   1.167166   0.388295   1.555461 
      100.0000  -0.129557   0.395881   0.266324 
      200.0000  -0.224101   0.387798   0.163697 
      300.0000  -0.293125   0.382392   0.089267 
      400.0000  -0.346166   0.384814   0.038648 
      500.0000  -0.382938   0.383511   0.000573 
      600.0000  -0.417574   0.397398  -0.020176 
      700.0000  -0.446967   0.394506  -0.052462 
      800.0000  -0.473051   0.377915  -0.095137 
      900.0000  -0.472084   0.386210  -0.085874 
     1000.0000  -0.511922   0.383599  -0.128323 
     1100.0000  -0.507773   0.394194  -0.113579 
     1200.0000  -0.505259   0.385025  -0.120234 
     1300.0000  -0.504617   0.389009  -0.115609 
     1400.0000  -0.497007   0.398712  -0.098295 
     1500.0000  -0.523500   0.395051  -0.128449 
     1600.0000  -0.527296   0.379331  -0.147965 
     1700.0000  -0.536004   0.392528  -0.143476 
     1800.0000  -0.553698   0.389473  -0.164225 
     1900.0000  -0.551030   0.388071  -0.162959 
     2000.0000  -0.537856   0.381321  -0.156535 
     2100.0000  -0.550219   0.379053  -0.171166 
     2200.0000  -0.564719   0.380542  -0.184177 
     2300.0000  -0.557204   0.388720  -0.168484 
     2400.0000  -0.567370   0.385275  -0.182095 
     2500.0000  -0.557101   0.381409  -0.175692 
     2600.0000  -0.572578   0.385391  -0.187187 
     2700.0000  -0.570184   0.385051  -0.185133 
     2800.0000  -0.564604   0.380460  -0.184145 
     2900.0000  -0.568026   0.390637  -0.177389 
     3000.0000  -0.546161   0.388677  -0.157484 
     3100.0000  -0.547012   0.380299  -0.166713 
     3200.0000  -0.532249   0.400625  -0.131624 
     3300.0000  -0.530114   0.396000  -0.134113 
     3400.0000  -0.535767   0.386768  -0.148998 
     3500.0000  -0.536708   0.393784  -0.142924 
     3600.0000  -0.530653   0.376747  -0.153905 
     3700.0000  -0.542991   0.384047  -0.158943 
     3800.0000  -0.543069   0.384620  -0.158449 
     3900.0000  -0.537500   0.391776  -0.145724 
     4000.0000  -0.531593   0.394253  -0.137340 
     4100.0000  -0.522466   0.387701  -0.134766 
     4200.0000  -0.540525   0.393182  -0.147343 
     4300.0000  -0.534952   0.390215  -0.144737 
     4400.0000  -0.539671   0.387115  -0.152556 
     4500.0000  -0.538277   0.390419  -0.147858 
     4600.0000  -0.526946   0.381518  -0.145428 
     4700.0000  -0.516110   0.387254  -0.128856 
     4800.0000  -0.520844   0.387232  -0.133611 
     4900.0000  -0.492515   0.388646  -0.103868 
     5000.0000  -0.472584   0.392607  -0.079978 
     5100.0000  -0.496208   0.382080  -0.114128 
     5200.0000  -0.513451   0.383346  -0.130104 
     5300.0000  -0.510478   0.378594  -0.131884 
     5400.0000  -0.516215   0.389846  -0.126369 
     5500.0000  -0.522941   0.383184  -0.139757 
     5600.0000  -0.513081   0.400178  -0.112903 
     5700.0000  -0.526155   0.388460  -0.137695 
     5800.0000  -0.525435   0.386949  -0.138487 
     5900.0000  -0.509416   0.393934  -0.115482 
     6000.0000  -0.514858   0.391734  -0.123124 
     6100.0000  -0.520230   0.393759  -0.126471 
     6200.0000  -0.525338   0.393029  -0.132309 
     6300.0000  -0.527295   0.382626  -0.144668 
     6400.0000  -0.553978   0.389250  -0.164728 
     6500.0000  -0.560331   0.381555  -0.178776 
     6600.0000  -0.560672   0.389519  -0.171153 
     6700.0000  -0.545907   0.396680  -0.149227 
     6800.0000  -0.540831   0.392180  -0.148650 
     6900.0000  -0.539559   0.388804  -0.150755 
     7000.0000  -0.552686   0.383604  -0.169083 
     7100.0000  -0.536528   0.382964  -0.153564 
     7200.0000  -0.536704   0.385863  -0.150841 
     7300.0000  -0.536993   0.390069  -0.146924 
     7400.0000  -0.540202   0.391567  -0.148635 
     7500.0000  -0.528908   0.381877  -0.147031 
     7600.0000  -0.545426   0.391733  -0.153692 
     7700.0000  -0.554555   0.388011  -0.166544 
     7800.0000  -0.543682   0.382674  -0.161008 
     7900.0000  -0.555155   0.382727  -0.172428 
     8000.0000  -0.540492   0.378002  -0.162491 
     8100.0000  -0.539160   0.387974  -0.151187 
     8200.0000  -0.551983   0.383866  -0.168117 
     8300.0000  -0.551107   0.386680  -0.164428 
     8400.0000  -0.570376   0.382841  -0.187536 
     8500.0000  -0.552299   0.389734  -0.162565 
     8600.0000  -0.545012   0.384840  -0.160171 
     8700.0000  -0.543760   0.388442  -0.155318 
     8800.0000  -0.528336   0.385329  -0.143007 
     8900.0000  -0.518547   0.393821  -0.124727 
     9000.0000  -0.547155   0.378518  -0.168637 
     9100.0000  -0.541540   0.391032  -0.150508 
     9200.0000  -0.529169   0.379328  -0.149841 
     9300.0000  -0.517924   0.391629  -0.126295 
     9400.0000  -0.506555   0.378344  -0.128211 
     9500.0000  -0.515327   0.381953  -0.133373 
     9600.0000  -0.534689   0.389090  -0.145599 
     9700.0000  -0.537657   0.386831  -0.150826 
     9800.0000  -0.552399   0.384901  -0.167498 
     9900.0000  -0.544836   0.389187  -0.155648 
    10000.0000  -0.556472   0.389311  -0.167161 
    10100.0000  -0.553883   0.386718  -0.167165 
    10200.0000  -0.549672   0.376633  -0.173039 
    10300.0000  -0.553697   0.393444  -0.160254 
    10400.0000  -0.556104   0.390165  -0.165939 
    10500.0000  -0.547801   0.386741  -0.161060 
    10600.0000  -0.541577   0.383861  -0.157716 
    10700.0000  -0.524746   0.395403  -0.129343 
    10800.0000  -0.525818   0.387995  -0.137823 
    10900.0000  -0.528058   0.380036  -0.148023 
    11000.0000  -0.540062   0.388850  -0.151211 
    11100.0000  -0.541045   0.385708  -0.155336 
    11200.0000  -0.533271   0.391196  -0.142076 
    11300.0000  -0.532605   0.389242  -0.143363 
    11400.0000  -0.548553   0.391686  -0.156867 
    11500.0000  -0.553527   0.380300  -0.173227 
    11600.0000  -0.554081   0.386068  -0.168013 
    11700.0000  -0.541445   0.395963  -0.145482 
    11800.0000  -0.542542   0.396125  -0.146416 
    11900.0000  -0.542786   0.381546  -0.161240 
    12000.0000  -0.551883   0.382631  -0.169252 
    12100.0000  -0.538121   0.388303  -0.149818 
    12200.0000  -0.546241   0.388916  -0.157325 
    12300.0000  -0.536401   0.390885  -0.145516 
    12400.0000  -0.515595   0.382810  -0.132786 
    12500.0000  -0.519808   0.383686  -0.136121 
    12600.0000  -0.521742   0.389587  -0.132155 
    12700.0000  -0.530611   0.374488  -0.156123 
    12800.0000  -0.525882   0.387279  -0.138603 
    12900.0000  -0.523070   0.392519  -0.130551 
    13000.0000  -0.545684   0.385760  -0.159924 
    13100.0000  -0.552741   0.391122  -0.161620 
    13200.0000  -0.532286   0.384588  -0.147698 
    13300.0000  -0.541270   0.388930  -0.152340 
    13400.0000  -0.539717   0.377841  -0.161877 
    13500.0000  -0.551691   0.382653  -0.169038 
    13600.0000  -0.529216   0.385876  -0.143341 
    13700.0000  -0.527901   0.394912  -0.132988 
    13800.0000  -0.534296   0.397654  -0.136642 
    13900.0000  -0.526801   0.382787  -0.144014 
    14000.0000  -0.519526   0.388197  -0.131328 
    14100.0000  -0.513855   0.395380  -0.118475 
    14200.0000  -0.502348   0.382441  -0.119907 
    14300.0000  -0.512305   0.388573  -0.123731 
    14400.0000  -0.539165   0.386893  -0.152272 
    14500.0000  -0.551829   0.394823  -0.157006 
    14600.0000  -0.541367   0.383513  -0.157854 
    14700.0000  -0.545969   0.384394  -0.161575 
    14800.0000  -0.545713   0.392321  -0.153392 
    14900.0000  -0.532306   0.391512  -0.140793 
    15000.0000  -0.524330   0.385679  -0.138651 
    15100.0000  -0.532649   0.380499  -0.152150 
    15200.0000  -0.536781   0.380584  -0.156197 
    15300.0000  -0.544480   0.384345  -0.160135 
    15400.0000  -0.555794   0.379666  -0.176128 
    15500.0000  -0.556989   0.387065  -0.169924 
    15600.0000  -0.547298   0.388134  -0.159164 
    15700.0000  -0.558182   0.393132  -0.165051 
    15800.0000  -0.534177   0.390443  -0.143735 
    15900.0000  -0.554247   0.391075  -0.163172 
    16000.0000  -0.571166   0.388018  -0.183148 
    16100.0000  -0.561297   0.400864  -0.160433 
    16200.0000  -0.574919   0.382830  -0.192090 
    16300.0000  -0.569695   0.380477  -0.189218 
    16400.0000  -0.560611   0.382508  -0.178102 
    16500.0000  -0.545670   0.388635  -0.157035 
    16600.0000  -0.543003   0.396485  -0.146517 
    16700.0000  -0.548187   0.386387  -0.161800 
    16800.0000  -0.545932   0.369391  -0.176540 
    16900.0000  -0.524656   0.387181  -0.137475 
    17000.0000  -0.523239   0.380385  -0.142854 
    17100.0000  -0.530071   0.384989  -0.145082 
    17200.0000  -0.522755   0.387023  -0.135732 
    17300.0000  -0.544197   0.389313  -0.154884 
    17400.0000  -0.547757   0.383813  -0.163944 
    17500.0000  -0.538026   0.385010  -0.153016 
    17600.0000  -0.536396   0.389863  -0.146533 
    17700.0000  -0.522621   0.381691  -0.140930 
    17800.0000  -0.526763   0.396022  -0.130742 
    17900.0000  -0.517198   0.392578  -0.124620 
    18000.0000  -0.530796   0.389405  -0.141391 
    18100.0000  -0.541337   0.389896  -0.151441 
    18200.0000  -0.548226   0.383609  -0.164617 
    18300.0000  -0.556726   0.386997  -0.169730 
    18400.0000  -0.548585   0.386598  -0.161987 
    18500.0000  -0.538138   0.384406  -0.153733 
    18600.0000  -0.553992   0.389432  -0.164560 
    18700.0000  -0.537998   0.386769  -0.151229 
    18800.0000  -0.537653   0.390091  -0.147561 
    18900.0000  -0.543238   0.390694  -0.152544 
    19000.0000  -0.541228   0.390181  -0.151046 
    19100.0000  -0.533874   0.385014  -0.148860 
    19200.0000  -0.523937   0.384760  -0.139178 
    19300.0000  -0.544312   0.386109  -0.158202 
    19400.0000  -0.536371   0.383324  -0.153047 
    19500.0000  -0.545520   0.389420  -0.156101 
    19600.0000  -0.532408   0.387391  -0.145017 
    19700.0000  -0.538000   0.384438  -0.153562 
    19800.0000  -0.534198   0.387635  -0.146563 
    19900.0000  -0.534978   0.386536  -0.148442 
    20000.0000  -0.526361   0.385173  -0.141188 
    20100.0000  -0.537258   0.384127  -0.153130 
    20200.0000  -0.536770   0.383732  -0.153038 
    20300.0000  -0.539628   0.386181  -0.153447 
    20400.0000  -0.527477   0.384038  -0.143439 
    20500.0000  -0.537485   0.383137  -0.154347 
    20600.0000  -0.541801   0.385505  -0.156296 
    20700.0000  -0.546408   0.386093  -0.160314 
    20800.0000  -0.533468   0.384856  -0.148612 
    20900.0000  -0.544581   0.391395  -0.153186 
    21000.0000  -0.543940   0.379758  -0.164182 
    21100.0000  -0.552691   0.389157  -0.163534 
    21200.0000  -0.529583   0.383767  -0.145816 
    21300.0000  -0.541953   0.391086  -0.150867 
    21400.0000  -0.541068   0.389812  -0.151256 
    21500.0000  -0.527015   0.384278  -0.142737 
    21600.0000  -0.541785   0.386689  -0.155097 
    21700.0000  -0.549434   0.382015  -0.167420 
    21800.0000  -0.542639   0.384204  -0.158435 
    21900.0000  -0.538165   0.382264  -0.155901 
    22000.0000  -0.529763   0.388152  -0.141611 
    22100.0000  -0.545828   0.387033  -0.158795 
    22200.0000  -0.550824   0.393902  -0.156922 
    22300.0000  -0.554216   0.393851  -0.160366 
    22400.0000  -0.534462   0.391197  -0.143265 
    22500.0000  -0.533368   0.383163  -0.150205 
    22600.0000  -0.527928   0.388719  -0.139209 
    22700.0000  -0.530196   0.390325  -0.139871 
    22800.0000  -0.534068   0.382801  -0.151267 
    22900.0000  -0.509108   0.382802  -0.126306 
    23000.0000  -0.524208   0.378296  -0.145912 
    23100.0000  -0.521742   0.388799  -0.132944 
    23200.0000  -0.530713   0.385675  -0.145038 
    23300.0000  -0.548692   0.388929  -0.159763 
    23400.0000  -0.553003   0.392279  -0.160725 
    23500.0000  -0.552089   0.387110  -0.164979 
    23600.0000  -0.560009   0.392383  -0.167626 
    23700.0000  -0.567192   0.386823  -0.180370 
    23800.0000  -0.556024   0.381577  -0.174447 
    23900.0000  -0.564121   0.386116  -0.178006 
    24000.0000  -0.557076   0.380731  -0.176345 
    24100.0000  -0.567540   0.384580  -0.182960 
    24200.0000  -0.589428   0.383193  -0.206235 
    24300.0000  -0.596462   0.382198  -0.214264 
    24400.0000  -0.591704   0.381290  -0.210414 
    24500.0000  -0.557614   0.389703  -0.167911 
    24600.0000  -0.569910   0.401601  -0.168309 
    24700.0000  -0.576112   0.384411  -0.191701 
    24800.0000  -0.576791   0.382925  -0.193867 
    24900.0000  -0.558179   0.391801  -0.166378 
    25000.0000  -0.559759   0.377349  -0.182409 
    25100.0000  -0.553152   0.397536  -0.155616 
    25200.0000  -0.567964   0.386972  -0.180991 
    25300.0000  -0.574942   0.388549  -0.186393 
    25400.0000  -0.565307   0.380764  -0.184543 
    25500.0000  -0.555106   0.396107  -0.158999 
    25600.0000  -0.560192   0.386934  -0.173258 
    25700.0000  -0.552646   0.385942  -0.166704 
    25800.0000  -0.540182   0.390585  -0.149597 
    25900.0000  -0.534413   0.382165  -0.152248 
    26000.0000  -0.557422   0.391006  -0.166415 
    26100.0000  -0.570164   0.389305  -0.180858 
    26200.0000  -0.570352   0.388064  -0.182288 
    26300.0000  -0.566792   0.381085  -0.185707 
    26400.0000  -0.570000   0.379919  -0.190082 
    26500.0000  -0.582457   0.386633  -0.195825 
    26600.0000  -0.567370   0.389459  -0.177911 
    26700.0000  -0.565138   0.385287  -0.179851 
    26800.0000  -0.558036   0.392004  -0.166032 
    26900.0000  -0.580676   0.386205  -0.194470 
    27000.0000  -0.577214   0.379379  -0.197835 
    27100.0000  -0.614904   0.385076  -0.229828 
    27200.0000  -0.601219   0.395217  -0.206003 
    27300.0000  -0.586741   0.390597  -0.196144 
    27400.0000  -0.577910   0.388149  -0.189761 
    27500.0000  -0.549508   0.381039  -0.168469 
    27600.0000  -0.557529   0.379610  -0.177918 
    27700.0000  -0.559722   0.382409  -0.177312 
    27800.0000  -0.554802   0.391066  -0.163736 
    27900.0000  -0.559260   0.379850  -0.179410 
    28000.0000  -0.574663   0.390260  -0.184403 
    28100.0000  -0.573446   0.387492  -0.185954 
    28200.0000  -0.559028   0.385730  -0.173298 
    28300.0000  -0.567905   0.390410  -0.177495 
    28400.0000  -0.566887   0.394111  -0.172776 
    28500.0000  -0.557732   0.383070  -0.174661 
    28600.0000  -0.547363   0.387972  -0.159391 
    28700.0000  -0.541861   0.388052  -0.153809 
    28800.0000  -0.538885   0.389653  -0.149232 
    28900.0000  -0.539744   0.382937  -0.156807 
    29000.0000  -0.540941   0.388166  -0.152775 
    29100.0000  -0.553100   0.392486  -0.160614 
    29200.0000  -0.558947   0.390926  -0.168021 
    29300.0000  -0.557552   0.385728  -0.171824 
    29400.0000  -0.579972   0.377669  -0.202303 
    29500.0000  -0.577434   0.381038  -0.196396 
    29600.0000  -0.573823   0.389882  -0.183941 
    29700.0000  -0.569442   0.382293  -0.187148 
    29800.0000  -0.553712   0.382783  -0.170929 
    29900.0000  -0.560658   0.383415  -0.177243 
    30000.0000  -0.564272   0.387034  -0.177238 
    30100.0000  -0.563840   0.385250  -0.178590 
    30200.0000  -0.553351   0.383794  -0.169557 
    30300.0000  -0.551716   0.391808  -0.159908 
    30400.0000  -0.540254   0.393155  -0.147099 
    30500.0000  -0.544095   0.397583  -0.146511 
    30600.0000  -0.562300   0.391275  -0.171024 
    30700.0000  -0.575475   0.385893  -0.189583 
    30800.0000  -0.571550   0.379207  -0.192343 
    30900.0000  -0.550727   0.385336  -0.165391 
    31000.0000  -0.540001   0.391440  -0.148561 
    31100.0000  -0.514046   0.390453  -0.123593 
    31200.0000  -0.526375   0.377004  -0.149371 
    31300.0000  -0.541969   0.386570  -0.155399 
    31400.0000  -0.542969   0.391400  -0.151569 
    31500.0000  -0.552520   0.383816  -0.168704 
    31600.0000  -0.543558   0.382990  -0.160569 
    31700.0000  -0.554231   0.378727  -0.175505 
    31800.0000  -0.554176   0.391209  -0.162967 
    31900.0000  -0.542613   0.386875  -0.155738 
    32000.0000  -0.550299   0.380304  -0.169995 
    32100.0000  -0.544139   0.387506  -0.156634 
    32200.0000  -0.532332   0.392242  -0.140090 
    32300.0000  -0.525362   0.382677  -0.142684 
    32400.0000  -0.541525   0.386256  -0.155269 
    32500.0000  -0.542614   0.386186  -0.156428 
    32600.0000  -0.526603   0.388192  -0.138411 
    32700.0000  -0.548081   0.388093  -0.159988 
    32800.0000  -0.546123   0.393980  -0.152144 
    32900.0000  -0.512948   0.386955  -0.125993 
    33000.0000  -0.509078   0.391320  -0.117758 
    33100.0000  -0.512845   0.385949  -0.126896 
    33200.0000  -0.517965   0.376305  -0.141660 
    33300.0000  -0.525716   0.385167  -0.140549 
    33400.0000  -0.539016   0.385070  -0.153946 
    33500.0000  -0.527714   0.387048  -0.140666 
    33600.0000  -0.524203   0.390074  -0.134130 
    33700.0000  -0.529054   0.387361  -0.141693 
    33800.0000  -0.520308   0.386195  -0.134113 
    33900.0000  -0.520727   0.387777  -0.132950 
    34000.0000  -0.545170   0.383190  -0.161979 
    34100.0000  -0.538350   0.389605  -0.148745 
    34200.0000  -0.547884   0.387340  -0.160545 
    34300.0000  -0.546225   0.379562  -0.166663 
    34400.0000  -0.546999   0.391452  -0.155548 
    34500.0000  -0.558906   0.387047  -0.171860 
    34600.0000  -0.572175   0.385192  -0.186983 
    34700.0000  -0.577740   0.388573  -0.189166 
    34800.0000  -0.569269   0.394169  -0.175100 
    34900.0000  -0.563951   0.387425  -0.176527 
    35000.0000  -0.573547   0.384722  -0.188825 
    35100.0000  -0.585529   0.385082  -0.200447 
    35200.0000  -0.577117   0.383547  -0.193570 
    35300.0000  -0.565690   0.386897  -0.178793 
    35400.0000  -0.568237   0.388323  -0.179914 
    35500.0000  -0.579999   0.386087  -0.193912 
    35600.0000  -0.565794   0.385275  -0.180518 
    35700.0000  -0.566299   0.381021  -0.185278 
    35800.0000  -0.564929   0.386083  -0.178846 
    35900.0000  -0.554145   0.391363  -0.162782 
    36000.0000  -0.558007   0.385842  -0.172165 
    36100.0000  -0.557234   0.380290  -0.176945 
    36200.0000  -0.563373   0.379188  -0.184185 
    36300.0000  -0.554670   0.389007  -0.165663 
    36400.0000  -0.553611   0.388283  -0.165328 
    36500.0000  -0.560091   0.382273  -0.177818 
    36600.0000  -0.557606   0.386311  -0.171295 
    36700.0000  -0.557421   0.395038  -0.162383 
    36800.0000  -0.549487   0.389175  -0.160312 
    36900.0000  -0.560567   0.391123  -0.169443 
    37000.0000  -0.564999   0.379446  -0.185553 
    37100.0000  -0.569995   0.386234  -0.183761 
    37200.0000  -0.547115   0.388743  -0.158372 
    37300.0000  -0.559575   0.391030  -0.168545 
    37400.0000  -0.580667   0.393931  -0.186735 
    37500.0000  -0.557628   0.386682  -0.170946 
    37600.0000  -0.567777   0.393611  -0.174165 
    37700.0000  -0.563228   0.385446  -0.177782 
    37800.0000  -0.562317   0.382109  -0.180208 
    37900.0000  -0.551756   0.391221  -0.160535 
    38000.0000  -0.545930   0.383012  -0.162918 
    38100.0000  -0.533384   0.386341  -0.147043 
    38200.0000  -0.533758   0.384725  -0.149032 
    38300.0000  -0.521723   0.380621  -0.141102 
    38400.0000  -0.538209   0.390993  -0.147216 
    38500.0000  -0.542425   0.380893  -0.161532 
    38600.0000  -0.545352   0.389853  -0.155499 
    38700.0000  -0.547654   0.386294  -0.161361 
    38800.0000  -0.553767   0.383659  -0.170107 
    38900.0000  -0.546745   0.390436  -0.156309 
    39000.0000  -0.555986   0.393950  -0.162036 
    39100.0000  -0.559115   0.380290  -0.178825 
    39200.0000  -0.565009   0.386443  -0.178566 
    39300.0000  -0.547749   0.391967  -0.155783 
    39400.0000  -0.558785   0.390234  -0.168551 
    39500.0000  -0.560679   0.380626  -0.180053 
    39600.0000  -0.546071   0.384294  -0.161778 
    39700.0000  -0.546546   0.387199  -0.159346 
    39800.0000  -0.550693   0.393819  -0.156874 
    39900.0000  -0.554597   0.387434  -0.167163 
    40000.0000  -0.541003   0.389040  -0.151963 
    40100.0000  -0.522077   0.379773  -0.142304 
    40200.0000  -0.521719   0.380841  -0.140878 
    40300.0000  -0.526736   0.381064  -0.145671 
    40400.0000  -0.532806   0.386286  -0.146520 
    40500.0000  -0.515043   0.388959  -0.126084 
    40600.0000  -0.511712   0.393462  -0.118250 
    40700.0000  -0.521837   0.387001  -0.134836 
    40800.0000  -0.543341   0.384918  -0.158424 
    40900.0000  -0.537854   0.385093  -0.152761 
    41000.0000  -0.532470   0.381581  -0.150889 
    41100.0000  -0.533435   0.387475  -0.145960 
    41200.0000  -0.532256   0.390815  -0.141441 
    41300.0000  -0.520212   0.396378  -0.123834 
    41400.0000  -0.526820   0.392775  -0.134044 
    41500.0000  -0.538361   0.385089  -0.153272 
    41600.0000  -0.535773   0.386018  -0.149756 
    41700.0000  -0.534894   0.384259  -0.150636 
    41800.0000  -0.548095   0.386055  -0.162040 
    41900.0000  -0.532500   0.379669  -0.152831 
    42000.0000  -0.524450   0.394121  -0.130328 
    42100.0000  -0.509532   0.386456  -0.123076 
    42200.0000  -0.520497   0.385389  -0.135108 
    42300.0000  -0.510843   0.384796  -0.126047 
    42400.0000  -0.533182   0.387379  -0.145803 
    42500.0000  -0.532049   0.395462  -0.136587 
    42600.0000  -0.527440   0.376641  -0.150799 
    42700.0000  -0.551578   0.393517  -0.158062 
    42800.0000  -0.547986   0.378538  -0.169448 
    42900.0000  -0.552235   0.382644  -0.169591 
    43000.0000  -0.562270   0.385340  -0.176930 
    43100.0000  -0.555898   0.387871  -0.168027 
    43200.0000  -0.559533   0.389288  -0.170245 
    43300.0000  -0.582749   0.380527  -0.202222 
    43400.0000  -0.569768   0.389264  -0.180504 
    43500.0000  -0.552062   0.386411  -0.165650 
    43600.0000  -0.586498   0.379748  -0.206750 
    43700.0000  -0.572461   0.383530  -0.188932 
    43800.0000  -0.581854   0.392548  -0.189307 
    43900.0000  -0.568515   0.382648  -0.185867 
    44000.0000  -0.551411   0.387665  -0.163746 
    44100.0000  -0.571934   0.388305  -0.183628 
    44200.0000  -0.566611   0.392417  -0.174194 
    44300.0000  -0.555991   0.388720  -0.167272 
    44400.0000  -0.548242   0.381049  -0.167193 
    44500.0000  -0.543623   0.392134  -0.151489 
    44600.0000  -0.549726   0.388165  -0.161560 
    44700.0000  -0.550950   0.392679  -0.158271 
    44800.0000  -0.549720   0.392120  -0.157599 
    44900.0000  -0.527073   0.384639  -0.142434 
    45000.0000  -0.558117   0.376878  -0.181239 
    45100.0000  -0.538928   0.382992  -0.155936 
    45200.0000  -0.544258   0.383506  -0.160752 
    45300.0000  -0.562334   0.390252  -0.172082 
    45400.0000  -0.553485   0.390908  -0.162578 
    45500.0000  -0.551059   0.396248  -0.154811 
    45600.0000  -0.538059   0.396529  -0.141530 
    45700.0000  -0.554380   0.387422  -0.166957 
    45800.0000  -0.562990   0.383458  -0.179532 
    45900.0000  -0.548893   0.391283  -0.157611 
    46000.0000  -0.567719   0.398897  -0.168822 
    46100.0000  -0.548665   0.376840  -0.171825 
    46200.0000  -0.544310   0.386576  -0.157734 
    46300.0000  -0.548056   0.394475  -0.153580 
    46400.0000  -0.547096   0.389903  -0.157193 
    46500.0000  -0.563365   0.388410  -0.174954 
    46600.0000  -0.555657   0.390825  -0.164832 
    46700.0000  -0.556014   0.389867  -0.166147 
    46800.0000  -0.537584   0.386983  -0.150601 
    46900.0000  -0.529461   0.391036  -0.138425 
    47000.0000  -0.539466   0.382419  -0.157047 
    47100.0000  -0.555568   0.385280  -0.170288 
    47200.0000  -0.542057   0.382705  -0.159353 
    47300.0000  -0.537667   0.387665  -0.150002 
    47400.0000  -0.532838   0.394218  -0.138619 
    47500.0000  -0.540431   0.392069  -0.148362 
    47600.0000  -0.547839   0.391611  -0.156228 
    47700.0000  -0.537687   0.387899  -0.149788 
    47800.0000  -0.538181   0.389104  -0.149078 
    47900.0000  -0.532694   0.390848  -0.141846 
    48000.0000  -0.540809   0.386291  -0.154518 
    48100.0000  -0.534083   0.390143  -0.143940 
    48200.0000  -0.530790   0.384766  -0.146025 
    48300.0000  -0.531654   0.385790  -0.145864 
    48400.0000  -0.539088   0.383262  -0.155826 
    48500.0000  -0.540973   0.385705  -0.155267 
    48600.0000  -0.551197   0.382934  -0.168263 
    48700.0000  -0.550016   0.393143  -0.156873 
    48800.0000  -0.549946   0.392705  -0.157241 
    48900.0000  -0.534457   0.386079  -0.148378 
    49000.0000  -0.525556   0.389695  -0.135861 
    49100.0000  -0.533877   0.383450  -0.150427 
    49200.0000  -0.540876   0.391721  -0.149155 
    49300.0000  -0.537341   0.388168  -0.149174 
    49400.0000  -0.548061   0.384628  -0.163432 
    49500.0000  -0.519630   0.384603  -0.135027 
    49600.0000  -0.534271   0.389823  -0.144448 
    49700.0000  -0.530745   0.390135  -0.140610 
    49800.0000  -0.534755   0.382004  -0.152750 
    49900.0000  -0.551508   0.389383  -0.162125 
    50000.0000  -0.542631   0.390572  -0.152059 
    50100.0000  -0.546987   0.388493  -0.158494 
    50200.0000  -0.528287   0.384419  -0.143868 
    50300.0000  -0.532785   0.382417  -0.150368 
    50400.0000  -0.540499   0.392097  -0.148402 
    50500.0000  -0.539555   0.378573  -0.160982 
    50600.0000  -0.550059   0.377805  -0.172254 
    50700.0000  -0.542885   0.389615  -0.153269 
    50800.0000  -0.555041   0.379084  -0.175957 
    50900.0000  -0.546791   0.378838  -0.167954 
    51000.0000  -0.547773   0.381064  -0.166709 
    51100.0000  -0.544819   0.383795  -0.161024 
    51200.0000  -0.549564   0.387563  -0.162002 
    51300.0000  -0.550906   0.392168  -0.158738 
    51400.0000  -0.553029   0.379356  -0.173673 
    51500.0000  -0.551335   0.380924  -0.170411 
    51600.0000  -0.542264   0.386152  -0.156111 
    51700.0000  -0.549360   0.372619  -0.176741 
    51800.0000  -0.549908   0.389007  -0.160901 
    51900.0000  -0.553917   0.383502  -0.170415 
    52000.0000  -0.550760   0.395543  -0.155217 
    52100.0000  -0.545789   0.394424  -0.151365 
    52200.0000  -0.552578   0.389003  -0.163575 
    52300.0000  -0.546101   0.384449  -0.161652 
    52400.0000  -0.522964   0.395113  -0.127852 
    52500.0000  -0.551198   0.389810  -0.161388 
    52600.0000  -0.557953   0.388289  -0.169664 
    52700.0000  -0.533075   0.393413  -0.139662 
    52800.0000  -0.546275   0.387407  -0.158868 
    52900.0000  -0.547408   0.385234  -0.162174 
    53000.0000  -0.527755   0.388980  -0.138775 
    53100.0000  -0.522565   0.391703  -0.130862 
    53200.0000  -0.530511   0.375641  -0.154871 
    53300.0000  -0.549615   0.390079  -0.159536 
    53400.0000  -0.528757   0.391206  -0.137551 
    53500.0000  -0.523989   0.392271  -0.131718 
    53600.0000  -0.532621   0.394796  -0.137826 
    53700.0000  -0.522953   0.390950  -0.132003 
    53800.0000  -0.525755   0.393649  -0.132106 
    53900.0000  -0.540028   0.392120  -0.147908 
    54000.0000  -0.542445   0.382530  -0.159916 
    54100.0000  -0.537688   0.387898  -0.149790 
    54200.0000  -0.534737   0.384301  -0.150436 
    54300.0000  -0.530229   0.395429  -0.134800 
    54400.0000  -0.540861   0.393604  -0.147257 
    54500.0000  -0.546041   0.379207  -0.166834 
    54600.0000  -0.558525   0.382952  -0.175573 
    54700.0000  -0.553909   0.383645  -0.170264 
    54800.0000  -0.540517   0.394383  -0.146134 
    54900.0000  -0.554103   0.404580  -0.149523 
    55000.0000  -0.557253   0.394448  -0.162805 
    55100.0000  -0.561816   0.378140  -0.183676 
    55200.0000  -0.547932   0.390443  -0.157489 
    55300.0000  -0.568353   0.381282  -0.187071 
    55400.0000  -0.569180   0.387525  -0.181654 
    55500.0000  -0.574117   0.388253  -0.185865 
    55600.0000  -0.571285   0.387115  -0.184170 
    55700.0000  -0.561609   0.383985  -0.177624 
    55800.0000  -0.582851   0.385226  -0.197625 
    55900.0000  -0.583614   0.390340  -0.193275 
    56000.0000  -0.595788   0.392056  -0.203732 
    56100.0000  -0.587277   0.394582  -0.192695 
    56200.0000  -0.588141   0.378491  -0.209650 
    56300.0000  -0.600257   0.386230  -0.214028 
    56400.0000  -0.604069   0.391018  -0.213050 
    56500.0000  -0.613051   0.389826  -0.223225 
    56600.0000  -0.587890   0.381131  -0.206758 
    56700.0000  -0.585101   0.388861  -0.196240 
    56800.0000  -0.573977   0.389696  -0.184281 
    56900.0000  -0.563686   0.383439  -0.180247 
    57000.0000  -0.578256   0.385712  -0.192545 
    57100.0000  -0.576838   0.385094  -0.191745 
    57200.0000  -0.563860   0.381866  -0.181994 
    57300.0000  -0.560080   0.389341  -0.170739 
    57400.0000  -0.551475   0.383915  -0.167560 
    57500.0000  -0.546095   0.384533  -0.161562 
    57600.0000  -0.540909   0.386633  -0.154276 
    57700.0000  -0.536805   0.383199  -0.153606 
    57800.0000  -0.538530   0.391875  -0.146655 
    57900.0000  -0.539655   0.383067  -0.156588 
    58000.0000  -0.549069   0.385531  -0.163537 
    58100.0000  -0.546850   0.389110  -0.157740 
    58200.0000  -0.531006   0.394428  -0.136578 
    58300.0000  -0.543343   0.396842  -0.146501 
    58400.0000  -0.558437   0.385848  -0.172589 
    58500.0000  -0.553013   0.384697  -0.168316 
    58600.0000  -0.552497   0.393385  -0.159112 
    58700.0000  -0.536701   0.383486  -0.153215 
    58800.0000  -0.535786   0.384920  -0.150866 
    58900.0000  -0.538583   0.378851  -0.159732 
    59000.0000  -0.540625   0.387933  -0.152692 
    59100.0000  -0.527465   0.375202  -0.152263 
    59200.0000  -0.526432   0.391710  -0.134722 
    59300.0000  -0.534458   0.387355  -0.147103 
    59400.0000  -0.552271   0.384100  -0.168171 
    59500.0000  -0.544557   0.385288  -0.159269 
    59600.0000  -0.539090   0.381901  -0.157188 
    59700.0000  -0.553503   0.387571  -0.165932 
    59800.0000  -0.554893   0.380533  -0.174360 
    59900.0000  -0.550364   0.387668  -0.162696 
    60000.0000  -0.544953   0.392729  -0.152224 
    60100.0000  -0.545240   0.388187  -0.157054 
    60200.0000  -0.536703   0.382876  -0.153827 
    60300.0000  -0.547089   0.380617  -0.166472 
    60400.0000  -0.541619   0.385922  -0.155697 
    60500.0000  -0.551896   0.387962  -0.163934 
    60600.0000  -0.564551   0.387260  -0.177290 
    60700.0000  -0.544961   0.397935  -0.147026 
    60800.0000  -0.552972   0.390494  -0.162478 
    60900.0000  -0.535106   0.392783  -0.142323 
    61000.0000  -0.541596   0.393044  -0.148552 
    61100.0000  -0.557163   0.383458  -0.173704 
    61200.0000  -0.563378   0.382474  -0.180904 
    61300.0000  -0.567773   0.385571  -0.182203 
    61400.0000  -0.564797   0.379416  -0.185381 
    61500.0000  -0.560814   0.382029  -0.178786 
    61600.0000  -0.570797   0.379546  -0.191251 
    61700.0000  -0.578358   0.389939  -0.188419 
    61800.0000  -0.576419   0.373218  -0.203201 
    61900.0000  -0.572072   0.392879  -0.179193 
    62000.0000  -0.586126   0.391806  -0.194320 
    62100.0000  -0.593385   0.386193  -0.207191 
    62200.0000  -0.583942   0.386706  -0.197236 
    62300.0000  -0.596543   0.382153  -0.214390 
    62400.0000  -0.608705   0.392092  -0.216613 
    62500.0000  -0.586812   0.387153  -0.199658 
    62600.0000  -0.584754   0.388305  -0.196450 
    62700.0000  -0.599438   0.384425  -0.215013 
    62800.0000  -0.588385   0.400131  -0.188254 
    62900.0000  -0.594639   0.389850  -0.204788 
    63000.0000  -0.592450   0.386890  -0.205560 
    63100.0000  -0.582994   0.394644  -0.188350 
    63200.0000  -0.563331   0.378895  -0.184436 
    63300.0000  -0.574310   0.387216  -0.187095 
    63400.0000  -0.568206   0.382227  -0.185979 
    63500.0000  -0.558956   0.389814  -0.169141 
    63600.0000  -0.540041   0.381398  -0.158643 
    63700.0000  -0.526332   0.388122  -0.138211 
    63800.0000  -0.572180   0.395213  -0.176967 
    63900.0000  -0.570084   0.381657  -0.188427 
    64000.0000  -0.567885   0.380301  -0.187584 
    64100.0000  -0.544555   0.396759  -0.147796 
    64200.0000  -0.547878   0.396004  -0.151873 
    64300.0000  -0.549482   0.388686  -0.160796 
    64400.0000  -0.541871   0.390554  -0.151317 
    64500.0000  -0.541733   0.395497  -0.146236 
    64600.0000  -0.551758   0.383292  -0.168465 
    64700.0000  -0.559833   0.394294  -0.165539 
    64800.0000  -0.553643   0.374673  -0.178970 
    64900.0000  -0.534506   0.381019  -0.153486 
    65000.0000  -0.542075   0.379334  -0.162741 
    65100.0000  -0.538878   0.390021  -0.148857 
    65200.0000  -0.547413   0.388702  -0.158710 
    65300.0000  -0.550275   0.389268  -0.161007 
    65400.0000  -0.553574   0.396343  -0.157231 
    65500.0000  -0.537962   0.379246  -0.158716 
    65600.0000  -0.574895   0.395991  -0.178904 
    65700.0000  -0.572582   0.387037  -0.185546 
    65800.0000  -0.560422   0.384883  -0.175539 
    65900.0000  -0.557517   0.383526  -0.173991 
    66000.0000  -0.563871   0.385967  -0.177904 
    66100.0000  -0.555817   0.393288  -0.162529 
    66200.0000  -0.549158   0.388718  -0.160439 
    66300.0000  -0.563388   0.386546  -0.176842 
    66400.0000  -0.580823   0.384400  -0.196423 
    66500.0000  -0.589918   0.386182  -0.203736 
    66600.0000  -0.599560   0.396036  -0.203524 
    66700.0000  -0.594787   0.377797  -0.216990 
    66800.0000  -0.574483   0.387473  -0.187009 
    66900.0000  -0.586045   0.383765  -0.202280 
    67000.0000  -0.596854   0.377157  -0.219697 
    67100.0000  -0.613993   0.385756  -0.228238 
    67200.0000  -0.610281   0.394365  -0.215916 
    67300.0000  -0.604742   0.379053  -0.225689 
    67400.0000  -0.599874   0.389876  -0.209998 
    67500.0000  -0.596759   0.387551  -0.209208 
    67600.0000  -0.586517   0.392851  -0.193666 
    67700.0000  -0.578483   0.393361  -0.185122 
    67800.0000  -0.591444   0.392111  -0.199333 
    67900.0000  -0.574992   0.388482  -0.186510 
    68000.0000  -0.589660   0.383811  -0.205849 
    68100.0000  -0.584242   0.399118  -0.185124 
    68200.0000  -0.557232   0.391433  -0.165799 
    68300.0000  -0.566024   0.390416  -0.175607 
    68400.0000  -0.560266   0.385515  -0.174751 
    68500.0000  -0.533555   0.386742  -0.146813 
    68600.0000  -0.546229   0.392276  -0.153953 
    68700.0000  -0.552606   0.386525  -0.166081 
    68800.0000  -0.555795   0.381490  -0.174304 
    68900.0000  -0.530362   0.388108  -0.142255 
    69000.0000  -0.548238   0.386385  -0.161853 
    69100.0000  -0.529537   0.388016  -0.141521 
    69200.0000  -0.528319   0.379965  -0.148354 
    69300.0000  -0.524153   0.388236  -0.135917 
    69400.0000  -0.523406   0.391632  -0.131774 
    69500.0000  -0.527165   0.388754  -0.138412 
    69600.0000  -0.512887   0.393936  -0.118952 
    69700.0000  -0.517994   0.389094  -0.128899 
    69800.0000  -0.513635   0.389681  -0.123955 
    69900.0000  -0.512542   0.387357  -0.125185 
    70000.0000  -0.542245   0.391110  -0.151135 
    70100.0000  -0.529434   0.383438  -0.145996 
    70200.0000  -0.515594   0.388154  -0.127440 
    70300.0000  -0.505545   0.389948  -0.115597 
    70400.0000  -0.495382   0.392268  -0.103114 
    70500.0000  -0.508861   0.389481  -0.119380 
    70600.0000  -0.496201   0.390068  -0.106133 
    70700.0000  -0.501881   0.388226  -0.113655 
    70800.0000  -0.503086   0.384954  -0.118132 
    70900.0000  -0.509536   0.382946  -0.126590 
    71000.0000  -0.521978   0.384234  -0.137744 
    71100.0000  -0.522700   0.383773  -0.138927 
    71200.0000  -0.516321   0.390115  -0.126206 
    71300.0000  -0.517057   0.378739  -0.138318 
    71400.0000  -0.517113   0.385135  -0.131978 
    71500.0000  -0.528980   0.390692  -0.138288 
    71600.0000  -0.530627   0.382116  -0.148512 
    71700.0000  -0.529335   0.384117  -0.145219 
    71800.0000  -0.535078   0.382319  -0.152759 
    71900.0000  -0.522361   0.383490  -0.138871 
    72000.0000  -0.530072   0.385558  -0.144514 
    72100.0000  -0.530133   0.381930  -0.148203 
    72200.0000  -0.530460   0.387716  -0.142745 
    72300.0000  -0.536386   0.393598  -0.142788 
    72400.0000  -0.539857   0.383547  -0.156310 
    72500.0000  -0.545456   0.389870  -0.155585 
    72600.0000  -0.541397   0.391378  -0.150019 
    72700.0000  -0.532971   0.386266  -0.146705 
    72800.0000  -0.534766   0.392120  -0.142646 
    72900.0000  -0.510830   0.387480  -0.123351 
    73000.0000  -0.522455   0.390507  -0.131947 
    73100.0000  -0.507967   0.392883  -0.115084 
    73200.0000  -0.506343   0.386490  -0.119853 
    73300.0000  -0.508188   0.382370  -0.125818 
    73400.0000  -0.532996   0.385637  -0.147359 
    73500.0000  -0.542774   0.381500  -0.161274 
    73600.0000  -0.536237   0.388815  -0.147423 
    73700.0000  -0.546938   0.382397  -0.164541 
    73800.0000  -0.559454   0.385915  -0.173539 
    73900.0000  -0.558753   0.380784  -0.177969 
    74000.0000  -0.572710   0.386191  -0.186518 
    74100.0000  -0.546784   0.389948  -0.156836 
    74200.0000  -0.549693   0.386549  -0.163144 
    74300.0000  -0.543134   0.383302  -0.159831 
    74400.0000  -0.538189   0.394240  -0.143950 
    74500.0000  -0.547504   0.377591  -0.169913 
    74600.0000  -0.550648   0.381384  -0.169264 
    74700.0000  -0.559824   0.390850  -0.168973 
    74800.0000  -0.557135   0.391164  -0.165971 
    74900.0000  -0.539323   0.391621  -0.147702 
    75000.0000  -0.542793   0.395530  -0.147263 
    75100.0000  -0.538347   0.386350  -0.151998 
    75200.0000  -0.536307   0.388783  -0.147524 
    75300.0000  -0.521947   0.382999  -0.138948 
    75400.0000  -0.512928   0.381463  -0.131464 
    75500.0000  -0.506903   0.389687  -0.117215 
    75600.0000  -0.529405   0.387673  -0.141732 
    75700.0000  -0.544572   0.384065  -0.160508 
    75800.0000  -0.540366   0.384662  -0.155704 
    75900.0000  -0.553234   0.382831  -0.170403 
    76000.0000  -0.546529   0.384052  -0.162476 
    76100.0000  -0.565707   0.386571  -0.179135 
    76200.0000  -0.565999   0.393404  -0.172595 
    76300.0000  -0.576745   0.384498  -0.192247 
    76400.0000  -0.591994   0.387588  -0.204407 
    76500.0000  -0.585083   0.391132  -0.193951 
    76600.0000  -0.571714   0.385482  -0.186232 
    76700.0000  -0.562698   0.395541  -0.167157 
    76800.0000  -0.546900   0.383756  -0.163144 
    76900.0000  -0.518109   0.386189  -0.131920 
    77000.0000  -0.533136   0.390356  -0.142780 
    77100.0000  -0.526232   0.379740  -0.146492 
    77200.0000  -0.518197   0.379930  -0.138267 
    77300.0000  -0.499451   0.386582  -0.112869 
    77400.0000  -0.500260   0.387875  -0.112386 
    77500.0000  -0.510378   0.384232  -0.126146 
    77600.0000  -0.521282   0.394679  -0.126603 
    77700.0000  -0.518107   0.383536  -0.134572 
    77800.0000  -0.511546   0.386697  -0.124849 
    77900.0000  -0.520572   0.387632  -0.132941 
    78000.0000  -0.508576   0.392620  -0.115956 
    78100.0000  -0.500847   0.384323  -0.116524 
    78200.0000  -0.514607   0.387052  -0.127556 
    78300.0000  -0.510369   0.381968  -0.128401 
    78400.0000  -0.507874   0.388788  -0.119086 
    78500.0000  -0.496751   0.382804  -0.113947 
    78600.0000  -0.517806   0.395843  -0.121963 
    78700.0000  -0.520525   0.386993  -0.133532 
    78800.0000  -0.520343   0.383018  -0.137325 
    78900.0000  -0.516580   0.393107  -0.123473 
    79000.0000  -0.513957   0.388631  -0.125326 
    79100.0000  -0.516405   0.382477  -0.133928 
    79200.0000  -0.521147   0.378416  -0.142731 
    79300.0000  -0.539970   0.388569  -0.151401 
    79400.0000  -0.527918   0.390111  -0.137807 
    79500.0000  -0.535797   0.381930  -0.153868 
    79600.0000  -0.531110   0.378240  -0.152869 
    79700.0000  -0.541003   0.385689  -0.155314 
    79800.0000  -0.550435   0.393475  -0.156960 
    79900.0000  -0.545145   0.388427  -0.156718 
    80000.0000  -0.564749   0.386094  -0.178655 
    80100.0000  -0.559134   0.385625  -0.173509 
    80200.0000  -0.554686   0.394634  -0.160052 
    80300.0000  -0.548144   0.384856  -0.163288 
    80400.0000  -0.554124   0.386309  -0.167816 
    80500.0000  -0.582392   0.390424  -0.191968 
    80600.0000  -0.563762   0.381624  -0.182138 
    80700.0000  -0.567941   0.391061  -0.176881 
    80800.0000  -0.563484   0.392630  -0.170854 
    80900.0000  -0.540486   0.395143  -0.145344 
    81000.0000  -0.545342   0.392141  -0.153201 
    81100.0000  -0.548266   0.385000  -0.163266 
    81200.0000  -0.536145   0.386948  -0.149198 
    81300.0000  -0.539803   0.377595  -0.162208 
    81400.0000  -0.538613   0.382210  -0.156402 
    81500.0000  -0.537973   0.391771  -0.146202 
    81600.0000  -0.547471   0.392971  -0.154500 
    81700.0000  -0.558071   0.387215  -0.170856 
    81800.0000  -0.560425   0.379385  -0.181040 
    81900.0000  -0.551192   0.393295  -0.157897 
    82000.0000  -0.569460   0.385858  -0.183602 
    82100.0000  -0.574187   0.386967  -0.187219 
    82200.0000  -0.551363   0.392774  -0.158589 
    82300.0000  -0.540425   0.387051  -0.153374 
    82400.0000  -0.533304   0.379963  -0.153341 
    82500.0000  -0.524590   0.381419  -0.143172 
    82600.0000  -0.513408   0.390896  -0.122512 
    82700.0000  -0.539219   0.385433  -0.153787 
    82800.0000  -0.559616   0.379755  -0.179861 
    82900.0000  -0.542535   0.381011  -0.161524 
    83000.0000  -0.551220   0.379572  -0.171648 
    83100.0000  -0.552782   0.381784  -0.170998 
    83200.0000  -0.547757   0.390583  -0.157174 
    83300.0000  -0.551492   0.385728  -0.165764 
    83400.0000  -0.550919   0.392062  -0.158858 
    83500.0000  -0.536846   0.379997  -0.156849 
    83600.0000  -0.524452   0.392570  -0.131882 
    83700.0000  -0.527998   0.389682  -0.138316 
    83800.0000  -0.550757   0.388728  -0.162029 
    83900.0000  -0.541566   0.382917  -0.158649 
    84000.0000  -0.544273   0.388857  -0.155416 
    84100.0000  -0.539418   0.387360  -0.152057 
    84200.0000  -0.521394   0.379480  -0.141914 
    84300.0000  -0.532603   0.387727  -0.144876 
    84400.0000  -0.532442   0.383717  -0.148726 
    84500.0000  -0.538633   0.383773  -0.154860 
    84600.0000  -0.547998   0.377707  -0.170292 
    84700.0000  -0.540288   0.387025  -0.153263 
    84800.0000  -0.536615   0.391088  -0.145527 
    84900.0000  -0.526947   0.393878  -0.133069 
    85000.0000  -0.523794   0.393687  -0.130107 
    85100.0000  -0.549642   0.393074  -0.156569 
    85200.0000  -0.538202   0.388153  -0.150049 
    85300.0000  -0.544272   0.391918  -0.152353 
    85400.0000  -0.550036   0.389613  -0.160423 
    85500.0000  -0.564995   0.385045  -0.179950 
    85600.0000  -0.564256   0.390180  -0.174076 
    85700.0000  -0.557159   0.383345  -0.173814 
    85800.0000  -0.561797   0.390932  -0.170865 
    85900.0000  -0.550338   0.381353  -0.168985 
    86000.0000  -0.563336   0.386522  -0.176814 
    86100.0000  -0.554766   0.390933  -0.163833 
    86200.0000  -0.549743   0.377318  -0.172425 
    86300.0000  -0.557641   0.390855  -0.166785 
    86400.0000  -0.552315   0.382108  -0.170208 
    86500.0000  -0.542452   0.393270  -0.149182 
    86600.0000  -0.551845   0.384425  -0.167420 
    86700.0000  -0.562796   0.384657  -0.178139 
    86800.0000  -0.570666   0.389794  -0.180872 
    86900.0000  -0.584456   0.381626  -0.202830 
    87000.0000  -0.590834   0.383810  -0.207024 
    87100.0000  -0.587336   0.384220  -0.203116 
    87200.0000  -0.579282   0.396556  -0.182726 
    87300.0000  -0.584039   0.382660  -0.201379 
    87400.0000  -0.577908   0.387163  -0.190745 
    87500.0000  -0.570381   0.384269  -0.186112 
    87600.0000  -0.579407   0.393741  -0.185666 
    87700.0000  -0.587851   0.386026  -0.201824 
    87800.0000  -0.578493   0.387856  -0.190637 
    87900.0000  -0.571213   0.390999  -0.180213 
    88000.0000  -0.562233   0.387691  -0.174542 
    88100.0000  -0.556669   0.377627  -0.179041 
    88200.0000  -0.562102   0.385124  -0.176978 
    88300.0000  -0.562997   0.388181  -0.174815 
    88400.0000  -0.552885   0.390164  -0.162721 
    88500.0000  -0.551120   0.380924  -0.170197 
    88600.0000  -0.549113   0.386931  -0.162182 
    88700.0000  -0.530320   0.396836  -0.133484 
    88800.0000  -0.520252   0.387912  -0.132339 
    88900.0000  -0.530851   0.390575  -0.140276 
    89000.0000  -0.544116   0.389232  -0.154884 
    89100.0000  -0.539761   0.383595  -0.156166 
    89200.0000  -0.547263   0.390427  -0.156836 
    89300.0000  -0.546288   0.385334  -0.160954 
    89400.0000  -0.531331   0.388475  -0.142855 
    89500.0000  -0.540035   0.393938  -0.146098 
    89600.0000  -0.550021   0.387089  -0.162932 
    89700.0000  -0.525877   0.391145  -0.134732 
    89800.0000  -0.536916   0.382466  -0.154450 
    89900.0000  -0.529071   0.380779  -0.148292 
    90000.0000  -0.547316   0.391513  -0.155803 
    90100.0000  -0.556152   0.389943  -0.166209 
    90200.0000  -0.576112   0.384552  -0.191560 
    90300.0000  -0.595436   0.388292  -0.207145 
    90400.0000  -0.597741   0.396723  -0.201018 
    90500.0000  -0.585874   0.375569  -0.210305 
    90600.0000  -0.587978   0.380866  -0.207111 
    90700.0000  -0.611293   0.387878  -0.223415 
    90800.0000  -0.603495   0.383033  -0.220462 
    90900.0000  -0.595854   0.383116  -0.212738 
    91000.0000  -0.593501   0.392537  -0.200964 
    91100.0000  -0.566082   0.379243  -0.186839 
    91200.0000  -0.560809   0.383189  -0.177621 
    91300.0000  -0.555427   0.368285  -0.187142 
    91400.0000  -0.555711   0.381905  -0.173805 
    91500.0000  -0.544284   0.396308  -0.147975 
    91600.0000  -0.532543   0.388693  -0.143849 
    91700.0000  -0.541650   0.386931  -0.154719 
    91800.0000  -0.549791   0.387707  -0.162083 
    91900.0000  -0.547365   0.393397  -0.153967 
    92000.0000  -0.548385   0.381493  -0.166892 
    92100.0000  -0.567275   0.384644  -0.182631 
    92200.0000  -0.552773   0.388928  -0.163846 
    92300.0000  -0.560362   0.388768  -0.171594 
    92400.0000  -0.578300   0.391119  -0.187180 
    92500.0000  -0.578388   0.383008  -0.195379 
    92600.0000  -0.566449   0.390409  -0.176041 
    92700.0000  -0.580287   0.385322  -0.194966 
    92800.0000  -0.547815   0.381402  -0.166413 
    92900.0000  -0.544966   0.390302  -0.154664 
    93000.0000  -0.559650   0.395045  -0.164605 
    93100.0000  -0.549901   0.395465  -0.154436 
    93200.0000  -0.547577   0.389333  -0.158245 
    93300.0000  -0.567794   0.390181  -0.177614 
    93400.0000  -0.574814   0.384605  -0.190209 
    93500.0000  -0.571734   0.383069  -0.188665 
    93600.0000  -0.574195   0.390691  -0.183505 
    93700.0000  -0.557709   0.383749  -0.173961 
    93800.0000  -0.542532   0.379115  -0.163417 
    93900.0000  -0.550398   0.383041  -0.167356 
    94000.0000  -0.539029   0.374368  -0.164661 
    94100.0000  -0.544519   0.385609  -0.158910 
    94200.0000  -0.545910   0.389925  -0.155984 
    94300.0000  -0.537448   0.392176  -0.145271 
    94400.0000  -0.540744   0.386866  -0.153878 
    94500.0000  -0.517827   0.390472  -0.127355 
    94600.0000  -0.519126   0.385215  -0.133911 
    94700.0000  -0.507986   0.386877  -0.121109 
    94800.0000  -0.508511   0.383848  -0.124663 
    94900.0000  -0.507169   0.383570  -0.123599 
    95000.0000  -0.520914   0.378703  -0.142211 
    95100.0000  -0.522068   0.397131  -0.124937 
    95200.0000  -0.543422   0.385533  -0.157889 
    95300.0000  -0.548222   0.381581  -0.166641 
    95400.0000  -0.565247   0.382299  -0.182948 
    95500.0000  -0.535022   0.386669  -0.148353 
    95600.0000  -0.534723   0.385506  -0.149217 
    95700.0000  -0.536761   0.393677  -0.143084 
    95800.0000  -0.547429   0.389035  -0.158394 
    95900.0000  -0.530668   0.387051  -0.143617 
    96000.0000  -0.532253   0.381091  -0.151163 
    96100.0000  -0.552142   0.381103  -0.171040 
    96200.0000  -0.551651   0.390709  -0.160942 
    96300.0000  -0.574844   0.383889  -0.190955 
    96400.0000  -0.582671   0.394196  -0.188475 
    96500.0000  -0.564799   0.387110  -0.177689 
    96600.0000  -0.576377   0.377653  -0.198724 
    96700.0000  -0.566075   0.382542  -0.183533 
    96800.0000  -0.565975   0.380663  -0.185313 
    96900.0000  -0.569036   0.395031  -0.174005 
    97000.0000  -0.562850   0.386041  -0.176809 
    97100.0000  -0.573016   0.386022  -0.186994 
    97200.0000  -0.573070   0.384613  -0.188457 
    97300.0000  -0.551328   0.383255  -0.168073 
    97400.0000  -0.547424   0.388404  -0.159020 
    97500.0000  -0.540443   0.384336  -0.156107 
    97600.0000  -0.543578   0.389422  -0.154156 
    97700.0000  -0.525033   0.390327  -0.134706 
    97800.0000  -0.511681   0.388173  -0.123509 
    97900.0000  -0.513538   0.381590  -0.131948 
    98000.0000  -0.530228   0.385434  -0.144794 
    98100.0000  -0.536489   0.383897  -0.152592 
    98200.0000  -0.524928   0.393146  -0.131782 
    98300.0000  -0.522354   0.384829  -0.137525 
    98400.0000  -0.525849   0.389995  -0.135854 
    98500.0000  -0.521325   0.382977  -0.138348 
    98600.0000  -0.531906   0.387532  -0.144374 
    98700.0000  -0.520097   0.386642  -0.133455 
    98800.0000  -0.528916   0.387127  -0.141789 
    98900.0000  -0.537472   0.380378  -0.157094 
    99000.0000  -0.526361   0.378652  -0.147709 
    99100.0000  -0.528036   0.387922  -0.140114 
    99200.0000  -0.529433   0.388074  -0.141359 
    99300.0000  -0.538991   0.390898  -0.148093 
    99400.0000  -0.582465   0.395144  -0.187321 
    99500.0000  -0.575422   0.391165  -0.184257 
    99600.0000  -0.566110   0.387033  -0.179077 
    99700.0000  -0.561233   0.384844  -0.176388 
    99800.0000  -0.543323   0.386693  -0.156630 
    99900.0000  -0.553985   0.379024  -0.174960 
   100000.0000  -0.551889   0.384601  -0.167288 
   100100.0000  -0.553570   0.390740  -0.162831 
   100200.0000  -0.583694   0.382188  -0.201506 
   100300.0000  -0.564655   0.392722  -0.171933 
   100400.0000  -0.561699   0.387685  -0.174014 
   100500.0000  -0.559460   0.392865  -0.166595 
   100600.0000  -0.560336   0.389664  -0.170672 
   100700.0000  -0.553188   0.385612  -0.167576 
   100800.0000  -0.547697   0.398526  -0.149171 
   100900.0000  -0.557210   0.395317  -0.161893 
   101000.0000  -0.578347   0.385396  -0.192951 
   101100.0000  -0.556885   0.393476  -0.163409 
   101200.0000  -0.552645   0.384955  -0.167690 
   101300.0000  -0.550768   0.385356  -0.165412 
   101400.0000  -0.525133   0.393377  -0.131755 
   101500.0000  -0.537704   0.391590  -0.146113 
   101600.0000  -0.529073   0.380150  -0.148923 
   101700.0000  -0.515800   0.392670  -0.123130 
   101800.0000  -0.524183   0.380840  -0.143343 
   101900.0000  -0.525981   0.385072  -0.140910 
   102000.0000  -0.525648   0.386612  -0.139036 
   102100.0000  -0.521264   0.390008  -0.131256 
   102200.0000  -0.532103   0.392373  -0.139730 
   102300.0000  -0.523586   0.387535  -0.136050 
   102400.0000  -0.530366   0.385360  -0.145006 
   102500.0000  -0.540447   0.382402  -0.158045 
   102600.0000  -0.540209   0.389970  -0.150239 
   102700.0000  -0.544332   0.383860  -0.160472 
   102800.0000  -0.553658   0.391598  -0.162061 
   102900.0000  -0.551969   0.399138  -0.152831 
   103000.0000  -0.558993   0.384991  -0.174002 
   103100.0000  -0.560725   0.386943  -0.173782 
   103200.0000  -0.558592   0.374469  -0.184123 
   103300.0000  -0.556802   0.382041  -0.174761 
   103400.0000  -0.557430   0.385824  -0.171606 
   103500.0000  -0.555993   0.392690  -0.163303 
   103600.0000  -0.534836   0.387037  -0.147799 
   103700.0000  -0.538054   0.394354  -0.143700 
   103800.0000  -0.550280   0.390828  -0.159452 
   103900.0000  -0.544770   0.394413  -0.150357 
   104000.0000  -0.538907   0.390740  -0.148167 
   104100.0000  -0.542707   0.384831  -0.157876 
   104200.0000  -0.553725   0.391738  -0.161987 
   104300.0000  -0.540507   0.387873  -0.152634 
   104400.0000  -0.544921   0.399131  -0.145790 
   104500.0000  -0.564433   0.373771  -0.190663 
   104600.0000  -0.568766   0.389783  -0.178982 
   104700.0000  -0.563318   0.386381  -0.176937 
   104800.0000  -0.554650   0.386255  -0.168395 
   104900.0000  -0.538379   0.381288  -0.157091 
   105000.0000  -0.540921   0.389714  -0.151207 
   105100.0000  -0.550774   0.374309  -0.176465 
   105200.0000  -0.556758   0.380088  -0.176670 
   105300.0000  -0.567649   0.380023  -0.187626 
   105400.0000  -0.549093   0.391758  -0.157335 
   105500.0000  -0.564864   0.387720  -0.177144 
   105600.0000  -0.563226   0.382998  -0.180228 
   105700.0000  -0.568017   0.383808  -0.184209 
   105800.0000  -0.559137   0.391123  -0.168014 
   105900.0000  -0.545460   0.388841  -0.156620 
   106000.0000  -0.546513   0.377506  -0.169006 
   106100.0000  -0.546140   0.389950  -0.156190 
   106200.0000  -0.550833   0.385561  -0.165271 
   106300.0000  -0.541977   0.382638  -0.159339 
   106400.0000  -0.545019   0.387452  -0.157567 
   106500.0000  -0.547141   0.383365  -0.163776 
   106600.0000  -0.561186   0.391644  -0.169542 
   106700.0000  -0.564084   0.382665  -0.181420 
   106800.0000  -0.541609   0.392231  -0.149379 
   106900.0000  -0.535527   0.382978  -0.152549 
   107000.0000  -0.530736   0.383816  -0.146921 
   107100.0000  -0.529206   0.391338  -0.137868 
   107200.0000  -0.524136   0.394093  -0.130043 
   107300.0000  -0.527493   0.383472  -0.144021 
   107400.0000  -0.534519   0.390487  -0.144032 
   107500.0000  -0.520753   0.383215  -0.137537 
   107600.0000  -0.517486   0.391176  -0.126310 
   107700.0000  -0.529636   0.388608  -0.141028 
   107800.0000  -0.536767   0.382175  -0.154592 
   107900.0000  -0.540189   0.384831  -0.155358 
   108000.0000  -0.545018   0.386470  -0.158547 
   108100.0000  -0.537196   0.386414  -0.150782 
   108200.0000  -0.541696   0.384181  -0.157516 
   108300.0000  -0.563842   0.381042  -0.182800 
   108400.0000  -0.563118   0.389502  -0.173616 
   108500.0000  -0.561159   0.382301  -0.178858 
   108600.0000  -0.562733   0.385863  -0.176870 
   108700.0000  -0.568949   0.389496  -0.179453 
   108800.0000  -0.567210   0.388644  -0.178566 
   108900.0000  -0.565180   0.386874  -0.178305 
   109000.0000  -0.573623   0.387546  -0.186077 
   109100.0000  -0.583241   0.387787  -0.195454 
   109200.0000  -0.570043   0.382266  -0.187778 
   109300.0000  -0.547781   0.389623  -0.158157 
   109400.0000  -0.549281   0.392593  -0.156688 
   109500.0000  -0.563329   0.390161  -0.173167 
   109600.0000  -0.546863   0.387547  -0.159316 
   109700.0000  -0.549013   0.378486  -0.170527 
   109800.0000  -0.551572   0.386405  -0.165167 
   109900.0000  -0.545661   0.384511  -0.161150 
   110000.0000  -0.545729   0.392421  -0.153308 
   110100.0000  -0.557464   0.386542  -0.170921 
   110200.0000  -0.572431   0.381942  -0.190489 
   110300.0000  -0.565949   0.379490  -0.186459 
   110400.0000  -0.583226   0.388513  -0.194714 
   110500.0000  -0.586568   0.388484  -0.198084 
   110600.0000  -0.557347   0.391303  -0.166044 
   110700.0000  -0.539237   0.386100  -0.153137 
   110800.0000  -0.538570   0.382799  -0.155771 
   110900.0000  -0.527778   0.384230  -0.143548 
   111000.0000  -0.527040   0.381045  -0.145995 
   111100.0000  -0.537827   0.383296  -0.154532 
   111200.0000  -0.545110   0.387760  -0.157350 
   111300.0000  -0.560747   0.384669  -0.176077 
   111400.0000  -0.566447   0.394528  -0.171919 
   111500.0000  -0.568966   0.388191  -0.180775 
   111600.0000  -0.542210   0.387868  -0.154341 
   111700.0000  -0.546840   0.385357  -0.161482 
   111800.0000  -0.532382   0.389001  -0.143381 
   111900.0000  -0.527477   0.392453  -0.135024 
   112000.0000  -0.547370   0.390472  -0.156898 
   112100.0000  -0.549371   0.384005  -0.165366 
   112200.0000  -0.562612   0.384809  -0.177803 
   112300.0000  -0.558802   0.385777  -0.173025 
   112400.0000  -0.585250   0.400456  -0.184793 
   112500.0000  -0.571565   0.380510  -0.191055 
   112600.0000  -0.555445   0.396339  -0.159106 
   112700.0000  -0.569336   0.388392  -0.180944 
   112800.0000  -0.575757   0.383326  -0.192431 
   112900.0000  -0.561649   0.381591  -0.180058 
   113000.0000  -0.558339   0.382048  -0.176292 
   113100.0000  -0.546382   0.388180  -0.158202 
   113200.0000  -0.542372   0.381011  -0.161361 
   113300.0000  -0.558766   0.394473  -0.164293 
   113400.0000  -0.558165   0.384430  -0.173735 
   113500.0000  -0.556162   0.386492  -0.169670 
   113600.0000  -0.544997   0.384828  -0.160169 
   113700.0000  -0.545492   0.384837  -0.160655 
   113800.0000  -0.558479   0.385163  -0.173316 
   113900.0000  -0.581507   0.385244  -0.196263 
   114000.0000  -0.580604   0.380339  -0.200265 
   114100.0000  -0.574697   0.388991  -0.185706 
   114200.0000  -0.570797   0.387392  -0.183404 
   114300.0000  -0.572222   0.380958  -0.191265 
   114400.0000  -0.561814   0.383678  -0.178136 
   114500.0000  -0.564098   0.381805  -0.182293 
   114600.0000  -0.550013   0.385640  -0.164373 
   114700.0000  -0.544740   0.396391  -0.148349 
   114800.0000  -0.535412   0.386073  -0.149339 
   114900.0000  -0.536496   0.388530  -0.147966 
   115000.0000  -0.528841   0.388843  -0.139998 
   115100.0000  -0.527229   0.392946  -0.134283 
   115200.0000  -0.542984   0.378891  -0.164092 
   115300.0000  -0.545539   0.387852  -0.157687 
   115400.0000  -0.551577   0.382415  -0.169162 
   115500.0000  -0.563497   0.385597  -0.177900 
   115600.0000  -0.573484   0.385121  -0.188363 
   115700.0000  -0.568518   0.388756  -0.179763 
   115800.0000  -0.571736   0.389060  -0.182676 
   115900.0000  -0.588665   0.382150  -0.206514 
   116000.0000  -0.568255   0.381538  -0.186717 
   116100.0000  -0.560313   0.393565  -0.166748 
   116200.0000  -0.555834   0.390125  -0.165709 
   116300.0000  -0.578314   0.395283  -0.183031 
   116400.0000  -0.563929   0.394779  -0.169150 
   116500.0000  -0.561923   0.378197  -0.183725 
   116600.0000  -0.538435   0.382146  -0.156289 
   116700.0000  -0.523480   0.386670  -0.136810 
   116800.0000  -0.532288   0.389909  -0.142379 
   116900.0000  -0.525002   0.384860  -0.140141 
   117000.0000  -0.521325   0.382315  -0.139010 
   117100.0000  -0.524175   0.378916  -0.145260 
   117200.0000  -0.516497   0.388090  -0.128407 
   117300.0000  -0.511563   0.380768  -0.130795 
   117400.0000  -0.505328   0.395273  -0.110055 
   117500.0000  -0.517157   0.380764  -0.136393 
   117600.0000  -0.525494   0.391080  -0.134414 
   117700.0000  -0.512622   0.389286  -0.123336 
   117800.0000  -0.495939   0.382520  -0.113420 
   117900.0000  -0.512806   0.386458  -0.126348 
   118000.0000  -0.516625   0.388485  -0.128141 
   118100.0000  -0.528425   0.396661  -0.131764 
   118200.0000  -0.529541   0.391959  -0.137582 
   118300.0000  -0.535312   0.393992  -0.141321 
   118400.0000  -0.541510   0.380760  -0.160750 
   118500.0000  -0.537733   0.390869  -0.146864 
   118600.0000  -0.547717   0.384237  -0.163480 
   118700.0000  -0.562754   0.386006  -0.176748 
   118800.0000  -0.565708   0.389478  -0.176229 
   118900.0000  -0.562723   0.380449  -0.182273 
   119000.0000  -0.560471   0.383123  -0.177348 
   119100.0000  -0.562089   0.377366  -0.184723 
   119200.0000  -0.555725   0.402549  -0.153176 
   119300.0000  -0.557982   0.375627  -0.182355 
   119400.0000  -0.560628   0.392489  -0.168139 
   119500.0000  -0.557792   0.387346  -0.170446 
   119600.0000  -0.561778   0.386971  -0.174807 
   119700.0000  -0.556678   0.380041  -0.176636 
   119800.0000  -0.539306   0.385425  -0.153881 
   119900.0000  -0.549240   0.383839  -0.165401 
   120000.0000  -0.529073   0.377036  -0.152036 
   120100.0000  -0.529149   0.383894  -0.145255 
   120200.0000  -0.536905   0.388443  -0.148462 
   120300.0000  -0.547088   0.384381  -0.162707 
   120400.0000  -0.555675   0.388260  -0.167415 
   120500.0000  -0.537761   0.389652  -0.148109 
   120600.0000  -0.545496   0.379902  -0.165594 
   120700.0000  -0.544614   0.396975  -0.147640 
   120800.0000  -0.542384   0.386265  -0.156120 
   120900.0000  -0.531356   0.383294  -0.148062 
   121000.0000  -0.535575   0.385282  -0.150293 
   121100.0000  -0.515005   0.398186  -0.116819 
   121200.0000  -0.506730   0.391100  -0.115630 
   121300.0000  -0.515271   0.389023  -0.126248 
   121400.0000  -0.515701   0.384878  -0.130822 
   121500.0000  -0.510937   0.382960  -0.127977 
   121600.0000  -0.517403   0.385351  -0.132051 
   121700.0000  -0.517043   0.383238  -0.133805 
   121800.0000  -0.505347   0.382340  -0.123007 
   121900.0000  -0.509565   0.396518  -0.113047 
   122000.0000  -0.516474   0.391095  -0.125379 
   122100.0000  -0.514704   0.396528  -0.118176 
   122200.0000  -0.532122   0.383060  -0.149063 
   122300.0000  -0.511047   0.377731  -0.133316 
   122400.0000  -0.499471   0.381093  -0.118379 
   122500.0000  -0.501392   0.388849  -0.112543 
   122600.0000  -0.499489   0.394501  -0.104988 
   122700.0000  -0.500055   0.382235  -0.117820 
   122800.0000  -0.495845   0.400445  -0.095400 
   122900.0000  -0.501046   0.393126  -0.107920 
   123000.0000  -0.508258   0.377663  -0.130596 
   123100.0000  -0.514439   0.382077  -0.132362 
   123200.0000  -0.508511   0.382946  -0.125565 
   123300.0000  -0.499171   0.384534  -0.114637 
   123400.0000  -0.498268   0.385611  -0.112657 
   123500.0000  -0.514976   0.390365  -0.124610 
   123600.0000  -0.493953   0.387303  -0.106651 
   123700.0000  -0.511846   0.382932  -0.128914 
   123800.0000  -0.520755   0.388239  -0.132516 
   123900.0000  -0.511380   0.382801  -0.128578 
   124000.0000  -0.532761   0.387027  -0.145734 
   124100.0000  -0.531717   0.388501  -0.143217 
   124200.0000  -0.532951   0.385108  -0.147843 
   124300.0000  -0.518427   0.383226  -0.135201 
   124400.0000  -0.521824   0.388224  -0.133599 
   124500.0000  -0.515112   0.385310  -0.129802 
   124600.0000  -0.507772   0.380954  -0.126819 
   124700.0000  -0.512255   0.389748  -0.122507 
   124800.0000  -0.517304   0.379805  -0.137499 
   124900.0000  -0.533784   0.398747  -0.135037 
   125000.0000  -0.547803   0.392653  -0.155150 
   125100.0000  -0.561158   0.389649  -0.171509 
   125200.0000  -0.548602   0.380077  -0.168525 
   125300.0000  -0.556719   0.389797  -0.166922 
   125400.0000  -0.561913   0.390120  -0.171793 
   125500.0000  -0.564521   0.389998  -0.174523 
   125600.0000  -0.572195   0.394322  -0.177873 
   125700.0000  -0.546505   0.386118  -0.160387 
   125800.0000  -0.544307   0.380915  -0.163392 
   125900.0000  -0.552314   0.392442  -0.159872 
   126000.0000  -0.537851   0.381512  -0.156338 
   126100.0000  -0.547882   0.387409  -0.160472 
   126200.0000  -0.551295   0.380976  -0.170319 
   126300.0000  -0.562530   0.388444  -0.174086 
   126400.0000  -0.569715   0.390112  -0.179603 
   126500.0000  -0.551952   0.385358  -0.166594 
   126600.0000  -0.543235   0.380313  -0.162923 
   126700.0000  -0.556062   0.392913  -0.163149 
   126800.0000  -0.562250   0.392392  -0.169858 
   126900.0000  -0.555326   0.394047  -0.161279 
   127000.0000  -0.554075   0.387484  -0.166591 
   127100.0000  -0.559559   0.390210  -0.169349 
   127200.0000  -0.545825   0.390590  -0.155235 
   127300.0000  -0.540434   0.385279  -0.155155 
   127400.0000  -0.539179   0.384022  -0.155157 
   127500.0000  -0.535634   0.386342  -0.149291 
   127600.0000  -0.538517   0.390192  -0.148325 
   127700.0000  -0.537461   0.387465  -0.149997 
   127800.0000  -0.541341   0.386802  -0.154539 
   127900.0000  -0.540916   0.388912  -0.152004 
   128000.0000  -0.527239   0.393803  -0.133436 
   128100.0000  -0.539602   0.390521  -0.149081 
   128200.0000  -0.554104   0.387986  -0.166118 
   128300.0000  -0.548064   0.382570  -0.165494 
   128400.0000  -0.556977   0.380937  -0.176041 
   128500.0000  -0.541320   0.387435  -0.153884 
   128600.0000  -0.552134   0.388388  -0.163746 
   128700.0000  -0.535134   0.382575  -0.152558 
   128800.0000  -0.549958   0.395978  -0.153981 
   128900.0000  -0.560417   0.382892  -0.177525 
   129000.0000  -0.558230   0.393939  -0.164291 
   129100.0000  -0.543741   0.385782  -0.157958 
   129200.0000  -0.559352   0.372785  -0.186567 
   129300.0000  -0.530599   0.387276  -0.143323 
   129400.0000  -0.552845   0.392355  -0.160490 
   129500.0000  -0.565180   0.380507  -0.184673 
   129600.0000  -0.552744   0.382412  -0.170333 
   129700.0000  -0.542679   0.396422  -0.146258 
   129800.0000  -0.554930   0.392600  -0.162330 
   129900.0000  -0.559343   0.392320  -0.167023 
   130000.0000  -0.558168   0.378871  -0.179297 
   130100.0000  -0.552739   0.385223  -0.167516 
   130200.0000  -0.541918   0.388250  -0.153668 
   130300.0000  -0.549585   0.390811  -0.158774 
   130400.0000  -0.554215   0.389298  -0.164917 
   130500.0000  -0.546945   0.394607  -0.152338 
   130600.0000  -0.536545   0.386348  -0.150196 
   130700.0000  -0.544039   0.383626  -0.160413 
   130800.0000  -0.559951   0.389034  -0.170918 
   130900.0000  -0.562193   0.379656  -0.182537 
   131000.0000  -0.559663   0.390947  -0.168717 
   131100.0000  -0.566683   0.385333  -0.181350 
   131200.0000  -0.565117   0.391627  -0.173490 
   131300.0000  -0.552364   0.384163  -0.168201 
   131400.0000  -0.556443   0.384798  -0.171645 
   131500.0000  -0.568486   0.395411  -0.173074 
   131600.0000  -0.570415   0.395494  -0.174920 
   131700.0000  -0.570528   0.383786  -0.186742 
   131800.0000  -0.585602   0.384949  -0.200653 
   131900.0000  -0.564695   0.381684  -0.183011 
   132000.0000  -0.572897   0.390692  -0.182205 
   132100.0000  -0.575665   0.389826  -0.185839 
   132200.0000  -0.574760   0.382910  -0.191850 
   132300.0000  -0.575850   0.390159  -0.185691 
   132400.0000  -0.565262   0.394420  -0.170842 
   132500.0000  -0.566535   0.389893  -0.176643 
   132600.0000  -0.575243   0.390297  -0.184946 
   132700.0000  -0.593740   0.383742  -0.209998 
   132800.0000  -0.582218   0.382808  -0.199410 
   132900.0000  -0.581499   0.397835  -0.183665 
   133000.0000  -0.576790   0.388241  -0.188549 
   133100.0000  -0.578149   0.389394  -0.188755 
   133200.0000  -0.584734   0.394097  -0.190637 
   133300.0000  -0.592602   0.385747  -0.206854 
   133400.0000  -0.581520   0.390776  -0.190744 
   133500.0000  -0.581441   0.393764  -0.187677 
   133600.0000  -0.583039   0.388997  -0.194042 
   133700.0000  -0.573559   0.385918  -0.187641 
   133800.0000  -0.569062   0.394454  -0.174609 
   133900.0000  -0.563885   0.382385  -0.181499 
   134000.0000  -0.575149   0.384498  -0.190651 
   134100.0000  -0.578353   0.387761  -0.190593 
   134200.0000  -0.572241   0.392030  -0.180211 
   134300.0000  -0.571716   0.383201  -0.188515 
   134400.0000  -0.563960   0.391042  -0.172918 
   134500.0000  -0.558508   0.381583  -0.176925 
   134600.0000  -0.550370   0.390872  -0.159498 
   134700.0000  -0.566807   0.386248  -0.180559 
   134800.0000  -0.575363   0.391532  -0.183831 
   134900.0000  -0.565206   0.384921  -0.180285 
   135000.0000  -0.569787   0.389410  -0.180378 
   135100.0000  -0.564305   0.383004  -0.181300 
   135200.0000  -0.576879   0.392443  -0.184436 
   135300.0000  -0.571522   0.385405  -0.186117 
   135400.0000  -0.570193   0.389559  -0.180634 
   135500.0000  -0.557788   0.389539  -0.168249 
   135600.0000  -0.553528   0.384340  -0.169188 
   135700.0000  -0.525911   0.381639  -0.144272 
   135800.0000  -0.540311   0.386293  -0.154019 
   135900.0000  -0.544500   0.383389  -0.161110 
   136000.0000  -0.554851   0.388467  -0.166384 
   136100.0000  -0.547068   0.382416  -0.164652 
   136200.0000  -0.543413   0.382311  -0.161102 
   136300.0000  -0.543989   0.393684  -0.150305 
   136400.0000  -0.547340   0.381043  -0.166297 
   136500.0000  -0.543200   0.387964  -0.155236 
   136600.0000  -0.549017   0.369196  -0.179821 
   136700.0000  -0.560814   0.391021  -0.169793 
   136800.0000  -0.580024   0.396906  -0.183118 
   136900.0000  -0.582176   0.392651  -0.189526 
   137000.0000  -0.572296   0.383972  -0.188324 
   137100.0000  -0.574106   0.386750  -0.187356 
   137200.0000  -0.562928   0.384737  -0.178191 
   137300.0000  -0.560139   0.385418  -0.174721 
   137400.0000  -0.537421   0.387022  -0.150399 
   137500.0000  -0.525130   0.381093  -0.144037 
   137600.0000  -0.546101   0.388156  -0.157945 
   137700.0000  -0.556702   0.386162  -0.170540 
   137800.0000  -0.555555   0.392912  -0.162643 
   137900.0000  -0.557885   0.389340  -0.168544 
   138000.0000  -0.548628   0.386542  -0.162087 
   138100.0000  -0.529727   0.379807  -0.149919 
   138200.0000  -0.532724   0.391871  -0.140853 
   138300.0000  -0.540089   0.396859  -0.143230 
   138400.0000  -0.534471   0.383997  -0.150474 
   138500.0000  -0.534500   0.385689  -0.148811 
   138600.0000  -0.538452   0.397627  -0.140825 
   138700.0000  -0.530803   0.387445  -0.143358 
   138800.0000  -0.521144   0.390004  -0.131141 
   138900.0000  -0.529481   0.392974  -0.136507 
   139000.0000  -0.541628   0.391591  -0.150037 
   139100.0000  -0.556264   0.384122  -0.172141 
   139200.0000  -0.546469   0.380698  -0.165771 
   139300.0000  -0.535629   0.388919  -0.146710 
   139400.0000  -0.529562   0.379188  -0.150374 
   139500.0000  -0.522144   0.384404  -0.137740 
   139600.0000  -0.516025   0.381155  -0.134871 
   139700.0000  -0.529984   0.380908  -0.149076 
   139800.0000  -0.528008   0.382265  -0.145743 
   139900.0000  -0.544790   0.396017  -0.148773 
   140000.0000  -0.536729   0.387247  -0.149482 
   140100.0000  -0.549900   0.383733  -0.166167 
   140200.0000  -0.535798   0.387304  -0.148494 
   140300.0000  -0.537869   0.392463  -0.145405 
   140400.0000  -0.540638   0.382573  -0.158065 
