        0.0000   1.166920   0.301004   1.467924 
      100.0000  -0.073880   0.301652   0.227772 
      200.0000  -0.139550   0.306605   0.167055 
      300.0000  -0.211362   0.300947   0.089584 
      400.0000  -0.270864   0.311274   0.040410 
      500.0000  -0.362039   0.305672  -0.056367 
      600.0000  -0.435734   0.305900  -0.129834 
      700.0000  -0.497048   0.305833  -0.191215 
      800.0000  -0.565092   0.302372  -0.262720 
      900.0000  -0.618979   0.298619  -0.320359 
     1000.0000  -0.676230   0.301936  -0.374294 
     1100.0000  -0.712832   0.296708  -0.416124 
     1200.0000  -0.762273   0.303204  -0.459069 
     1300.0000  -0.806640   0.299648  -0.506991 
     1400.0000  -0.848620   0.301180  -0.547439 
     1500.0000  -0.902924   0.303071  -0.599852 
     1600.0000  -0.952144   0.303705  -0.648439 
     1700.0000  -0.995294   0.304039  -0.691255 
     1800.0000  -1.027722   0.300854  -0.726868 
     1900.0000  -1.061608   0.304342  -0.757267 
     2000.0000  -1.090763   0.298545  -0.792218 
     2100.0000  -1.127821   0.304682  -0.823140 
     2200.0000  -1.152352   0.297211  -0.855142 
     2300.0000  -1.170013   0.303856  -0.866158 
     2400.0000  -1.192914   0.297904  -0.895010 
     2500.0000  -1.214115   0.304539  -0.909576 
     2600.0000  -1.232778   0.307809  -0.924970 
     2700.0000  -1.242395   0.303829  -0.938566 
     2800.0000  -1.258739   0.303415  -0.955323 
     2900.0000  -1.283038   0.295414  -0.987625 
     3000.0000  -1.299048   0.303887  -0.995161 
     3100.0000  -1.311745   0.294443  -1.017302 
     3200.0000  -1.326493   0.294646  -1.031847 
     3300.0000  -1.343549   0.299872  -1.043677 
     3400.0000  -1.356138   0.303287  -1.052852 
     3500.0000  -1.376269   0.298753  -1.077515 
     3600.0000  -1.395679   0.302016  -1.093663 
     3700.0000  -1.406768   0.304344  -1.102424 
     3800.0000  -1.418894   0.297114  -1.121780 
     3900.0000  -1.426787   0.301931  -1.124856 
     4000.0000  -1.447898   0.297955  -1.149942 
     4100.0000  -1.454496   0.298537  -1.155959 
     4200.0000  -1.452976   0.303183  -1.149792 
     4300.0000  -1.468644   0.301866  -1.166777 
     4400.0000  -1.487169   0.302341  -1.184828 
     4500.0000  -1.502210   0.298104  -1.204106 
     4600.0000  -1.514687   0.306719  -1.207968 
     4700.0000  -1.523796   0.300787  -1.223008 
     4800.0000  -1.521624   0.293854  -1.227770 
     4900.0000  -1.527034   0.295206  -1.231829 
     5000.0000  -1.546653   0.303394  -1.243259 
     5100.0000  -1.554087   0.302476  -1.251610 
     5200.0000  -1.550371   0.311508  -1.238864 
     5300.0000  -1.569879   0.310027  -1.259852 
     5400.0000  -1.582051   0.302908  -1.279143 
     5500.0000  -1.585995   0.295955  -1.290041 
     5600.0000  -1.589106   0.302141  -1.286965 
     5700.0000  -1.603577   0.303804  -1.299773 
     5800.0000  -1.611234   0.303089  -1.308145 
     5900.0000  -1.602004   0.302198  -1.299806 
     6000.0000  -1.613950   0.301313  -1.312636 
     6100.0000  -1.622309   0.302692  -1.319618 
     6200.0000  -1.625599   0.299801  -1.325799 
     6300.0000  -1.633346   0.296224  -1.337122 
     6400.0000  -1.642489   0.294528  -1.347961 
     6500.0000  -1.643353   0.297267  -1.346086 
     6600.0000  -1.641040   0.301004  -1.340036 
     6700.0000  -1.649406   0.304365  -1.345041 
     6800.0000  -1.653338   0.304246  -1.349093 
     6900.0000  -1.654937   0.290458  -1.364479 
     7000.0000  -1.662314   0.303967  -1.358347 
     7100.0000  -1.660841   0.297006  -1.363835 
     7200.0000  -1.667696   0.296992  -1.370704 
     7300.0000  -1.657783   0.294505  -1.363278 
     7400.0000  -1.664084   0.302404  -1.361680 
     7500.0000  -1.660361   0.298119  -1.362241 
     7600.0000  -1.668286   0.300815  -1.367471 
     7700.0000  -1.676399   0.301168  -1.375231 
     7800.0000  -1.689564   0.295273  -1.394291 
     7900.0000  -1.696325   0.306750  -1.389574 
     8000.0000  -1.701141   0.297589  -1.403552 
     8100.0000  -1.693872   0.301106  -1.392766 
     8200.0000  -1.709926   0.300217  -1.409709 
     8300.0000  -1.709587   0.304371  -1.405215 
     8400.0000  -1.714252   0.303510  -1.410742 
     8500.0000  -1.710945   0.301053  -1.409892 
     8600.0000  -1.711951   0.294983  -1.416968 
     8700.0000  -1.714317   0.298690  -1.415627 
     8800.0000  -1.720685   0.301021  -1.419664 
     8900.0000  -1.721126   0.296387  -1.424739 
     9000.0000  -1.721741   0.298044  -1.423697 
     9100.0000  -1.731813   0.299705  -1.432108 
     9200.0000  -1.742188   0.306390  -1.435798 
     9300.0000  -1.740280   0.303629  -1.436651 
     9400.0000  -1.745031   0.297279  -1.447752 
     9500.0000  -1.752814   0.298887  -1.453928 
     9600.0000  -1.755671   0.298824  -1.456846 
     9700.0000  -1.752652   0.301679  -1.450972 
     9800.0000  -1.744687   0.299036  -1.445651 
     9900.0000  -1.755797   0.305830  -1.449966 
    10000.0000  -1.752514   0.301953  -1.450561 
    10100.0000  -1.757185   0.299471  -1.457714 
    10200.0000  -1.764024   0.299936  -1.464089 
    10300.0000  -1.759003   0.302766  -1.456237 
    10400.0000  -1.759999   0.300705  -1.459294 
    10500.0000  -1.765822   0.304132  -1.461690 
    10600.0000  -1.763219   0.298681  -1.464539 
    10700.0000  -1.766871   0.300236  -1.466635 
    10800.0000  -1.763756   0.310335  -1.453421 
    10900.0000  -1.778393   0.295061  -1.483332 
    11000.0000  -1.781875   0.298694  -1.483181 
    11100.0000  -1.781515   0.299552  -1.481963 
    11200.0000  -1.789041   0.297425  -1.491616 
    11300.0000  -1.783606   0.296048  -1.487558 
    11400.0000  -1.791936   0.304873  -1.487064 
    11500.0000  -1.793141   0.297497  -1.495644 
    11600.0000  -1.793490   0.301603  -1.491886 
    11700.0000  -1.790544   0.299629  -1.490915 
    11800.0000  -1.785129   0.294603  -1.490526 
    11900.0000  -1.788937   0.301449  -1.487488 
    12000.0000  -1.792932   0.298387  -1.494545 
    12100.0000  -1.795994   0.298417  -1.497577 
    12200.0000  -1.797453   0.296910  -1.500543 
    12300.0000  -1.798009   0.294008  -1.504001 
    12400.0000  -1.806379   0.301813  -1.504566 
    12500.0000  -1.804687   0.292073  -1.512614 
    12600.0000  -1.805658   0.299859  -1.505799 
    12700.0000  -1.801687   0.293619  -1.508069 
    12800.0000  -1.806321   0.298297  -1.508025 
    12900.0000  -1.816701   0.300662  -1.516039 
    13000.0000  -1.816451   0.301686  -1.514765 
    13100.0000  -1.811277   0.298111  -1.513165 
    13200.0000  -1.811762   0.297412  -1.514350 
    13300.0000  -1.825543   0.295522  -1.530021 
    13400.0000  -1.821919   0.304552  -1.517367 
    13500.0000  -1.825425   0.302819  -1.522607 
    13600.0000  -1.817446   0.300145  -1.517301 
    13700.0000  -1.815072   0.297830  -1.517242 
    13800.0000  -1.807865   0.307323  -1.500542 
    13900.0000  -1.821808   0.302264  -1.519545 
    14000.0000  -1.814315   0.299920  -1.514395 
    14100.0000  -1.823309   0.302356  -1.520954 
    14200.0000  -1.825253   0.296115  -1.529138 
    14300.0000  -1.831995   0.304891  -1.527104 
    14400.0000  -1.829780   0.289334  -1.540446 
    14500.0000  -1.834074   0.300645  -1.533429 
    14600.0000  -1.824224   0.297867  -1.526356 
    14700.0000  -1.828631   0.300095  -1.528536 
    14800.0000  -1.828819   0.303635  -1.525184 
    14900.0000  -1.834327   0.299446  -1.534881 
    15000.0000  -1.834127   0.294578  -1.539549 
    15100.0000  -1.824957   0.299318  -1.525639 
    15200.0000  -1.837647   0.299230  -1.538416 
    15300.0000  -1.834597   0.294982  -1.539615 
    15400.0000  -1.831175   0.291127  -1.540048 
    15500.0000  -1.834892   0.294902  -1.539990 
    15600.0000  -1.836070   0.294173  -1.541896 
    15700.0000  -1.833738   0.301162  -1.532577 
    15800.0000  -1.840304   0.300142  -1.540161 
    15900.0000  -1.834872   0.300839  -1.534033 
    16000.0000  -1.833084   0.300274  -1.532810 
    16100.0000  -1.844170   0.302467  -1.541702 
    16200.0000  -1.832012   0.302440  -1.529571 
    16300.0000  -1.840054   0.301311  -1.538742 
    16400.0000  -1.848156   0.306784  -1.541372 
    16500.0000  -1.844241   0.305749  -1.538491 
    16600.0000  -1.853571   0.297879  -1.555691 
    16700.0000  -1.845985   0.293208  -1.552777 
    16800.0000  -1.855268   0.303491  -1.551778 
    16900.0000  -1.850779   0.297934  -1.552845 
    17000.0000  -1.859733   0.304645  -1.555088 
    17100.0000  -1.852428   0.294280  -1.558148 
    17200.0000  -1.857589   0.299254  -1.558335 
    17300.0000  -1.861084   0.307267  -1.553818 
    17400.0000  -1.860087   0.297785  -1.562302 
    17500.0000  -1.861658   0.300929  -1.560729 
    17600.0000  -1.868033   0.303789  -1.564244 
    17700.0000  -1.866737   0.303594  -1.563143 
    17800.0000  -1.863073   0.295182  -1.567891 
    17900.0000  -1.864566   0.305350  -1.559216 
    18000.0000  -1.864736   0.300497  -1.564239 
    18100.0000  -1.865435   0.300486  -1.564949 
    18200.0000  -1.873813   0.295547  -1.578266 
    18300.0000  -1.871626   0.302724  -1.568902 
    18400.0000  -1.865855   0.298983  -1.566872 
    18500.0000  -1.867269   0.305241  -1.562028 
    18600.0000  -1.866831   0.303052  -1.563779 
    18700.0000  -1.875519   0.304104  -1.571415 
    18800.0000  -1.869692   0.299655  -1.570037 
    18900.0000  -1.874427   0.299956  -1.574470 
    19000.0000  -1.870889   0.290892  -1.579996 
    19100.0000  -1.881404   0.299247  -1.582157 
    19200.0000  -1.871990   0.293593  -1.578398 
    19300.0000  -1.879430   0.295510  -1.583919 
    19400.0000  -1.873884   0.303535  -1.570348 
    19500.0000  -1.875548   0.292391  -1.583157 
    19600.0000  -1.873429   0.300014  -1.573415 
    19700.0000  -1.873507   0.297000  -1.576507 
    19800.0000  -1.872081   0.297039  -1.575043 
    19900.0000  -1.874127   0.302233  -1.571895 
    20000.0000  -1.876234   0.295924  -1.580310 
    20100.0000  -1.881591   0.303453  -1.578138 
    20200.0000  -1.881627   0.301930  -1.579697 
    20300.0000  -1.878573   0.299257  -1.579316 
    20400.0000  -1.876660   0.301209  -1.575451 
    20500.0000  -1.875967   0.303413  -1.572555 
    20600.0000  -1.872930   0.299953  -1.572978 
    20700.0000  -1.876396   0.300175  -1.576221 
    20800.0000  -1.875188   0.295981  -1.579207 
    20900.0000  -1.878636   0.299921  -1.578714 
    21000.0000  -1.880538   0.298608  -1.581930 
    21100.0000  -1.882949   0.296657  -1.586292 
    21200.0000  -1.885073   0.304094  -1.580980 
    21300.0000  -1.885314   0.301896  -1.583419 
    21400.0000  -1.884923   0.306032  -1.578891 
    21500.0000  -1.884703   0.299249  -1.585454 
    21600.0000  -1.890781   0.306918  -1.583863 
    21700.0000  -1.887136   0.293577  -1.593559 
    21800.0000  -1.886898   0.302742  -1.584156 
    21900.0000  -1.885679   0.302628  -1.583051 
    22000.0000  -1.886119   0.303155  -1.582964 
    22100.0000  -1.890463   0.291779  -1.598684 
    22200.0000  -1.886846   0.302545  -1.584301 
    22300.0000  -1.882249   0.305268  -1.576982 
    22400.0000  -1.890843   0.295090  -1.595753 
    22500.0000  -1.888665   0.303033  -1.585632 
    22600.0000  -1.892075   0.297048  -1.595027 
    22700.0000  -1.896516   0.294801  -1.601715 
    22800.0000  -1.905242   0.301614  -1.603628 
    22900.0000  -1.904453   0.299130  -1.605323 
    23000.0000  -1.899756   0.299606  -1.600150 
    23100.0000  -1.898528   0.297010  -1.601519 
    23200.0000  -1.892682   0.301334  -1.591348 
    23300.0000  -1.896482   0.303056  -1.593427 
    23400.0000  -1.899257   0.298582  -1.600675 
    23500.0000  -1.900509   0.304133  -1.596376 
    23600.0000  -1.906533   0.297494  -1.609039 
    23700.0000  -1.906295   0.297808  -1.608487 
    23800.0000  -1.904095   0.300635  -1.603459 
    23900.0000  -1.902091   0.294174  -1.607917 
    24000.0000  -1.913206   0.299174  -1.614032 
    24100.0000  -1.909516   0.303849  -1.605667 
    24200.0000  -1.909117   0.291894  -1.617223 
    24300.0000  -1.909936   0.300425  -1.609511 
    24400.0000  -1.911138   0.302715  -1.608423 
    24500.0000  -1.912003   0.299839  -1.612164 
    24600.0000  -1.912707   0.298408  -1.614299 
    24700.0000  -1.911373   0.301299  -1.610074 
    24800.0000  -1.915710   0.297318  -1.618392 
    24900.0000  -1.910839   0.290914  -1.619925 
    25000.0000  -1.909987   0.304586  -1.605401 
    25100.0000  -1.904176   0.301136  -1.603041 
    25200.0000  -1.907149   0.299914  -1.607235 
    25300.0000  -1.909954   0.296323  -1.613631 
    25400.0000  -1.907112   0.299718  -1.607393 
    25500.0000  -1.912989   0.311552  -1.601437 
    25600.0000  -1.908154   0.298783  -1.609372 
    25700.0000  -1.905401   0.300660  -1.604741 
    25800.0000  -1.913992   0.294307  -1.619685 
    25900.0000  -1.907313   0.299494  -1.607820 
    26000.0000  -1.903846   0.301702  -1.602144 
    26100.0000  -1.902067   0.301716  -1.600351 
    26200.0000  -1.911518   0.302702  -1.608816 
    26300.0000  -1.922339   0.300135  -1.622204 
    26400.0000  -1.917638   0.302777  -1.614861 
    26500.0000  -1.924900   0.297692  -1.627208 
    26600.0000  -1.919320   0.304187  -1.615133 
    26700.0000  -1.921434   0.305614  -1.615819 
    26800.0000  -1.916803   0.300163  -1.616639 
    26900.0000  -1.918607   0.301433  -1.617173 
    27000.0000  -1.923636   0.301984  -1.621653 
    27100.0000  -1.920488   0.300191  -1.620296 
    27200.0000  -1.912436   0.300924  -1.611512 
    27300.0000  -1.915208   0.302549  -1.612658 
    27400.0000  -1.924168   0.303206  -1.620962 
    27500.0000  -1.921700   0.301231  -1.620469 
    27600.0000  -1.922939   0.302199  -1.620741 
    27700.0000  -1.917486   0.299166  -1.618320 
    27800.0000  -1.922712   0.297276  -1.625436 
    27900.0000  -1.920283   0.301026  -1.619257 
    28000.0000  -1.917166   0.310239  -1.606928 
    28100.0000  -1.918903   0.304801  -1.614102 
    28200.0000  -1.910159   0.300386  -1.609773 
    28300.0000  -1.913623   0.293773  -1.619850 
    28400.0000  -1.914734   0.303959  -1.610775 
    28500.0000  -1.917518   0.306258  -1.611260 
    28600.0000  -1.914955   0.297154  -1.617800 
    28700.0000  -1.917762   0.304356  -1.613405 
    28800.0000  -1.911186   0.303086  -1.608100 
    28900.0000  -1.916357   0.300417  -1.615940 
    29000.0000  -1.920620   0.300334  -1.620286 
    29100.0000  -1.915929   0.298180  -1.617749 
    29200.0000  -1.919775   0.299661  -1.620114 
    29300.0000  -1.929860   0.301728  -1.628132 
    29400.0000  -1.928309   0.299402  -1.628907 
    29500.0000  -1.921697   0.302074  -1.619624 
    29600.0000  -1.934502   0.300398  -1.634104 
    29700.0000  -1.933524   0.301496  -1.632028 
    29800.0000  -1.929585   0.301003  -1.628582 
    29900.0000  -1.938492   0.299125  -1.639367 
    30000.0000  -1.932795   0.303335  -1.629460 
    30100.0000  -1.927026   0.306060  -1.620966 
    30200.0000  -1.931047   0.292739  -1.638308 
    30300.0000  -1.931668   0.304584  -1.627085 
    30400.0000  -1.926767   0.299290  -1.627477 
    30500.0000  -1.930168   0.299686  -1.630482 
    30600.0000  -1.926774   0.305539  -1.621235 
    30700.0000  -1.928238   0.294495  -1.633744 
    30800.0000  -1.929281   0.307303  -1.621977 
    30900.0000  -1.936280   0.303112  -1.633168 
    31000.0000  -1.932969   0.301909  -1.631060 
    31100.0000  -1.933970   0.295693  -1.638277 
    31200.0000  -1.938705   0.303506  -1.635199 
    31300.0000  -1.934189   0.298042  -1.636147 
    31400.0000  -1.939002   0.302871  -1.636131 
    31500.0000  -1.937867   0.296283  -1.641585 
    31600.0000  -1.933790   0.297331  -1.636460 
    31700.0000  -1.934566   0.294338  -1.640228 
    31800.0000  -1.935724   0.299349  -1.636375 
    31900.0000  -1.937232   0.306759  -1.630473 
    32000.0000  -1.936881   0.302629  -1.634252 
    32100.0000  -1.946802   0.297236  -1.649566 
    32200.0000  -1.943415   0.303679  -1.639736 
    32300.0000  -1.945700   0.295960  -1.649739 
    32400.0000  -1.949956   0.300290  -1.649667 
    32500.0000  -1.937889   0.296831  -1.641059 
    32600.0000  -1.943660   0.301945  -1.641715 
    32700.0000  -1.939425   0.296491  -1.642935 
    32800.0000  -1.941453   0.297275  -1.644178 
    32900.0000  -1.941848   0.297873  -1.643975 
    33000.0000  -1.936680   0.295839  -1.640840 
    33100.0000  -1.941067   0.307616  -1.633451 
    33200.0000  -1.950905   0.302054  -1.648851 
    33300.0000  -1.949721   0.299625  -1.650096 
    33400.0000  -1.944739   0.298214  -1.646526 
    33500.0000  -1.944920   0.300149  -1.644770 
    33600.0000  -1.948201   0.295982  -1.652219 
    33700.0000  -1.957097   0.307114  -1.649983 
    33800.0000  -1.954536   0.306279  -1.648256 
    33900.0000  -1.951266   0.303365  -1.647901 
    34000.0000  -1.943760   0.299709  -1.644051 
    34100.0000  -1.947801   0.299531  -1.648270 
    34200.0000  -1.947684   0.295931  -1.651753 
    34300.0000  -1.948161   0.294037  -1.654124 
    34400.0000  -1.939287   0.306993  -1.632294 
    34500.0000  -1.948826   0.302740  -1.646086 
    34600.0000  -1.947536   0.295156  -1.652380 
    34700.0000  -1.953576   0.301048  -1.652528 
    34800.0000  -1.958830   0.304452  -1.654378 
    34900.0000  -1.947636   0.302622  -1.645014 
    35000.0000  -1.949713   0.299809  -1.649904 
    35100.0000  -1.956595   0.296369  -1.660226 
    35200.0000  -1.945353   0.297166  -1.648187 
    35300.0000  -1.954826   0.300820  -1.654006 
    35400.0000  -1.953620   0.300010  -1.653610 
    35500.0000  -1.957844   0.293158  -1.664686 
    35600.0000  -1.965438   0.307533  -1.657905 
    35700.0000  -1.960668   0.304055  -1.656613 
    35800.0000  -1.959292   0.294484  -1.664808 
    35900.0000  -1.954743   0.302415  -1.652328 
    36000.0000  -1.962852   0.297625  -1.665227 
    36100.0000  -1.961364   0.308650  -1.652713 
    36200.0000  -1.958290   0.306444  -1.651846 
    36300.0000  -1.953045   0.307802  -1.645243 
    36400.0000  -1.963164   0.297702  -1.665462 
    36500.0000  -1.964279   0.293839  -1.670440 
    36600.0000  -1.962834   0.300240  -1.662593 
    36700.0000  -1.965304   0.298719  -1.666585 
    36800.0000  -1.971062   0.296036  -1.675027 
    36900.0000  -1.963404   0.304291  -1.659113 
    37000.0000  -1.961281   0.304022  -1.657259 
    37100.0000  -1.964584   0.305917  -1.658667 
    37200.0000  -1.959318   0.298053  -1.661266 
    37300.0000  -1.961387   0.302654  -1.658732 
    37400.0000  -1.964580   0.298382  -1.666198 
    37500.0000  -1.960853   0.300259  -1.660594 
    37600.0000  -1.964147   0.300977  -1.663171 
    37700.0000  -1.960506   0.309600  -1.650906 
    37800.0000  -1.958420   0.300545  -1.657876 
    37900.0000  -1.961033   0.303774  -1.657259 
    38000.0000  -1.959530   0.298348  -1.661183 
    38100.0000  -1.966384   0.301253  -1.665130 
    38200.0000  -1.966727   0.300533  -1.666194 
    38300.0000  -1.960461   0.298785  -1.661677 
    38400.0000  -1.965839   0.300723  -1.665116 
    38500.0000  -1.969626   0.300551  -1.669074 
    38600.0000  -1.961887   0.292900  -1.668987 
    38700.0000  -1.966618   0.304161  -1.662457 
    38800.0000  -1.968702   0.305892  -1.662810 
    38900.0000  -1.971576   0.295695  -1.675881 
    39000.0000  -1.965850   0.305760  -1.660090 
    39100.0000  -1.967553   0.291807  -1.675746 
    39200.0000  -1.965405   0.301179  -1.664225 
    39300.0000  -1.969115   0.302630  -1.666486 
    39400.0000  -1.961086   0.299405  -1.661681 
    39500.0000  -1.968938   0.307793  -1.661145 
    39600.0000  -1.973148   0.303924  -1.669224 
    39700.0000  -1.971979   0.309073  -1.662906 
    39800.0000  -1.980244   0.307997  -1.672247 
    39900.0000  -1.979351   0.302665  -1.676685 
    40000.0000  -1.974278   0.298396  -1.675882 
    40100.0000  -1.975637   0.292641  -1.682996 
    40200.0000  -1.973779   0.300000  -1.673779 
    40300.0000  -1.975395   0.304382  -1.671012 
    40400.0000  -1.974683   0.300412  -1.674271 
    40500.0000  -1.975958   0.300686  -1.675272 
    40600.0000  -1.968004   0.298762  -1.669242 
    40700.0000  -1.972615   0.297364  -1.675251 
    40800.0000  -1.977021   0.303939  -1.673082 
    40900.0000  -1.980506   0.300626  -1.679880 
    41000.0000  -1.977762   0.297102  -1.680660 
    41100.0000  -1.982881   0.300247  -1.682634 
    41200.0000  -1.977142   0.303842  -1.673300 
    41300.0000  -1.974025   0.299041  -1.674984 
    41400.0000  -1.964187   0.300345  -1.663842 
    41500.0000  -1.968926   0.303192  -1.665734 
    41600.0000  -1.976885   0.298657  -1.678228 
    41700.0000  -1.982291   0.295235  -1.687056 
    41800.0000  -1.983512   0.296569  -1.686943 
    41900.0000  -1.982514   0.298739  -1.683776 
    42000.0000  -1.982578   0.300652  -1.681926 
    42100.0000  -1.979769   0.303968  -1.675801 
    42200.0000  -1.983812   0.293779  -1.690033 
    42300.0000  -1.985710   0.303901  -1.681809 
    42400.0000  -1.986045   0.297894  -1.688151 
    42500.0000  -1.980213   0.307327  -1.672885 
    42600.0000  -1.978846   0.293735  -1.685110 
    42700.0000  -1.982071   0.298810  -1.683261 
    42800.0000  -1.984040   0.300749  -1.683291 
    42900.0000  -1.983249   0.295501  -1.687747 
    43000.0000  -1.979437   0.298524  -1.680913 
    43100.0000  -1.983057   0.303103  -1.679954 
    43200.0000  -1.981008   0.304267  -1.676741 
    43300.0000  -1.974211   0.295849  -1.678362 
    43400.0000  -1.978676   0.297706  -1.680969 
    43500.0000  -1.970338   0.296954  -1.673384 
    43600.0000  -1.980657   0.296029  -1.684628 
    43700.0000  -1.980247   0.303863  -1.676384 
    43800.0000  -1.978432   0.295444  -1.682988 
    43900.0000  -1.980416   0.303320  -1.677095 
    44000.0000  -1.976655   0.298472  -1.678182 
    44100.0000  -1.983900   0.304461  -1.679439 
    44200.0000  -1.980832   0.301927  -1.678905 
    44300.0000  -1.984527   0.292621  -1.691906 
    44400.0000  -1.991122   0.295523  -1.695599 
    44500.0000  -1.980248   0.299338  -1.680910 
    44600.0000  -1.984244   0.304046  -1.680198 
    44700.0000  -1.985359   0.305170  -1.680189 
    44800.0000  -1.986120   0.302692  -1.683428 
    44900.0000  -1.981881   0.301893  -1.679988 
    45000.0000  -1.982673   0.303117  -1.679556 
    45100.0000  -1.984135   0.303988  -1.680147 
    45200.0000  -1.985789   0.295367  -1.690423 
    45300.0000  -1.988986   0.304992  -1.683994 
    45400.0000  -1.984775   0.305256  -1.679519 
    45500.0000  -1.983080   0.305389  -1.677691 
    45600.0000  -1.994969   0.298461  -1.696507 
    45700.0000  -1.987718   0.295441  -1.692278 
    45800.0000  -1.978455   0.302081  -1.676374 
    45900.0000  -1.986306   0.299250  -1.687056 
    46000.0000  -1.982298   0.303691  -1.678607 
    46100.0000  -1.982411   0.304553  -1.677858 
    46200.0000  -1.984901   0.299664  -1.685237 
    46300.0000  -1.975706   0.303134  -1.672572 
    46400.0000  -1.983964   0.293851  -1.690113 
    46500.0000  -1.984480   0.292093  -1.692387 
    46600.0000  -1.983858   0.297594  -1.686264 
    46700.0000  -1.982741   0.290628  -1.692113 
    46800.0000  -1.983065   0.304042  -1.679022 
    46900.0000  -1.987619   0.300676  -1.686942 
    47000.0000  -1.982783   0.298433  -1.684351 
    47100.0000  -1.983049   0.300491  -1.682558 
    47200.0000  -1.978880   0.299382  -1.679499 
    47300.0000  -1.984650   0.299898  -1.684753 
    47400.0000  -1.988909   0.301603  -1.687306 
    47500.0000  -1.977446   0.309566  -1.667880 
    47600.0000  -1.988038   0.297372  -1.690666 
    47700.0000  -1.985822   0.301350  -1.684472 
    47800.0000  -1.992306   0.300136  -1.692171 
    47900.0000  -1.988775   0.293683  -1.695092 
    48000.0000  -1.983578   0.301966  -1.681612 
    48100.0000  -1.984899   0.291471  -1.693428 
    48200.0000  -1.991118   0.294080  -1.697038 
    48300.0000  -1.982246   0.301287  -1.680959 
    48400.0000  -1.981490   0.290477  -1.691012 
    48500.0000  -1.991234   0.299328  -1.691906 
    48600.0000  -1.990282   0.303063  -1.687219 
    48700.0000  -1.993686   0.303859  -1.689828 
    48800.0000  -1.985789   0.298392  -1.687396 
    48900.0000  -1.993157   0.300271  -1.692887 
    49000.0000  -1.988622   0.296962  -1.691660 
    49100.0000  -1.989497   0.301302  -1.688196 
    49200.0000  -1.986544   0.295887  -1.690656 
    49300.0000  -1.987674   0.300576  -1.687098 
    49400.0000  -1.995266   0.304838  -1.690427 
    49500.0000  -1.991029   0.295713  -1.695316 
    49600.0000  -1.998550   0.297421  -1.701129 
    49700.0000  -1.996843   0.297803  -1.699040 
    49800.0000  -2.009156   0.304253  -1.704903 
    49900.0000  -2.000676   0.301034  -1.699642 
    50000.0000  -2.004942   0.302846  -1.702096 
    50100.0000  -1.997740   0.298257  -1.699482 
    50200.0000  -1.997026   0.298333  -1.698693 
    50300.0000  -1.998886   0.293989  -1.704897 
    50400.0000  -2.004019   0.308019  -1.696000 
    50500.0000  -1.995739   0.296580  -1.699159 
    50600.0000  -1.989665   0.305452  -1.684213 
    50700.0000  -1.999189   0.299050  -1.700139 
    50800.0000  -2.000773   0.297242  -1.703531 
    50900.0000  -2.000631   0.299935  -1.700697 
    51000.0000  -1.996756   0.301497  -1.695259 
    51100.0000  -1.991382   0.292561  -1.698822 
    51200.0000  -2.000191   0.301700  -1.698491 
    51300.0000  -2.005324   0.303472  -1.701852 
    51400.0000  -1.994492   0.297687  -1.696805 
    51500.0000  -1.997436   0.295212  -1.702225 
    51600.0000  -1.989387   0.299570  -1.689817 
    51700.0000  -1.999185   0.297690  -1.701495 
    51800.0000  -1.996739   0.306373  -1.690365 
    51900.0000  -1.994907   0.299036  -1.695871 
    52000.0000  -2.001323   0.302935  -1.698388 
    52100.0000  -2.004285   0.296025  -1.708261 
    52200.0000  -1.998587   0.302024  -1.696563 
    52300.0000  -1.995209   0.297601  -1.697608 
    52400.0000  -1.996337   0.298576  -1.697762 
    52500.0000  -1.999747   0.300371  -1.699376 
    52600.0000  -2.002369   0.299447  -1.702922 
    52700.0000  -1.998761   0.300624  -1.698138 
    52800.0000  -2.000416   0.297053  -1.703363 
    52900.0000  -1.998185   0.292165  -1.706019 
    53000.0000  -1.997414   0.301643  -1.695771 
    53100.0000  -1.994829   0.297627  -1.697203 
    53200.0000  -2.000480   0.299742  -1.700738 
    53300.0000  -1.996713   0.296460  -1.700254 
    53400.0000  -2.001747   0.293158  -1.708589 
    53500.0000  -2.005119   0.303495  -1.701624 
    53600.0000  -2.002471   0.308955  -1.693515 
    53700.0000  -2.004300   0.299246  -1.705054 
    53800.0000  -1.999544   0.299366  -1.700178 
    53900.0000  -1.995991   0.301458  -1.694534 
    54000.0000  -1.997402   0.304150  -1.693252 
    54100.0000  -1.995675   0.296089  -1.699586 
    54200.0000  -2.003113   0.302121  -1.700991 
    54300.0000  -2.004657   0.300055  -1.704602 
    54400.0000  -2.003684   0.293379  -1.710305 
    54500.0000  -2.006029   0.291645  -1.714384 
    54600.0000  -2.003899   0.299726  -1.704173 
    54700.0000  -1.999862   0.303501  -1.696361 
    54800.0000  -2.002032   0.297474  -1.704558 
    54900.0000  -1.998245   0.300741  -1.697504 
    55000.0000  -2.003817   0.301098  -1.702720 
    55100.0000  -2.006163   0.300823  -1.705340 
    55200.0000  -2.000730   0.298263  -1.702467 
    55300.0000  -2.005697   0.299021  -1.706675 
    55400.0000  -2.002872   0.302296  -1.700576 
    55500.0000  -2.001840   0.302644  -1.699196 
    55600.0000  -2.000322   0.298006  -1.702316 
    55700.0000  -2.005425   0.300377  -1.705047 
    55800.0000  -2.002441   0.299536  -1.702906 
    55900.0000  -2.004768   0.303937  -1.700831 
    56000.0000  -2.000655   0.296583  -1.704072 
    56100.0000  -1.996898   0.295947  -1.700951 
    56200.0000  -1.996030   0.302991  -1.693038 
    56300.0000  -1.995423   0.298372  -1.697052 
    56400.0000  -1.998798   0.298990  -1.699808 
    56500.0000  -2.002400   0.303962  -1.698439 
    56600.0000  -2.000092   0.293444  -1.706648 
    56700.0000  -1.997662   0.306489  -1.691173 
    56800.0000  -1.993294   0.296257  -1.697036 
    56900.0000  -2.000759   0.300829  -1.699930 
    57000.0000  -2.001879   0.300078  -1.701801 
    57100.0000  -2.000563   0.292411  -1.708152 
    57200.0000  -2.000031   0.304505  -1.695526 
    57300.0000  -1.996122   0.301827  -1.694295 
    57400.0000  -1.995522   0.295932  -1.699590 
    57500.0000  -2.001461   0.300915  -1.700546 
    57600.0000  -2.001016   0.296746  -1.704270 
    57700.0000  -2.000924   0.302997  -1.697927 
    57800.0000  -1.996770   0.306225  -1.690545 
    57900.0000  -1.999900   0.297346  -1.702553 
    58000.0000  -1.998159   0.297332  -1.700827 
    58100.0000  -1.999097   0.297428  -1.701669 
    58200.0000  -2.004199   0.302791  -1.701408 
    58300.0000  -1.996621   0.297134  -1.699487 
    58400.0000  -1.998571   0.299808  -1.698762 
    58500.0000  -2.003556   0.301153  -1.702402 
    58600.0000  -2.003142   0.302961  -1.700181 
    58700.0000  -2.001363   0.302918  -1.698446 
    58800.0000  -1.994194   0.293182  -1.701012 
    58900.0000  -2.000700   0.300508  -1.700192 
    59000.0000  -2.000973   0.301838  -1.699135 
    59100.0000  -2.004454   0.299937  -1.704517 
    59200.0000  -2.004757   0.304927  -1.699830 
    59300.0000  -2.004342   0.312108  -1.692234 
    59400.0000  -2.008367   0.294668  -1.713699 
    59500.0000  -2.008783   0.297437  -1.711346 
    59600.0000  -2.002991   0.297260  -1.705731 
    59700.0000  -2.000540   0.302958  -1.697582 
    59800.0000  -2.008392   0.302599  -1.705793 
    59900.0000  -2.008089   0.302487  -1.705602 
    60000.0000  -2.009133   0.289880  -1.719253 
    60100.0000  -2.010344   0.301131  -1.709213 
    60200.0000  -2.015236   0.297797  -1.717439 
    60300.0000  -2.007908   0.295780  -1.712129 
    60400.0000  -2.010170   0.290540  -1.719629 
    60500.0000  -2.012658   0.290616  -1.722041 
    60600.0000  -2.009243   0.295825  -1.713418 
    60700.0000  -2.011600   0.300574  -1.711026 
    60800.0000  -2.011546   0.289331  -1.722215 
    60900.0000  -2.012234   0.295650  -1.716584 
    61000.0000  -2.008486   0.296652  -1.711834 
    61100.0000  -2.019691   0.305626  -1.714065 
    61200.0000  -2.011578   0.295268  -1.716310 
    61300.0000  -2.007665   0.303829  -1.703836 
    61400.0000  -2.003915   0.296478  -1.707437 
    61500.0000  -2.006710   0.298621  -1.708089 
    61600.0000  -2.012423   0.297236  -1.715187 
    61700.0000  -2.008565   0.293179  -1.715386 
    61800.0000  -2.012456   0.302679  -1.709776 
    61900.0000  -2.010304   0.305724  -1.704580 
    62000.0000  -2.010267   0.307638  -1.702629 
    62100.0000  -2.015638   0.305528  -1.710109 
    62200.0000  -2.011667   0.300296  -1.711372 
    62300.0000  -2.009476   0.295339  -1.714137 
    62400.0000  -2.018417   0.295786  -1.722631 
    62500.0000  -2.014403   0.296617  -1.717786 
    62600.0000  -2.017393   0.301788  -1.715605 
    62700.0000  -2.018613   0.301902  -1.716711 
    62800.0000  -2.018039   0.298662  -1.719377 
    62900.0000  -2.012144   0.298409  -1.713735 
    63000.0000  -2.013291   0.299835  -1.713456 
    63100.0000  -2.010978   0.298034  -1.712944 
    63200.0000  -2.015492   0.307224  -1.708268 
    63300.0000  -2.022931   0.300439  -1.722493 
    63400.0000  -2.020365   0.296379  -1.723986 
    63500.0000  -2.019678   0.296609  -1.723069 
    63600.0000  -2.021878   0.305393  -1.716485 
    63700.0000  -2.016612   0.302186  -1.714426 
    63800.0000  -2.019431   0.304800  -1.714630 
    63900.0000  -2.017901   0.300275  -1.717627 
    64000.0000  -2.023985   0.298447  -1.725538 
    64100.0000  -2.017190   0.303497  -1.713692 
    64200.0000  -2.010378   0.297444  -1.712934 
    64300.0000  -2.014953   0.300018  -1.714935 
    64400.0000  -2.012363   0.306321  -1.706042 
    64500.0000  -2.013145   0.295425  -1.717720 
    64600.0000  -2.011835   0.293928  -1.717908 
    64700.0000  -2.018785   0.302546  -1.716239 
    64800.0000  -2.018708   0.292137  -1.726571 
    64900.0000  -2.012555   0.295990  -1.716565 
    65000.0000  -2.015688   0.296622  -1.719065 
    65100.0000  -2.009118   0.297853  -1.711265 
    65200.0000  -2.007204   0.294177  -1.713026 
    65300.0000  -2.007145   0.304614  -1.702531 
    65400.0000  -2.008342   0.304976  -1.703365 
    65500.0000  -2.009021   0.298248  -1.710774 
    65600.0000  -2.006185   0.296994  -1.709191 
    65700.0000  -2.011580   0.304583  -1.706998 
    65800.0000  -2.009733   0.298172  -1.711561 
    65900.0000  -2.012718   0.300489  -1.712229 
    66000.0000  -2.020011   0.296611  -1.723400 
    66100.0000  -2.013215   0.297370  -1.715846 
    66200.0000  -2.016414   0.303630  -1.712783 
    66300.0000  -2.016209   0.304217  -1.711992 
    66400.0000  -2.016275   0.304398  -1.711877 
    66500.0000  -2.019892   0.306722  -1.713170 
    66600.0000  -2.021637   0.304059  -1.717578 
    66700.0000  -2.016425   0.304977  -1.711449 
    66800.0000  -2.024802   0.299343  -1.725460 
    66900.0000  -2.021031   0.298599  -1.722432 
    67000.0000  -2.018932   0.302406  -1.716527 
    67100.0000  -2.019792   0.298465  -1.721327 
    67200.0000  -2.023076   0.302342  -1.720734 
    67300.0000  -2.019524   0.301911  -1.717613 
    67400.0000  -2.016465   0.300916  -1.715549 
    67500.0000  -2.022673   0.299575  -1.723098 
    67600.0000  -2.021937   0.307737  -1.714200 
    67700.0000  -2.018302   0.298784  -1.719517 
    67800.0000  -2.018298   0.299075  -1.719223 
    67900.0000  -2.025109   0.300535  -1.724574 
    68000.0000  -2.017627   0.294871  -1.722756 
    68100.0000  -2.020772   0.299044  -1.721728 
    68200.0000  -2.022283   0.303204  -1.719080 
    68300.0000  -2.019526   0.297469  -1.722057 
    68400.0000  -2.021407   0.295726  -1.725681 
    68500.0000  -2.027984   0.293481  -1.734503 
    68600.0000  -2.027693   0.300682  -1.727010 
    68700.0000  -2.026357   0.303413  -1.722944 
    68800.0000  -2.025719   0.301817  -1.723902 
    68900.0000  -2.022635   0.302704  -1.719931 
    69000.0000  -2.021395   0.299574  -1.721821 
    69100.0000  -2.016999   0.304845  -1.712154 
    69200.0000  -2.027706   0.302306  -1.725401 
    69300.0000  -2.022368   0.301955  -1.720414 
    69400.0000  -2.015064   0.302154  -1.712910 
    69500.0000  -2.016029   0.301988  -1.714041 
    69600.0000  -2.015984   0.298176  -1.717808 
    69700.0000  -2.021709   0.300671  -1.721038 
    69800.0000  -2.019370   0.305426  -1.713945 
    69900.0000  -2.024591   0.294507  -1.730084 
    70000.0000  -2.021034   0.302075  -1.718959 
    70100.0000  -2.022604   0.300372  -1.722232 
    70200.0000  -2.024411   0.303461  -1.720950 
    70300.0000  -2.016797   0.301128  -1.715669 
    70400.0000  -2.021213   0.297923  -1.723290 
    70500.0000  -2.022100   0.298615  -1.723485 
    70600.0000  -2.015040   0.300802  -1.714239 
    70700.0000  -2.021387   0.299009  -1.722378 
    70800.0000  -2.017065   0.299332  -1.717734 
    70900.0000  -2.023217   0.296745  -1.726473 
    71000.0000  -2.023040   0.296549  -1.726490 
    71100.0000  -2.012365   0.305061  -1.707304 
    71200.0000  -2.025215   0.307915  -1.717300 
    71300.0000  -2.022409   0.308747  -1.713661 
    71400.0000  -2.016851   0.298428  -1.718422 
    71500.0000  -2.020384   0.297213  -1.723171 
    71600.0000  -2.027298   0.304148  -1.723150 
    71700.0000  -2.025477   0.297703  -1.727774 
    71800.0000  -2.035162   0.301897  -1.733265 
    71900.0000  -2.024013   0.295238  -1.728774 
    72000.0000  -2.027219   0.301431  -1.725788 
    72100.0000  -2.027476   0.304182  -1.723294 
    72200.0000  -2.030784   0.308142  -1.722641 
    72300.0000  -2.023655   0.303410  -1.720245 
    72400.0000  -2.027081   0.303841  -1.723240 
    72500.0000  -2.029932   0.304604  -1.725328 
    72600.0000  -2.026712   0.300274  -1.726438 
    72700.0000  -2.019082   0.295057  -1.724025 
    72800.0000  -2.022303   0.300755  -1.721548 
    72900.0000  -2.026432   0.299775  -1.726657 
    73000.0000  -2.022289   0.298059  -1.724230 
    73100.0000  -2.026187   0.301536  -1.724651 
    73200.0000  -2.032078   0.301397  -1.730681 
    73300.0000  -2.032158   0.297754  -1.734405 
    73400.0000  -2.026830   0.299886  -1.726944 
    73500.0000  -2.028200   0.301436  -1.726764 
    73600.0000  -2.031335   0.299581  -1.731754 
    73700.0000  -2.028061   0.301592  -1.726469 
    73800.0000  -2.025088   0.296114  -1.728974 
    73900.0000  -2.026732   0.301940  -1.724793 
    74000.0000  -2.025435   0.304723  -1.720712 
    74100.0000  -2.022978   0.296734  -1.726244 
    74200.0000  -2.031384   0.297834  -1.733550 
    74300.0000  -2.029283   0.300077  -1.729207 
    74400.0000  -2.021671   0.301191  -1.720480 
    74500.0000  -2.030155   0.301638  -1.728517 
    74600.0000  -2.024968   0.295115  -1.729853 
    74700.0000  -2.034630   0.305722  -1.728908 
    74800.0000  -2.026681   0.300919  -1.725762 
    74900.0000  -2.030225   0.296398  -1.733828 
    75000.0000  -2.031744   0.296194  -1.735551 
    75100.0000  -2.028640   0.296587  -1.732053 
    75200.0000  -2.026193   0.306109  -1.720085 
    75300.0000  -2.028733   0.300506  -1.728228 
    75400.0000  -2.032957   0.303515  -1.729442 
    75500.0000  -2.036262   0.303046  -1.733217 
    75600.0000  -2.035829   0.306242  -1.729587 
    75700.0000  -2.034628   0.306167  -1.728460 
    75800.0000  -2.036399   0.305010  -1.731390 
    75900.0000  -2.036280   0.303205  -1.733075 
    76000.0000  -2.033928   0.305763  -1.728165 
    76100.0000  -2.041820   0.292395  -1.749425 
    76200.0000  -2.034792   0.296928  -1.737863 
    76300.0000  -2.024190   0.296362  -1.727827 
    76400.0000  -2.030798   0.296310  -1.734487 
    76500.0000  -2.034610   0.303737  -1.730873 
    76600.0000  -2.029364   0.296775  -1.732589 
    76700.0000  -2.028955   0.300798  -1.728157 
    76800.0000  -2.020241   0.301245  -1.718996 
    76900.0000  -2.026374   0.298736  -1.727638 
    77000.0000  -2.029977   0.308776  -1.721201 
    77100.0000  -2.020373   0.296131  -1.724242 
    77200.0000  -2.018788   0.295860  -1.722928 
    77300.0000  -2.020464   0.297295  -1.723169 
    77400.0000  -2.029142   0.300167  -1.728975 
    77500.0000  -2.029204   0.298150  -1.731053 
    77600.0000  -2.029836   0.304982  -1.724854 
    77700.0000  -2.031489   0.299125  -1.732364 
    77800.0000  -2.033678   0.303210  -1.730468 
    77900.0000  -2.028770   0.304022  -1.724748 
    78000.0000  -2.027927   0.297653  -1.730274 
    78100.0000  -2.027204   0.294016  -1.733188 
    78200.0000  -2.030124   0.300834  -1.729291 
    78300.0000  -2.029898   0.293982  -1.735916 
    78400.0000  -2.037090   0.299733  -1.737357 
    78500.0000  -2.034872   0.300412  -1.734460 
    78600.0000  -2.037016   0.307321  -1.729695 
    78700.0000  -2.029547   0.304944  -1.724603 
    78800.0000  -2.036313   0.299880  -1.736434 
    78900.0000  -2.031998   0.297507  -1.734491 
    79000.0000  -2.032971   0.298015  -1.734957 
    79100.0000  -2.029988   0.304660  -1.725328 
    79200.0000  -2.024952   0.303320  -1.721632 
    79300.0000  -2.032740   0.300179  -1.732561 
    79400.0000  -2.029955   0.298192  -1.731764 
    79500.0000  -2.020629   0.299143  -1.721485 
    79600.0000  -2.027851   0.300892  -1.726960 
    79700.0000  -2.029172   0.296604  -1.732569 
    79800.0000  -2.033265   0.299725  -1.733540 
    79900.0000  -2.036638   0.298820  -1.737818 
    80000.0000  -2.025116   0.299640  -1.725476 
    80100.0000  -2.030129   0.303444  -1.726685 
    80200.0000  -2.028614   0.298872  -1.729742 
    80300.0000  -2.027891   0.301518  -1.726373 
    80400.0000  -2.031058   0.297251  -1.733807 
    80500.0000  -2.032083   0.297045  -1.735038 
    80600.0000  -2.026333   0.299044  -1.727290 
    80700.0000  -2.032202   0.303008  -1.729194 
    80800.0000  -2.028975   0.303540  -1.725435 
    80900.0000  -2.026907   0.302712  -1.724194 
    81000.0000  -2.026690   0.301116  -1.725574 
    81100.0000  -2.032532   0.304093  -1.728438 
    81200.0000  -2.034742   0.305225  -1.729517 
    81300.0000  -2.031886   0.304326  -1.727560 
    81400.0000  -2.028494   0.300144  -1.728350 
    81500.0000  -2.037033   0.296252  -1.740780 
    81600.0000  -2.032691   0.299851  -1.732840 
    81700.0000  -2.031888   0.301351  -1.730537 
    81800.0000  -2.039482   0.299230  -1.740252 
    81900.0000  -2.032471   0.300060  -1.732412 
    82000.0000  -2.033264   0.296390  -1.736874 
    82100.0000  -2.035539   0.302989  -1.732550 
    82200.0000  -2.035760   0.293531  -1.742229 
    82300.0000  -2.037647   0.297057  -1.740590 
    82400.0000  -2.034974   0.295766  -1.739208 
    82500.0000  -2.033768   0.299808  -1.733960 
    82600.0000  -2.030212   0.303317  -1.726895 
    82700.0000  -2.035253   0.294818  -1.740435 
    82800.0000  -2.031361   0.300822  -1.730538 
    82900.0000  -2.039389   0.298802  -1.740587 
    83000.0000  -2.036753   0.302290  -1.734463 
    83100.0000  -2.026880   0.302441  -1.724438 
    83200.0000  -2.036418   0.300113  -1.736305 
    83300.0000  -2.038464   0.302380  -1.736084 
    83400.0000  -2.037766   0.298430  -1.739336 
    83500.0000  -2.035872   0.298318  -1.737554 
    83600.0000  -2.036209   0.301381  -1.734828 
    83700.0000  -2.037320   0.298183  -1.739137 
    83800.0000  -2.038807   0.297450  -1.741357 
    83900.0000  -2.042713   0.306683  -1.736030 
    84000.0000  -2.046187   0.297657  -1.748530 
    84100.0000  -2.039900   0.301034  -1.738867 
    84200.0000  -2.045697   0.302519  -1.743178 
    84300.0000  -2.044717   0.303308  -1.741408 
    84400.0000  -2.041815   0.301288  -1.740527 
    84500.0000  -2.048468   0.301866  -1.746602 
    84600.0000  -2.050009   0.297887  -1.752122 
    84700.0000  -2.050804   0.297389  -1.753414 
    84800.0000  -2.053279   0.298887  -1.754392 
    84900.0000  -2.050465   0.290604  -1.759862 
    85000.0000  -2.047800   0.298314  -1.749486 
    85100.0000  -2.048957   0.298776  -1.750181 
    85200.0000  -2.045666   0.297070  -1.748596 
    85300.0000  -2.043685   0.299361  -1.744324 
    85400.0000  -2.045304   0.304277  -1.741027 
    85500.0000  -2.047120   0.304160  -1.742960 
    85600.0000  -2.050199   0.296545  -1.753654 
    85700.0000  -2.050549   0.306500  -1.744049 
    85800.0000  -2.051167   0.294074  -1.757092 
    85900.0000  -2.053784   0.297449  -1.756335 
    86000.0000  -2.046705   0.307952  -1.738753 
    86100.0000  -2.040979   0.298273  -1.742706 
    86200.0000  -2.041324   0.305441  -1.735883 
    86300.0000  -2.047873   0.301704  -1.746169 
    86400.0000  -2.046521   0.298223  -1.748298 
    86500.0000  -2.044046   0.301751  -1.742295 
    86600.0000  -2.042383   0.304831  -1.737552 
    86700.0000  -2.043481   0.307623  -1.735858 
    86800.0000  -2.044977   0.300566  -1.744411 
    86900.0000  -2.045283   0.301100  -1.744183 
    87000.0000  -2.048946   0.302699  -1.746247 
    87100.0000  -2.043487   0.302674  -1.740812 
    87200.0000  -2.050729   0.290892  -1.759837 
    87300.0000  -2.042931   0.297073  -1.745858 
    87400.0000  -2.033675   0.298838  -1.734837 
    87500.0000  -2.040612   0.302024  -1.738588 
    87600.0000  -2.048347   0.311301  -1.737046 
    87700.0000  -2.043497   0.295029  -1.748468 
    87800.0000  -2.046724   0.299773  -1.746951 
    87900.0000  -2.044398   0.297926  -1.746472 
    88000.0000  -2.043826   0.300392  -1.743434 
    88100.0000  -2.044446   0.301223  -1.743223 
    88200.0000  -2.034915   0.305772  -1.729143 
    88300.0000  -2.041264   0.306936  -1.734328 
    88400.0000  -2.046093   0.300469  -1.745624 
    88500.0000  -2.050205   0.296240  -1.753964 
    88600.0000  -2.040195   0.295057  -1.745138 
    88700.0000  -2.046142   0.301852  -1.744291 
    88800.0000  -2.037076   0.297282  -1.739793 
    88900.0000  -2.047533   0.308872  -1.738661 
    89000.0000  -2.046968   0.303448  -1.743521 
    89100.0000  -2.043391   0.291955  -1.751437 
    89200.0000  -2.039354   0.300979  -1.738375 
    89300.0000  -2.046534   0.303467  -1.743066 
    89400.0000  -2.039597   0.305068  -1.734528 
    89500.0000  -2.035900   0.302508  -1.733392 
    89600.0000  -2.041483   0.293097  -1.748386 
    89700.0000  -2.039447   0.295605  -1.743843 
    89800.0000  -2.035479   0.295828  -1.739651 
    89900.0000  -2.041234   0.296176  -1.745058 
    90000.0000  -2.042206   0.302573  -1.739633 
    90100.0000  -2.046211   0.304674  -1.741536 
    90200.0000  -2.041620   0.301722  -1.739898 
    90300.0000  -2.041644   0.306623  -1.735020 
    90400.0000  -2.048447   0.300066  -1.748381 
    90500.0000  -2.043091   0.299970  -1.743121 
    90600.0000  -2.040183   0.300106  -1.740077 
    90700.0000  -2.047260   0.297450  -1.749811 
    90800.0000  -2.043394   0.303070  -1.740324 
    90900.0000  -2.041143   0.302230  -1.738913 
    91000.0000  -2.040232   0.297861  -1.742371 
    91100.0000  -2.038789   0.301266  -1.737523 
    91200.0000  -2.033764   0.296260  -1.737504 
    91300.0000  -2.031874   0.300354  -1.731520 
    91400.0000  -2.035120   0.300242  -1.734878 
    91500.0000  -2.043794   0.296302  -1.747492 
    91600.0000  -2.045942   0.301081  -1.744860 
    91700.0000  -2.039138   0.300387  -1.738751 
    91800.0000  -2.047537   0.303088  -1.744448 
    91900.0000  -2.046559   0.300506  -1.746053 
    92000.0000  -2.040482   0.298202  -1.742280 
    92100.0000  -2.037715   0.297462  -1.740254 
    92200.0000  -2.041390   0.301749  -1.739641 
    92300.0000  -2.039194   0.300238  -1.738955 
    92400.0000  -2.038194   0.299110  -1.739084 
    92500.0000  -2.038497   0.302241  -1.736257 
    92600.0000  -2.036351   0.295410  -1.740941 
    92700.0000  -2.037997   0.299238  -1.738759 
    92800.0000  -2.040659   0.297474  -1.743185 
    92900.0000  -2.041775   0.299765  -1.742009 
    93000.0000  -2.034103   0.301439  -1.732664 
    93100.0000  -2.038830   0.301989  -1.736841 
    93200.0000  -2.036828   0.297815  -1.739014 
    93300.0000  -2.040324   0.304896  -1.735429 
    93400.0000  -2.047441   0.294573  -1.752867 
    93500.0000  -2.044870   0.293501  -1.751369 
    93600.0000  -2.045784   0.301730  -1.744054 
    93700.0000  -2.047694   0.300871  -1.746823 
    93800.0000  -2.050407   0.294392  -1.756015 
    93900.0000  -2.047794   0.299849  -1.747945 
    94000.0000  -2.042667   0.300759  -1.741908 
    94100.0000  -2.042209   0.302701  -1.739509 
    94200.0000  -2.045349   0.301809  -1.743540 
    94300.0000  -2.051079   0.304439  -1.746640 
    94400.0000  -2.052792   0.302821  -1.749971 
    94500.0000  -2.054411   0.300873  -1.753538 
    94600.0000  -2.053820   0.302006  -1.751814 
    94700.0000  -2.050878   0.301477  -1.749401 
    94800.0000  -2.046471   0.302086  -1.744385 
    94900.0000  -2.048552   0.296504  -1.752049 
    95000.0000  -2.051428   0.296700  -1.754727 
    95100.0000  -2.051367   0.310033  -1.741335 
    95200.0000  -2.049644   0.293425  -1.756219 
    95300.0000  -2.052054   0.303360  -1.748694 
    95400.0000  -2.051118   0.302361  -1.748757 
    95500.0000  -2.053617   0.298977  -1.754641 
    95600.0000  -2.047735   0.305844  -1.741891 
    95700.0000  -2.053805   0.296883  -1.756922 
    95800.0000  -2.051749   0.297018  -1.754730 
    95900.0000  -2.046018   0.301827  -1.744191 
    96000.0000  -2.054953   0.301539  -1.753414 
    96100.0000  -2.047966   0.298448  -1.749518 
    96200.0000  -2.054436   0.297853  -1.756582 
    96300.0000  -2.055078   0.293396  -1.761683 
    96400.0000  -2.051751   0.296829  -1.754923 
    96500.0000  -2.046426   0.301628  -1.744798 
    96600.0000  -2.053401   0.300562  -1.752839 
    96700.0000  -2.047361   0.296486  -1.750875 
    96800.0000  -2.050290   0.302107  -1.748183 
    96900.0000  -2.051913   0.299172  -1.752741 
    97000.0000  -2.051806   0.300071  -1.751735 
    97100.0000  -2.053734   0.300371  -1.753363 
    97200.0000  -2.058777   0.301959  -1.756817 
    97300.0000  -2.054924   0.292880  -1.762044 
    97400.0000  -2.059583   0.298385  -1.761198 
    97500.0000  -2.059255   0.303685  -1.755570 
    97600.0000  -2.058337   0.299794  -1.758543 
    97700.0000  -2.059574   0.302116  -1.757458 
    97800.0000  -2.065847   0.294511  -1.771336 
    97900.0000  -2.058122   0.303770  -1.754352 
    98000.0000  -2.059372   0.296018  -1.763354 
    98100.0000  -2.060960   0.305730  -1.755229 
    98200.0000  -2.054886   0.296609  -1.758277 
    98300.0000  -2.061631   0.299016  -1.762616 
    98400.0000  -2.056407   0.300873  -1.755534 
    98500.0000  -2.058404   0.293451  -1.764952 
    98600.0000  -2.053075   0.296758  -1.756317 
    98700.0000  -2.057912   0.298027  -1.759885 
    98800.0000  -2.059529   0.301029  -1.758500 
    98900.0000  -2.049748   0.309094  -1.740654 
    99000.0000  -2.057891   0.296981  -1.760910 
    99100.0000  -2.058336   0.300417  -1.757919 
    99200.0000  -2.058301   0.294331  -1.763970 
    99300.0000  -2.058431   0.301431  -1.757000 
    99400.0000  -2.057398   0.299868  -1.757531 
    99500.0000  -2.063852   0.299506  -1.764345 
    99600.0000  -2.054557   0.304582  -1.749975 
    99700.0000  -2.058979   0.296955  -1.762024 
    99800.0000  -2.058412   0.297419  -1.760993 
    99900.0000  -2.061956   0.296750  -1.765206 
   100000.0000  -2.058288   0.296745  -1.761543 
   100100.0000  -2.063909   0.300301  -1.763608 
   100200.0000  -2.056639   0.294070  -1.762569 
   100300.0000  -2.059716   0.298512  -1.761204 
   100400.0000  -2.052562   0.304353  -1.748209 
   100500.0000  -2.059709   0.302575  -1.757134 
   100600.0000  -2.058067   0.298955  -1.759112 
   100700.0000  -2.052688   0.301748  -1.750940 
   100800.0000  -2.051739   0.293594  -1.758146 
   100900.0000  -2.050906   0.304615  -1.746291 
   101000.0000  -2.053679   0.297697  -1.755981 
   101100.0000  -2.047813   0.303300  -1.744513 
   101200.0000  -2.049697   0.294826  -1.754871 
   101300.0000  -2.045603   0.304222  -1.741381 
   101400.0000  -2.053359   0.302479  -1.750881 
   101500.0000  -2.049144   0.292785  -1.756358 
   101600.0000  -2.051939   0.302281  -1.749658 
   101700.0000  -2.049527   0.296549  -1.752977 
   101800.0000  -2.047034   0.312292  -1.734743 
   101900.0000  -2.047813   0.300076  -1.747736 
   102000.0000  -2.050614   0.300353  -1.750262 
   102100.0000  -2.047550   0.301887  -1.745663 
   102200.0000  -2.051148   0.295274  -1.755875 
   102300.0000  -2.047949   0.293668  -1.754281 
   102400.0000  -2.053562   0.297232  -1.756330 
   102500.0000  -2.058997   0.295469  -1.763528 
   102600.0000  -2.054168   0.301887  -1.752281 
   102700.0000  -2.056539   0.296436  -1.760103 
   102800.0000  -2.055295   0.298534  -1.756761 
   102900.0000  -2.060492   0.299996  -1.760495 
   103000.0000  -2.056359   0.301335  -1.755024 
   103100.0000  -2.055037   0.300857  -1.754180 
   103200.0000  -2.059515   0.301287  -1.758229 
   103300.0000  -2.054954   0.299824  -1.755130 
   103400.0000  -2.050869   0.310595  -1.740274 
   103500.0000  -2.062394   0.303177  -1.759217 
   103600.0000  -2.060575   0.302335  -1.758240 
   103700.0000  -2.055826   0.298757  -1.757069 
   103800.0000  -2.055636   0.301790  -1.753846 
   103900.0000  -2.058494   0.294811  -1.763683 
   104000.0000  -2.061104   0.301204  -1.759900 
   104100.0000  -2.062883   0.304253  -1.758631 
   104200.0000  -2.061268   0.293566  -1.767702 
   104300.0000  -2.061371   0.293901  -1.767470 
   104400.0000  -2.063207   0.302438  -1.760769 
   104500.0000  -2.060262   0.300056  -1.760206 
   104600.0000  -2.064315   0.304182  -1.760133 
   104700.0000  -2.063975   0.301887  -1.762088 
   104800.0000  -2.061660   0.296956  -1.764704 
   104900.0000  -2.064926   0.302112  -1.762814 
   105000.0000  -2.068803   0.300986  -1.767817 
   105100.0000  -2.070023   0.298257  -1.771766 
   105200.0000  -2.064558   0.309713  -1.754845 
   105300.0000  -2.059415   0.297949  -1.761466 
   105400.0000  -2.054852   0.298826  -1.756026 
   105500.0000  -2.062074   0.301616  -1.760457 
   105600.0000  -2.063856   0.300294  -1.763562 
   105700.0000  -2.056348   0.300596  -1.755752 
   105800.0000  -2.060476   0.299305  -1.761171 
   105900.0000  -2.061624   0.302327  -1.759297 
   106000.0000  -2.060551   0.300662  -1.759889 
   106100.0000  -2.063297   0.308319  -1.754978 
   106200.0000  -2.061407   0.296501  -1.764907 
